 #  Results from PENEPMA.
 #  Energy distribution of upbound photons.
 #  1st column: E (eV).
 #  2nd and 3rd columns: probability density and STU (1/(eV*particle)).

   7.500001E+00  1.000000E-35  1.000000E-35
   2.250000E+01  1.000000E-35  1.000000E-35
   3.750000E+01  1.000000E-35  1.000000E-35
   5.250001E+01  1.000000E-35  1.000000E-35
   6.750001E+01  1.000000E-35  1.000000E-35
   8.250001E+01  1.000000E-35  1.000000E-35
   9.750001E+01  2.326748E-08  1.033017E-09
   1.125000E+02  4.141066E-08  5.454010E-09
   1.275000E+02  4.070423E-08  7.586938E-09
   1.425000E+02  4.665393E-08  1.188966E-08
   1.575000E+02  4.822245E-08  1.301086E-08
   1.725000E+02  4.416744E-08  7.597249E-09
   1.875000E+02  4.646271E-08  7.604275E-09
   2.025000E+02  4.848434E-08  5.483661E-09
   2.175000E+02  5.222235E-08  1.548668E-09
   2.325000E+02  6.116807E-08  9.291915E-09
   2.475000E+02  6.462678E-08  7.658623E-09
   2.625000E+02  1.192744E-06  1.335772E-07
   2.775000E+02  7.585428E-08  7.692673E-09
   2.925000E+02  1.005083E-07  2.310076E-08
   3.075000E+02  5.171396E-08  5.497147E-09
   3.225000E+02  5.528947E-08  1.593282E-09
   3.375000E+02  5.933665E-08  1.651401E-09
   3.525000E+02  6.305376E-08  1.701086E-09
   3.675000E+02  2.109191E-07  4.759149E-08
   3.825000E+02  7.160456E-08  5.579371E-09
   3.975000E+02  7.215865E-08  1.817859E-09
   4.125000E+02  7.449962E-08  1.846533E-09
   4.275000E+02  7.965888E-08  1.912685E-09
   4.425000E+02  8.255843E-08  1.944242E-09
   4.575000E+02  8.808781E-08  5.646110E-09
   4.725000E+02  9.138345E-08  5.659991E-09
   4.875000E+02  9.366914E-08  2.071409E-09
   5.025001E+02  9.626401E-08  2.101223E-09
   5.175001E+02  2.506790E-05  6.288613E-07
   5.325001E+02  9.568511E-08  2.093478E-09
   5.475001E+02  3.975581E-08  1.349935E-09
   5.625001E+02  4.126398E-08  1.374365E-09
   5.775001E+02  4.115734E-08  1.373787E-09
   5.925001E+02  4.446255E-08  5.466426E-09
   6.075001E+02  4.638712E-08  5.474228E-09
   6.225001E+02  4.623536E-08  1.455799E-09
   6.375001E+02  4.836305E-08  1.487445E-09
   6.525001E+02  5.033840E-08  1.518593E-09
   6.675001E+02  5.373501E-08  5.504744E-09
   6.825001E+02  5.350201E-08  1.564735E-09
   6.975001E+02  5.595977E-08  1.600740E-09
   7.125001E+02  5.970169E-08  5.529324E-09
   7.275001E+02  5.864096E-08  1.638739E-09
   7.425001E+02  5.990539E-08  1.657067E-09
   7.575001E+02  6.269322E-08  1.695471E-09
   7.725001E+02  6.288619E-08  1.698450E-09
   7.875001E+02  6.520684E-08  1.725937E-09
   8.025001E+02  6.708063E-08  1.753319E-09
   8.175001E+02  6.743609E-08  1.757095E-09
   8.325001E+02  6.960441E-08  1.786540E-09
   8.475001E+02  7.203678E-08  1.816730E-09
   8.625001E+02  7.341800E-08  1.832524E-09
   8.775001E+02  7.724624E-08  5.601824E-09
   8.925001E+02  7.587068E-08  1.862941E-09
   9.075001E+02  7.864270E-08  5.607270E-09
   9.225001E+02  7.776986E-08  1.887119E-09
   9.375001E+02  7.886671E-08  1.902361E-09
   9.525001E+02  8.070496E-08  1.920250E-09
   9.675001E+02  8.135494E-08  1.929780E-09
   9.825001E+02  8.212172E-08  1.938821E-09
   9.975001E+02  8.319318E-08  1.953119E-09
   1.012500E+03  8.433066E-08  1.963934E-09
   1.027500E+03  8.504666E-08  1.973882E-09
   1.042500E+03  8.683412E-08  1.994259E-09
   1.057500E+03  8.750950E-08  2.000003E-09
   1.072500E+03  8.651929E-08  1.989540E-09
   1.087500E+03  8.963211E-08  2.024979E-09
   1.102500E+03  8.896689E-08  2.016547E-09
   1.117500E+03  9.040397E-08  2.033298E-09
   1.132500E+03  9.062740E-08  2.036563E-09
   1.147500E+03  9.012468E-08  2.030323E-09
   1.162500E+03  9.425761E-08  5.670975E-09
   1.177500E+03  9.437440E-08  5.670538E-09
   1.192500E+03  9.234885E-08  2.056706E-09
   1.207500E+03  9.346094E-08  2.067917E-09
   1.222500E+03  9.326290E-08  2.067225E-09
   1.237500E+03  9.517223E-08  2.085859E-09
   1.252500E+03  9.750246E-08  5.698114E-09
   1.267500E+03  9.502439E-08  5.673765E-09
   1.282500E+03  9.309532E-08  2.065741E-09
   1.297500E+03  9.366914E-08  2.073313E-09
   1.312500E+03  9.657826E-08  5.680359E-09
   1.327500E+03  9.434451E-08  2.078717E-09
   1.342500E+03  9.555816E-08  2.090563E-09
   1.357500E+03  9.467459E-08  2.081053E-09
   1.372500E+03  9.438006E-08  2.076868E-09
   1.387500E+03  9.536520E-08  2.088379E-09
   1.402500E+03  9.343555E-08  2.067753E-09
   1.417500E+03  9.421249E-08  2.077067E-09
   1.432500E+03  9.473552E-08  2.080261E-09
   1.447500E+03  9.383163E-08  2.071266E-09
   1.462500E+03  9.407030E-08  2.073964E-09
   1.477500E+03  9.342539E-08  2.065846E-09
   1.492500E+03  1.172567E-05  4.289193E-07
   1.507500E+03  9.418202E-08  2.076403E-09
   1.522500E+03  9.343555E-08  2.068090E-09
   1.537500E+03  9.281603E-08  2.061351E-09
   1.552500E+03  1.859471E-07  3.816414E-08
   1.567500E+03  8.529548E-08  1.974836E-09
   1.582500E+03  8.186274E-08  1.934494E-09
   1.597500E+03  8.248226E-08  1.940970E-09
   1.612500E+03  8.148697E-08  1.929516E-09
   1.627500E+03  8.102995E-08  1.925021E-09
   1.642500E+03  8.133971E-08  1.927556E-09
   1.657500E+03  8.121276E-08  1.927639E-09
   1.672500E+03  8.238578E-08  1.941167E-09
   1.687500E+03  8.105026E-08  1.924776E-09
   1.702500E+03  8.059832E-08  1.921055E-09
   1.717500E+03  8.003466E-08  1.913347E-09
   1.732500E+03  3.394800E-05  7.322367E-07
   1.747500E+03  8.093854E-08  1.925760E-09
   1.762500E+03  8.078113E-08  1.921989E-09
   1.777500E+03  8.027332E-08  1.916879E-09
   1.792500E+03  8.045613E-08  1.921080E-09
   1.807500E+03  7.992802E-08  1.910756E-09
   1.822500E+03  7.914093E-08  1.901825E-09
   1.837500E+03  7.254859E-07  1.012468E-07
   1.852500E+03  5.854956E-08  1.635067E-09
   1.867500E+03  5.798082E-08  1.628040E-09
   1.882500E+03  5.783356E-08  1.625709E-09
   1.897500E+03  5.851401E-08  1.637129E-09
   1.912500E+03  5.735115E-08  1.618986E-09
   1.927500E+03  5.748317E-08  1.621688E-09
   1.942500E+03  5.908783E-08  1.644044E-09
   1.957500E+03  5.746286E-08  1.620116E-09
   1.972500E+03  5.731560E-08  1.618920E-09
   1.987500E+03  5.756442E-08  1.623535E-09
   2.002500E+03  5.880346E-08  1.638006E-09
   2.017500E+03  5.803160E-08  1.630170E-09
   2.032500E+03  5.756950E-08  1.623320E-09
   2.047500E+03  5.768122E-08  1.624018E-09
   2.062500E+03  5.721404E-08  1.616209E-09
   2.077500E+03  5.677225E-08  1.612033E-09
   2.092500E+03  5.715310E-08  1.616649E-09
   2.107500E+03  5.656405E-08  1.606368E-09
   2.122500E+03  5.869174E-08  1.637173E-09
   2.137500E+03  5.718357E-08  1.618796E-09
   2.152500E+03  5.644726E-08  1.605879E-09
   2.167500E+03  5.731560E-08  1.618059E-09
   2.182500E+03  5.731052E-08  1.618562E-09
   2.197500E+03  5.661483E-08  1.608958E-09
   2.212500E+03  5.664530E-08  1.609531E-09
   2.227500E+03  5.583282E-08  1.596913E-09
   2.242500E+03  5.629492E-08  1.604890E-09
   2.257500E+03  5.676210E-08  1.610450E-09
   2.272500E+03  5.610703E-08  1.601081E-09
   2.287500E+03  5.669608E-08  1.610676E-09
   2.302500E+03  5.664530E-08  1.610396E-09
   2.317500E+03  5.669100E-08  1.609452E-09
   2.332500E+03  5.607149E-08  1.599999E-09
   2.347500E+03  5.541642E-08  1.591296E-09
   2.362500E+03  5.588360E-08  1.598648E-09
   2.377500E+03  5.548244E-08  1.592671E-09
   2.392500E+03  5.532502E-08  1.589120E-09
   2.407500E+03  5.509143E-08  1.587401E-09
   2.422500E+03  5.526408E-08  1.588983E-09
   2.437500E+03  5.538595E-08  1.591301E-09
   2.452500E+03  5.364927E-08  1.565529E-09
   2.467500E+03  5.432465E-08  1.575553E-09
   2.482500E+03  5.400473E-08  1.571101E-09
   2.497500E+03  5.530470E-08  1.591312E-09
   2.512500E+03  5.391333E-08  1.569932E-09
   2.527500E+03  5.410121E-08  1.573375E-09
   2.542500E+03  5.397934E-08  1.571031E-09
   2.557500E+03  5.393364E-08  1.570668E-09
   2.572500E+03  5.425863E-08  1.574163E-09
   2.587500E+03  5.264890E-08  1.550854E-09
   2.602500E+03  5.262351E-08  1.550483E-09
   2.617500E+03  5.304499E-08  1.556771E-09
   2.632500E+03  5.293835E-08  1.555668E-09
   2.647500E+03  5.212079E-08  1.543279E-09
   2.662500E+03  5.269460E-08  1.551670E-09
   2.677500E+03  5.229344E-08  1.545958E-09
   2.692500E+03  5.087159E-08  1.524848E-09
   2.707500E+03  5.102901E-08  1.526727E-09
   2.722500E+03  5.294850E-08  1.555667E-09
   2.737500E+03  5.126260E-08  1.532611E-09
   2.752500E+03  5.163330E-08  1.535508E-09
   2.767500E+03  5.149619E-08  1.534091E-09
   2.782500E+03  5.195829E-08  1.540140E-09
   2.797500E+03  5.165869E-08  1.535580E-09
   2.812500E+03  5.142002E-08  1.532816E-09
   2.827500E+03  5.060754E-08  1.520617E-09
   2.842500E+03  4.919585E-08  1.499297E-09
   2.857500E+03  4.963764E-08  1.505800E-09
   2.872500E+03  5.065832E-08  1.521373E-09
   2.887500E+03  4.894702E-08  1.495379E-09
   2.902500E+03  4.942944E-08  1.502511E-09
   2.917500E+03  4.895210E-08  1.496076E-09
   2.932500E+03  5.007942E-08  1.512581E-09
   2.947500E+03  4.910444E-08  1.498071E-09
   2.962500E+03  4.842399E-08  1.487281E-09
   2.977500E+03  4.850524E-08  1.489297E-09
   2.992500E+03  4.853571E-08  1.489449E-09
   3.007500E+03  4.790603E-08  1.480000E-09
   3.022500E+03  4.803298E-08  1.481628E-09
   3.037500E+03  4.755057E-08  1.474078E-09
   3.052500E+03  4.775877E-08  1.477588E-09
   3.067500E+03  4.609826E-08  1.451907E-09
   3.082500E+03  4.754549E-08  1.473370E-09
   3.097500E+03  4.707324E-08  1.467199E-09
   3.112500E+03  4.704785E-08  1.466174E-09
   3.127500E+03  4.719003E-08  1.469317E-09
   3.142500E+03  4.659590E-08  1.459334E-09
   3.157500E+03  4.581389E-08  1.446340E-09
   3.172500E+03  4.583928E-08  1.447219E-09
   3.187500E+03  4.622521E-08  1.454365E-09
   3.202500E+03  4.583928E-08  1.447539E-09
   3.217500E+03  4.564123E-08  1.443954E-09
   3.232500E+03  4.546350E-08  1.442289E-09
   3.247500E+03  4.437173E-08  1.425357E-09
   3.262500E+03  4.512835E-08  1.435721E-09
   3.277500E+03  4.441235E-08  1.425026E-09
   3.292500E+03  4.438189E-08  1.424216E-09
   3.307500E+03  9.849035E-06  3.930792E-07
   3.322500E+03  4.387408E-08  1.415948E-09
   3.337500E+03  4.352370E-08  1.409505E-09
   3.352500E+03  4.426509E-08  1.423009E-09
   3.367500E+03  4.422447E-08  1.422198E-09
   3.382500E+03  4.323933E-08  1.404098E-09
   3.397500E+03  4.378776E-08  1.414237E-09
   3.412500E+03  4.404674E-08  1.418709E-09
   3.427500E+03  4.252333E-08  1.394654E-09
   3.442500E+03  4.284832E-08  1.400259E-09
   3.457500E+03  4.245224E-08  1.393498E-09
   3.472500E+03  4.189366E-08  1.383374E-09
   3.487500E+03  4.148234E-08  1.377626E-09
   3.502500E+03  4.166515E-08  1.380296E-09
   3.517500E+03  4.177686E-08  1.382633E-09
   3.532500E+03  4.170577E-08  1.379618E-09
   3.547500E+03  4.127922E-08  1.373603E-09
   3.562500E+03  4.130968E-08  1.373937E-09
   3.577500E+03  4.109133E-08  1.369990E-09
   3.592500E+03  1.001548E-06  1.227928E-07
   3.607500E+03  4.017221E-08  1.355887E-09
   3.622500E+03  3.762812E-08  1.312452E-09
   3.637500E+03  3.700352E-08  1.301072E-09
   3.652500E+03  3.662775E-08  1.294501E-09
   3.667500E+03  3.712032E-08  1.302395E-09
   3.682500E+03  3.705938E-08  1.301512E-09
   3.697500E+03  3.662775E-08  1.293425E-09
   3.712500E+03  3.731836E-08  1.305842E-09
   3.727500E+03  3.730821E-08  1.306731E-09
   3.742500E+03  3.654142E-08  1.292627E-09
   3.757500E+03  3.624182E-08  1.287716E-09
   3.772500E+03  3.655158E-08  1.293344E-09
   3.787500E+03  3.679533E-08  1.297793E-09
   3.802500E+03  3.639924E-08  1.289049E-09
   3.817500E+03  3.568324E-08  1.277469E-09
   3.832500E+03  3.561215E-08  1.275477E-09
   3.847500E+03  3.575941E-08  1.278821E-09
   3.862500E+03  3.582542E-08  1.278723E-09
   3.877500E+03  3.491646E-08  1.263218E-09
   3.892500E+03  3.465748E-08  1.259292E-09
   3.907500E+03  3.513989E-08  1.267227E-09
   3.922500E+03  3.490122E-08  1.263862E-09
   3.937500E+03  3.480474E-08  1.261208E-09
   3.952500E+03  3.411921E-08  1.248805E-09
   3.967500E+03  3.418015E-08  1.249913E-09
   3.982500E+03  3.477935E-08  1.260567E-09
   3.997500E+03  3.328134E-08  1.233099E-09
   4.012500E+03  3.348954E-08  1.238802E-09
   4.027500E+03  3.370789E-08  1.241117E-09
   4.042500E+03  3.371805E-08  1.241302E-09
   4.057500E+03  3.283447E-08  1.225219E-09
   4.072500E+03  3.268721E-08  1.222676E-09
   4.087500E+03  3.254502E-08  1.218890E-09
   4.102500E+03  3.361141E-08  1.239537E-09
   4.117500E+03  3.316454E-08  1.231323E-09
   4.132500E+03  3.337274E-08  1.235345E-09
   4.147500E+03  3.237237E-08  1.217195E-09
   4.162500E+03  3.271260E-08  1.222958E-09
   4.177500E+03  3.227081E-08  1.213578E-09
   4.192500E+03  3.195597E-08  1.208439E-09
   4.207500E+03  3.213370E-08  1.211584E-09
   4.222500E+03  3.135169E-08  1.196831E-09
   4.237500E+03  3.118919E-08  1.193743E-09
   4.252500E+03  3.177316E-08  1.204805E-09
   4.267500E+03  3.224542E-08  1.214250E-09
   4.282500E+03  3.063061E-08  1.182867E-09
   4.297500E+03  3.070170E-08  1.184428E-09
   4.312500E+03  3.027007E-08  1.175724E-09
   4.327500E+03  3.080834E-08  1.187254E-09
   4.342500E+03  3.054936E-08  1.182091E-09
   4.357500E+03  3.008218E-08  1.172285E-09
   4.372500E+03  3.024976E-08  1.175528E-09
   4.387500E+03  3.098099E-08  1.189579E-09
   4.402500E+03  3.074233E-08  1.186186E-09
   4.417500E+03  3.036148E-08  1.178671E-09
   4.432500E+03  3.027007E-08  1.176118E-09
   4.447500E+03  3.000094E-08  1.170709E-09
   4.462500E+03  2.948806E-08  1.161110E-09
   4.477500E+03  3.017359E-08  1.174253E-09
   4.492500E+03  3.013296E-08  1.173862E-09
   4.507500E+03  2.978766E-08  1.167556E-09
   4.522500E+03  2.909705E-08  1.153431E-09
   4.537500E+03  2.897518E-08  1.150624E-09
   4.552500E+03  2.893963E-08  1.149921E-09
   4.567500E+03  2.883807E-08  1.147710E-09
   4.582500E+03  2.939157E-08  1.160020E-09
   4.597500E+03  2.842167E-08  1.140044E-09
   4.612500E+03  2.923416E-08  1.156330E-09
   4.627500E+03  2.787832E-08  1.129158E-09
   4.642500E+03  2.808652E-08  1.133342E-09
   4.657500E+03  2.741115E-08  1.119298E-09
   4.672500E+03  2.766505E-08  1.124443E-09
   4.687500E+03  2.776153E-08  1.125774E-09
   4.702500E+03  2.827441E-08  1.136900E-09
   4.717500E+03  2.749239E-08  1.121568E-09
   4.732500E+03  2.716232E-08  1.113815E-09
   4.747500E+03  2.774122E-08  1.125982E-09
   4.762500E+03  2.749747E-08  1.121257E-09
   4.777500E+03  2.707600E-08  1.112052E-09
   4.792500E+03  2.722834E-08  1.115162E-09
   4.807500E+03  2.690334E-08  1.108307E-09
   4.822500E+03  2.719279E-08  1.115270E-09
   4.837500E+03  2.639554E-08  1.099951E-09
   4.852500E+03  2.690842E-08  1.108620E-09
   4.867500E+03  2.647679E-08  1.100786E-09
   4.882500E+03  2.663929E-08  1.103927E-09
   4.897500E+03  2.698967E-08  1.110703E-09
   4.912500E+03  2.646663E-08  1.099732E-09
   4.927500E+03  2.613149E-08  1.092568E-09
   4.942500E+03  2.593852E-08  1.089183E-09
   4.957500E+03  2.580141E-08  1.085034E-09
   4.972500E+03  2.586235E-08  1.086738E-09
   4.987500E+03  2.648187E-08  1.100469E-09
   5.002501E+03  2.578110E-08  1.086105E-09
   5.017501E+03  2.541041E-08  1.077669E-09
   5.032501E+03  2.509557E-08  1.071220E-09
   5.047501E+03  2.537994E-08  1.077457E-09
   5.062501E+03  2.530377E-08  1.075416E-09
   5.077501E+03  2.501940E-08  1.069168E-09
   5.092501E+03  2.559322E-08  1.080876E-09
   5.107501E+03  2.441512E-08  1.056014E-09
   5.122501E+03  2.437449E-08  1.054918E-09
   5.137501E+03  2.450652E-08  1.058200E-09
   5.152501E+03  2.493307E-08  1.068416E-09
   5.167501E+03  2.463347E-08  1.061582E-09
   5.182501E+03  2.458777E-08  1.060383E-09
   5.197501E+03  2.421707E-08  1.051518E-09
   5.212501E+03  2.372450E-08  1.040807E-09
   5.227501E+03  2.346553E-08  1.036250E-09
   5.242501E+03  2.315577E-08  1.028524E-09
   5.257501E+03  2.345537E-08  1.035355E-09
   5.272501E+03  2.386161E-08  1.044688E-09
   5.287501E+03  2.350615E-08  1.036470E-09
   5.302501E+03  2.323701E-08  1.031221E-09
   5.317501E+03  2.378544E-08  1.043473E-09
   5.332501E+03  2.358740E-08  1.038923E-09
   5.347501E+03  2.323701E-08  1.030996E-09
   5.362501E+03  2.353662E-08  1.036468E-09
   5.377501E+03  2.287140E-08  1.023122E-09
   5.392501E+03  2.334873E-08  1.033234E-09
   5.407501E+03  2.305421E-08  1.026727E-09
   5.422501E+03  2.226711E-08  1.007982E-09
   5.437501E+03  2.183040E-08  9.990027E-10
   5.452501E+03  2.288663E-08  1.022553E-09
   5.467501E+03  2.217571E-08  1.007299E-09
   5.482501E+03  2.194720E-08  1.001660E-09
   5.497501E+03  2.208938E-08  1.004885E-09
   5.512501E+03  2.245500E-08  1.012902E-09
   5.527501E+03  2.248547E-08  1.014044E-09
   5.542501E+03  2.200813E-08  1.002349E-09
   5.557501E+03  2.184564E-08  9.993497E-10
   5.572501E+03  2.185072E-08  9.996975E-10
   5.587501E+03  2.133276E-08  9.880698E-10
   5.602501E+03  2.181009E-08  9.980749E-10
   5.617501E+03  2.150033E-08  9.914544E-10
   5.632501E+03  2.165267E-08  9.947121E-10
   5.647501E+03  2.133276E-08  9.878349E-10
   5.662501E+03  2.093667E-08  9.786656E-10
   5.677501E+03  2.094175E-08  9.787837E-10
   5.692501E+03  2.129213E-08  9.864280E-10
   5.707501E+03  2.121089E-08  9.845514E-10
   5.722501E+03  2.114487E-08  9.823155E-10
   5.737501E+03  2.053043E-08  9.684518E-10
   5.752501E+03  2.091636E-08  9.777185E-10
   5.767501E+03  2.053043E-08  9.684518E-10
   5.782501E+03  2.079449E-08  9.746388E-10
   5.797501E+03  2.046442E-08  9.673788E-10
   5.812501E+03  2.053551E-08  9.688108E-10
   5.827501E+03  2.053043E-08  9.682122E-10
   5.842501E+03  2.015466E-08  9.603032E-10
   5.857501E+03  2.055582E-08  9.695273E-10
   5.872501E+03  2.001755E-08  9.563195E-10
   5.887501E+03  2.045426E-08  9.678594E-10
   5.902501E+03  1.967732E-08  9.484298E-10
   5.917501E+03  1.973318E-08  9.500141E-10
   5.932501E+03  1.946912E-08  9.431724E-10
   5.947501E+03  1.907304E-08  9.343067E-10
   5.962501E+03  1.937772E-08  9.419492E-10
   5.977501E+03  1.928632E-08  9.389960E-10
   5.992501E+03  1.934725E-08  9.407192E-10
   6.007501E+03  1.911874E-08  9.341786E-10
   6.022501E+03  1.934725E-08  9.412124E-10
   6.037501E+03  1.908827E-08  9.339327E-10
   6.052501E+03  1.880898E-08  9.270981E-10
   6.067501E+03  1.897656E-08  9.307063E-10
   6.082501E+03  1.872266E-08  9.244733E-10
   6.097501E+03  1.860586E-08  9.215918E-10
   6.112501E+03  1.888007E-08  9.283427E-10
   6.127501E+03  1.902226E-08  9.328195E-10
   6.142501E+03  1.884961E-08  9.288452E-10
   6.157501E+03  1.793048E-08  9.055175E-10
   6.172501E+03  1.883437E-08  9.282217E-10
   6.187501E+03  1.866172E-08  9.237251E-10
   6.202501E+03  1.819962E-08  9.125158E-10
   6.217501E+03  1.827071E-08  9.137806E-10
   6.232501E+03  1.862617E-08  9.220936E-10
   6.247501E+03  1.799650E-08  9.066645E-10
   6.262501E+03  1.831641E-08  9.151725E-10
   6.277501E+03  1.811837E-08  9.109954E-10
   6.292501E+03  1.675746E-08  8.755135E-10
   6.307501E+03  1.789494E-08  9.048795E-10
   6.322501E+03  1.760041E-08  8.961416E-10
   6.337501E+03  1.746839E-08  8.930395E-10
   6.352501E+03  1.719417E-08  8.857558E-10
   6.367501E+03  1.732112E-08  8.892755E-10
   6.382501E+03  1.726019E-08  8.884973E-10
   6.397501E+03  1.712308E-08  8.854996E-10
   6.412501E+03  1.751917E-08  8.948526E-10
   6.427501E+03  1.676762E-08  8.752476E-10
   6.442501E+03  1.649341E-08  8.683484E-10
   6.457501E+03  1.727034E-08  8.884964E-10
   6.472501E+03  1.697582E-08  8.803861E-10
   6.487501E+03  1.734143E-08  8.903171E-10
   6.502501E+03  1.709769E-08  8.832711E-10
   6.517501E+03  1.650864E-08  8.682135E-10
   6.532501E+03  1.660512E-08  8.718069E-10
   6.547501E+03  1.636138E-08  8.646092E-10
   6.562501E+03  1.676762E-08  8.752476E-10
   6.577501E+03  1.640708E-08  8.663485E-10
   6.592501E+03  1.663051E-08  8.714055E-10
   6.607501E+03  1.626997E-08  8.627355E-10
   6.622501E+03  1.631060E-08  8.632701E-10
   6.637501E+03  1.609224E-08  8.574881E-10
   6.652501E+03  1.613794E-08  8.592419E-10
   6.667501E+03  1.559967E-08  8.442987E-10
   6.682501E+03  1.610748E-08  8.573516E-10
   6.697501E+03  1.595514E-08  8.543809E-10
   6.712501E+03  1.557428E-08  8.438883E-10
   6.727501E+03  1.550319E-08  8.416909E-10
   6.742501E+03  1.555905E-08  8.434769E-10
   6.757501E+03  1.630044E-08  8.627331E-10
   6.772501E+03  1.549811E-08  8.418291E-10
   6.787501E+03  1.532546E-08  8.371428E-10
   6.802501E+03  1.561999E-08  8.442971E-10
   6.817501E+03  1.569616E-08  8.466244E-10
   6.832501E+03  1.502078E-08  8.282477E-10
   6.847501E+03  1.515281E-08  8.327088E-10
   6.862501E+03  1.521374E-08  8.338181E-10
   6.877501E+03  1.522390E-08  8.335390E-10
   6.892501E+03  1.560475E-08  8.444357E-10
   6.907501E+03  1.451298E-08  8.138708E-10
   6.922501E+03  1.511726E-08  8.314564E-10
   6.937501E+03  1.436064E-08  8.101668E-10
   6.952501E+03  1.488875E-08  8.251698E-10
   6.967501E+03  1.469579E-08  8.195403E-10
   6.982501E+03  1.488367E-08  8.253108E-10
   6.997501E+03  1.464501E-08  8.189776E-10
   7.012501E+03  1.407627E-08  8.024165E-10
   7.027501E+03  1.445204E-08  8.130195E-10
   7.042501E+03  1.425908E-08  8.070173E-10
   7.057501E+03  1.455360E-08  8.161458E-10
   7.072501E+03  1.434033E-08  8.098819E-10
   7.087501E+03  1.400010E-08  7.996699E-10
   7.102501E+03  1.452821E-08  8.142973E-10
   7.117501E+03  1.416259E-08  8.051531E-10
   7.132501E+03  1.407119E-08  8.019830E-10
   7.147501E+03  1.387315E-08  7.966261E-10
   7.162501E+03  1.398994E-08  8.005408E-10
   7.177501E+03  1.363448E-08  7.897679E-10
   7.192501E+03  1.375128E-08  7.925461E-10
   7.207501E+03  1.351769E-08  7.855040E-10
   7.222501E+03  1.321808E-08  7.773584E-10
   7.237501E+03  1.354815E-08  7.872725E-10
   7.252501E+03  1.376651E-08  7.929841E-10
   7.267501E+03  1.357862E-08  7.878596E-10
   7.282501E+03  1.365479E-08  7.900602E-10
   7.297501E+03  1.328918E-08  7.794403E-10
   7.312501E+03  1.339074E-08  7.821081E-10
   7.327501E+03  1.295403E-08  7.689727E-10
   7.342501E+03  1.386299E-08  7.969182E-10
   7.357501E+03  1.342120E-08  7.832920E-10
   7.372501E+03  1.271536E-08  7.627776E-10
   7.387501E+03  1.312160E-08  7.748235E-10
   7.402501E+03  1.309113E-08  7.736267E-10
   7.417501E+03  1.302512E-08  7.719797E-10
   7.432501E+03  1.280169E-08  7.650500E-10
   7.447501E+03  1.310129E-08  7.739259E-10
   7.462501E+03  1.299465E-08  7.716812E-10
   7.477501E+03  1.264935E-08  7.608020E-10
   7.492501E+03  1.273059E-08  7.629286E-10
   7.507501E+03  1.226342E-08  7.491479E-10
   7.522501E+03  1.260872E-08  7.592782E-10
   7.537501E+03  1.264935E-08  7.598864E-10
   7.552501E+03  1.274075E-08  7.632321E-10
   7.567501E+03  1.219232E-08  7.466704E-10
   7.582501E+03  1.254778E-08  7.571398E-10
   7.597501E+03  1.211108E-08  7.448087E-10
   7.612501E+03  1.213139E-08  7.441839E-10
   7.627501E+03  1.208569E-08  7.430947E-10
   7.642501E+03  1.233451E-08  7.506903E-10
   7.657501E+03  1.169976E-08  7.314745E-10
   7.672501E+03  1.185717E-08  7.360499E-10
   7.687501E+03  1.169976E-08  7.314745E-10
   7.702501E+03  1.131383E-08  7.199881E-10
   7.717501E+03  1.164898E-08  7.295718E-10
   7.732501E+03  1.173022E-08  7.324236E-10
   7.747501E+03  1.211615E-08  7.440290E-10
   7.762501E+03  1.151187E-08  7.259136E-10
   7.777501E+03  1.195366E-08  7.396604E-10
   7.792501E+03  1.162359E-08  7.290962E-10
   7.807501E+03  1.173022E-08  7.321067E-10
   7.822501E+03  1.181655E-08  7.357373E-10
   7.837501E+03  1.185210E-08  7.355771E-10
   7.852501E+03  1.179624E-08  7.347917E-10
   7.867501E+03  1.100407E-08  7.094555E-10
   7.882501E+03  1.126812E-08  7.175695E-10
   7.897501E+03  1.121734E-08  7.166020E-10
   7.912501E+03  1.135953E-08  7.207904E-10
   7.927501E+03  1.149663E-08  7.257548E-10
   7.942501E+03  1.125797E-08  7.175702E-10
   7.957501E+03  1.113610E-08  7.130360E-10
   7.972501E+03  1.093805E-08  7.073303E-10
   7.987501E+03  1.077556E-08  7.020717E-10
   8.002501E+03  1.054705E-08  6.946090E-10
   8.017501E+03  1.148140E-08  7.249559E-10
   8.032501E+03  1.102438E-08  7.097812E-10
   8.047501E+03  1.104977E-08  7.109230E-10
   8.062501E+03  1.104469E-08  7.104335E-10
   8.077501E+03  1.142046E-08  7.230367E-10
   8.092501E+03  1.058767E-08  6.952743E-10
   8.107501E+03  1.110563E-08  7.120610E-10
   8.122501E+03  1.052166E-08  6.937749E-10
   8.137501E+03  1.043025E-08  6.907636E-10
   8.152501E+03  1.051150E-08  6.927713E-10
   8.167501E+03  1.054705E-08  6.942749E-10
   8.182501E+03  1.035916E-08  6.884123E-10
   8.197501E+03  1.050642E-08  6.929391E-10
   8.212501E+03  1.031346E-08  6.862204E-10
   8.227501E+03  1.033885E-08  6.870638E-10
   8.242501E+03  1.015096E-08  6.811389E-10
   8.257501E+03  1.061306E-08  6.964400E-10
   8.272501E+03  9.993541E-09  6.758470E-10
   8.287501E+03  1.035408E-08  6.875693E-10
   8.302501E+03  1.025252E-08  6.845312E-10
   8.317501E+03  1.003924E-08  6.777302E-10
   8.332501E+03  9.836123E-09  6.708593E-10
   8.347501E+03  9.790421E-09  6.689567E-10
   8.362501E+03  1.007479E-08  6.785835E-10
   8.377501E+03  9.861513E-09  6.717220E-10
   8.392501E+03  9.500973E-09  6.586609E-10
   8.407501E+03  9.521286E-09  6.593640E-10
   8.422501E+03  9.820889E-09  6.699948E-10
   8.437501E+03  9.952917E-09  6.741305E-10
   8.452501E+03  9.627924E-09  6.633928E-10
   8.467501E+03  9.871669E-09  6.713758E-10
   8.482501E+03  9.582222E-09  6.618195E-10
   8.497501E+03  9.968151E-09  6.746457E-10
   8.512501E+03  9.622846E-09  6.628681E-10
   8.527501E+03  9.404491E-09  6.560188E-10
   8.542501E+03  9.526364E-09  6.602430E-10
   8.557501E+03  9.297853E-09  6.526559E-10
   8.572501E+03  9.287697E-09  6.515888E-10
   8.587501E+03  8.947469E-09  6.399291E-10
   8.602501E+03  8.724037E-09  6.311784E-10
   8.617501E+03  9.394335E-09  6.549573E-10
   8.632501E+03  8.957625E-09  6.395657E-10
   8.647501E+03  9.130278E-09  6.467721E-10
   8.662501E+03  9.221682E-09  6.496309E-10
   8.677501E+03  9.074420E-09  6.440787E-10
   8.692501E+03  9.109966E-09  6.449767E-10
   8.707501E+03  8.911923E-09  6.382971E-10
   8.722501E+03  9.079498E-09  6.446186E-10
   8.737501E+03  9.059186E-09  6.438994E-10
   8.752501E+03  9.038874E-09  6.424573E-10
   8.767501E+03  8.962703E-09  6.401095E-10
   8.782501E+03  8.546306E-09  6.247211E-10
   8.797501E+03  8.658022E-09  6.287878E-10
   8.812501E+03  9.064264E-09  6.437189E-10
   8.827501E+03  8.724037E-09  6.315460E-10
   8.842501E+03  8.256859E-09  6.144370E-10
   8.857501E+03  8.500604E-09  6.234222E-10
   8.872501E+03  8.632632E-09  6.278659E-10
   8.887501E+03  8.556462E-09  6.254631E-10
   8.902501E+03  8.490448E-09  6.226778E-10
   8.917501E+03  8.201001E-09  6.123593E-10
   8.932501E+03  8.678334E-09  6.295243E-10
   8.947501E+03  8.759583E-09  6.328288E-10
   8.962501E+03  8.378731E-09  6.193208E-10
   8.977501E+03  8.353341E-09  6.180093E-10
   8.992501E+03  8.622476E-09  6.274967E-10
   9.007501E+03  7.942022E-09  6.022470E-10
   9.022501E+03  8.576774E-09  6.258328E-10
   9.037501E+03  8.170532E-09  6.112230E-10
   9.052501E+03  8.302561E-09  6.157549E-10
   9.067501E+03  8.089284E-09  6.078007E-10
   9.082501E+03  8.063894E-09  6.068468E-10
   9.097501E+03  7.789681E-09  5.968362E-10
   9.112501E+03  8.104518E-09  6.095157E-10
   9.127501E+03  7.901397E-09  6.007059E-10
   9.142501E+03  7.896319E-09  6.008993E-10
   9.157501E+03  7.850617E-09  5.991613E-10
   9.172501E+03  7.764291E-09  5.962540E-10
   9.187501E+03  7.657653E-09  5.921589E-10
   9.202501E+03  7.657653E-09  5.921589E-10
   9.217501E+03  7.774447E-09  5.962535E-10
   9.232501E+03  7.774447E-09  5.958641E-10
   9.247501E+03  7.921710E-09  6.018627E-10
   9.262501E+03  7.408830E-09  5.820929E-10
   9.277501E+03  7.413908E-09  5.818932E-10
   9.292501E+03  7.642419E-09  5.915716E-10
   9.307501E+03  7.337737E-09  5.792991E-10
   9.322501E+03  7.490078E-09  5.852694E-10
   9.337501E+03  7.535780E-09  5.866531E-10
   9.352501E+03  7.469766E-09  5.844769E-10
   9.367501E+03  7.170163E-09  5.726598E-10
   9.382501E+03  7.652575E-09  5.911786E-10
   9.397501E+03  7.408830E-09  5.820929E-10
   9.412501E+03  7.220943E-09  5.742758E-10
   9.427501E+03  7.083836E-09  5.700240E-10
   9.442501E+03  7.007666E-09  5.669663E-10
   9.457501E+03  7.297113E-09  5.776966E-10
   9.472501E+03  7.114305E-09  5.700224E-10
   9.487501E+03  7.439298E-09  5.832861E-10
   9.502501E+03  7.246333E-09  5.752839E-10
   9.517501E+03  7.368206E-09  5.800982E-10
   9.532501E+03  6.738531E-09  5.547737E-10
   9.547501E+03  7.261567E-09  5.758879E-10
   9.562501E+03  7.063524E-09  5.679858E-10
   9.577501E+03  7.363127E-09  5.806982E-10
   9.592501E+03  6.626815E-09  5.501586E-10
   9.607501E+03  6.479552E-09  5.440151E-10
   9.622501E+03  6.596347E-09  5.488932E-10
   9.637501E+03  6.880716E-09  5.605924E-10
   9.652501E+03  6.977198E-09  5.645066E-10
   9.667501E+03  7.022900E-09  5.667608E-10
   9.682501E+03  6.748687E-09  5.551914E-10
   9.697501E+03  6.702985E-09  5.533095E-10
   9.712501E+03  6.647127E-09  5.510006E-10
   9.727501E+03  6.449084E-09  5.427353E-10
   9.742501E+03  6.332290E-09  5.390943E-10
   9.757501E+03  6.667439E-09  5.518413E-10
   9.772501E+03  6.667439E-09  5.518413E-10
   9.787501E+03  6.240885E-09  5.339079E-10
   9.802501E+03  6.647127E-09  5.510006E-10
   9.817501E+03  6.682673E-09  5.528909E-10
   9.832501E+03  6.428772E-09  5.423086E-10
   9.847501E+03  6.515098E-09  5.459296E-10
   9.862501E+03  6.291665E-09  5.360744E-10
   9.877501E+03  6.606503E-09  5.493153E-10
   9.892501E+03  6.276431E-09  5.354253E-10
   9.907501E+03  6.098701E-09  5.277944E-10
   9.922501E+03  5.931126E-09  5.204968E-10
   9.937501E+03  6.576035E-09  5.480480E-10
   9.952501E+03  5.834644E-09  5.162482E-10
   9.967501E+03  6.474474E-09  5.438020E-10
   9.982501E+03  6.256119E-09  5.349927E-10
   9.997501E+03  6.103779E-09  5.280139E-10
   1.001250E+04  6.047921E-09  5.255937E-10
   1.002750E+04  6.002218E-09  5.236052E-10
   1.004250E+04  6.032687E-09  5.249317E-10
   1.005750E+04  5.971750E-09  5.222753E-10
   1.007250E+04  6.078389E-09  5.269152E-10
   1.008750E+04  5.961594E-09  5.218312E-10
   1.010250E+04  6.185027E-09  5.319510E-10
   1.011750E+04  5.717849E-09  5.110579E-10
   1.013250E+04  5.865112E-09  5.175936E-10
   1.014750E+04  5.722927E-09  5.112846E-10
   1.016250E+04  5.636601E-09  5.074158E-10
   1.017750E+04  5.717849E-09  5.110579E-10
   1.019250E+04  5.672147E-09  5.099235E-10
   1.020750E+04  5.529963E-09  5.025955E-10
   1.022250E+04  5.484260E-09  5.009789E-10
   1.023750E+04  5.748317E-09  5.128697E-10
   1.025250E+04  5.854956E-09  5.171456E-10
   1.026750E+04  5.753395E-09  5.135477E-10
   1.028250E+04  5.403012E-09  4.967959E-10
   1.029750E+04  5.606133E-09  5.065017E-10
   1.031250E+04  5.453792E-09  5.000529E-10
   1.032750E+04  5.438558E-09  4.988920E-10
   1.034250E+04  5.651835E-09  5.081007E-10
   1.035750E+04  5.519807E-09  5.021340E-10
   1.037250E+04  5.326842E-09  4.932834E-10
   1.038750E+04  5.286218E-09  4.913997E-10
   1.040250E+04  5.580743E-09  5.048967E-10
   1.041750E+04  5.438558E-09  4.993570E-10
   1.043250E+04  5.220203E-09  4.887983E-10
   1.044750E+04  5.225282E-09  4.885606E-10
   1.046250E+04  5.336998E-09  4.942230E-10
   1.047750E+04  5.179579E-09  4.868973E-10
   1.049250E+04  5.230360E-09  4.887978E-10
   1.050750E+04  5.250672E-09  4.902192E-10
   1.052250E+04  4.895210E-09  4.728854E-10
   1.053750E+04  4.864742E-09  4.714121E-10
   1.055250E+04  5.260828E-09  4.902188E-10
   1.056750E+04  5.067863E-09  4.811486E-10
   1.058250E+04  4.996771E-09  4.777634E-10
   1.059750E+04  4.869820E-09  4.721498E-10
   1.061250E+04  4.966303E-09  4.763053E-10
   1.062750E+04  5.103409E-09  4.828322E-10
   1.064250E+04  4.991693E-09  4.775207E-10
   1.065750E+04  4.671777E-09  4.619721E-10
   1.067250E+04  4.819040E-09  4.696879E-10
   1.068750E+04  4.895210E-09  4.728854E-10
   1.070250E+04  5.067863E-09  4.816307E-10
   1.071750E+04  4.753026E-09  4.659702E-10
   1.073250E+04  4.874898E-09  4.719037E-10
   1.074750E+04  4.732714E-09  4.649739E-10
   1.076250E+04  4.651465E-09  4.609672E-10
   1.077750E+04  4.732714E-09  4.649739E-10
   1.079250E+04  4.737792E-09  4.652232E-10
   1.080750E+04  4.895210E-09  4.728854E-10
   1.082250E+04  4.687011E-09  4.627244E-10
   1.083750E+04  4.412798E-09  4.489903E-10
   1.085250E+04  4.519437E-09  4.543808E-10
   1.086750E+04  4.834274E-09  4.699342E-10
   1.088250E+04  4.412798E-09  4.489903E-10
   1.089750E+04  4.605763E-09  4.586980E-10
   1.091250E+04  4.331550E-09  4.448394E-10
   1.092750E+04  4.209678E-09  4.385392E-10
   1.094250E+04  4.443267E-09  4.505370E-10
   1.095750E+04  4.214756E-09  4.388035E-10
   1.097250E+04  4.255380E-09  4.414384E-10
   1.098750E+04  4.204600E-09  4.382747E-10
   1.100250E+04  4.189366E-09  4.374803E-10
   1.101750E+04  4.163976E-09  4.361531E-10
   1.103250E+04  4.280770E-09  4.422252E-10
   1.104750E+04  4.367096E-09  4.466602E-10
   1.106250E+04  4.605763E-09  4.586980E-10
   1.107750E+04  4.499125E-09  4.533590E-10
   1.109250E+04  4.184288E-09  4.372152E-10
   1.110750E+04  4.255380E-09  4.409123E-10
   1.112250E+04  4.067493E-09  4.310724E-10
   1.113750E+04  4.179210E-09  4.369499E-10
   1.115250E+04  4.077649E-09  4.321474E-10
   1.116750E+04  3.991323E-09  4.270186E-10
   1.118250E+04  3.808514E-09  4.171285E-10
   1.119750E+04  4.016713E-09  4.283742E-10
   1.121250E+04  4.265536E-09  4.414380E-10
   1.122750E+04  3.823748E-09  4.179616E-10
   1.124250E+04  3.635862E-09  4.075671E-10
   1.125750E+04  3.986245E-09  4.267470E-10
   1.127250E+04  3.844060E-09  4.190699E-10
   1.128750E+04  3.798358E-09  4.165721E-10
   1.130250E+04  3.676486E-09  4.098370E-10
   1.131750E+04  3.838982E-09  4.198999E-10
   1.133250E+04  3.930387E-09  4.237476E-10
   1.134750E+04  3.889763E-09  4.215528E-10
   1.136250E+04  3.950699E-09  4.248407E-10
   1.137750E+04  3.960855E-09  4.253862E-10
   1.139250E+04  3.661252E-09  4.089873E-10
   1.140750E+04  3.904997E-09  4.223772E-10
   1.142250E+04  3.661252E-09  4.089873E-10
   1.143750E+04  3.615549E-09  4.064275E-10
   1.145250E+04  3.513989E-09  4.006804E-10
   1.146750E+04  3.691720E-09  4.106849E-10
   1.148250E+04  3.717110E-09  4.120943E-10
   1.149750E+04  3.341336E-09  3.907163E-10
   1.151250E+04  3.762812E-09  4.146190E-10
   1.152750E+04  3.508911E-09  4.003909E-10
   1.154250E+04  3.351493E-09  3.913094E-10
   1.155750E+04  3.635862E-09  4.075671E-10
   1.157250E+04  3.676486E-09  4.098370E-10
   1.158750E+04  3.331180E-09  3.901222E-10
   1.160250E+04  3.275322E-09  3.868385E-10
   1.161750E+04  3.468287E-09  3.980672E-10
   1.163250E+04  3.513989E-09  4.006804E-10
   1.164750E+04  3.295634E-09  3.886335E-10
   1.166250E+04  3.387039E-09  3.933785E-10
   1.167750E+04  3.265166E-09  3.862385E-10
   1.169250E+04  3.346414E-09  3.910130E-10
   1.170750E+04  3.407351E-09  3.945559E-10
   1.172250E+04  3.153450E-09  3.795755E-10
   1.173750E+04  3.361649E-09  3.919017E-10
   1.175250E+04  3.290556E-09  3.877369E-10
   1.176750E+04  3.056967E-09  3.737253E-10
   1.178250E+04  3.366727E-09  3.921975E-10
   1.179750E+04  3.239776E-09  3.847343E-10
   1.181250E+04  3.112826E-09  3.771233E-10
   1.182750E+04  2.894471E-09  3.636595E-10
   1.184250E+04  2.752286E-09  3.546174E-10
   1.185750E+04  3.001109E-09  3.702961E-10
   1.187250E+04  3.153450E-09  3.795755E-10
   1.188750E+04  3.351493E-09  3.913094E-10
   1.190250E+04  2.909705E-09  3.646150E-10
   1.191750E+04  3.092514E-09  3.758912E-10
   1.193250E+04  3.051889E-09  3.734149E-10
   1.194750E+04  2.864003E-09  3.617410E-10
   1.196250E+04  2.960485E-09  3.677820E-10
   1.197750E+04  2.676116E-09  3.496771E-10
   1.199250E+04  2.914783E-09  3.649329E-10
   1.200750E+04  2.930017E-09  3.665188E-10
   1.202250E+04  2.833535E-09  3.598122E-10
   1.203750E+04  2.996031E-09  3.699828E-10
   1.205250E+04  2.757364E-09  3.549443E-10
   1.206750E+04  2.671038E-09  3.493453E-10
   1.208250E+04  2.884315E-09  3.630211E-10
   1.209750E+04  2.645648E-09  3.483482E-10
   1.211250E+04  2.950329E-09  3.671508E-10
   1.212750E+04  2.838613E-09  3.601344E-10
   1.214250E+04  2.655804E-09  3.483479E-10
   1.215750E+04  2.478073E-09  3.364928E-10
   1.217250E+04  2.691350E-09  3.506707E-10
   1.218750E+04  2.422215E-09  3.326796E-10
   1.220250E+04  2.731974E-09  3.533067E-10
   1.221750E+04  2.630414E-09  3.466791E-10
   1.223250E+04  2.615180E-09  3.456740E-10
   1.224750E+04  2.706584E-09  3.516616E-10
   1.226250E+04  2.574556E-09  3.429793E-10
   1.227750E+04  2.513619E-09  3.388970E-10
   1.229250E+04  2.432371E-09  3.333762E-10
   1.230750E+04  2.599946E-09  3.446660E-10
   1.232250E+04  2.554244E-09  3.416240E-10
   1.233750E+04  2.447605E-09  3.344183E-10
   1.235250E+04  2.381591E-09  3.298787E-10
   1.236750E+04  2.518697E-09  3.392391E-10
   1.238250E+04  2.457761E-09  3.351112E-10
   1.239750E+04  2.442527E-09  3.340713E-10
   1.241250E+04  2.569478E-09  3.426410E-10
   1.242750E+04  2.244484E-09  3.209684E-10
   1.244250E+04  2.467917E-09  3.358027E-10
   1.245750E+04  2.340967E-09  3.270537E-10
   1.247250E+04  2.406981E-09  3.316320E-10
   1.248750E+04  2.224172E-09  3.187924E-10
   1.250250E+04  2.285109E-09  3.231291E-10
   1.251750E+04  2.264796E-09  3.216900E-10
   1.253250E+04  2.351123E-09  3.277622E-10
   1.254750E+04  2.427293E-09  3.330281E-10
   1.256250E+04  2.371435E-09  3.291747E-10
   1.257750E+04  2.346045E-09  3.274082E-10
   1.259250E+04  2.081988E-09  3.084365E-10
   1.260750E+04  2.229250E-09  3.191561E-10
   1.262250E+04  2.219094E-09  3.184284E-10
   1.263750E+04  2.351123E-09  3.277622E-10
   1.265250E+04  2.117534E-09  3.110578E-10
   1.266750E+04  2.178470E-09  3.155008E-10
   1.268250E+04  2.300343E-09  3.242041E-10
   1.269750E+04  2.234328E-09  3.195193E-10
   1.271250E+04  2.122612E-09  3.114305E-10
   1.272750E+04  2.198782E-09  3.169680E-10
   1.274250E+04  2.112456E-09  3.121751E-10
   1.275750E+04  2.046442E-09  3.057927E-10
   1.277250E+04  1.985505E-09  3.012064E-10
   1.278750E+04  1.731604E-09  2.812924E-10
   1.280250E+04  2.122612E-09  3.114305E-10
   1.281750E+04  2.005817E-09  3.027429E-10
   1.283250E+04  1.792541E-09  2.861983E-10
   1.284750E+04  1.919491E-09  2.961577E-10
   1.286250E+04  1.690980E-09  2.779737E-10
   1.287750E+04  1.944881E-09  2.981096E-10
   1.289250E+04  1.944881E-09  2.981096E-10
   1.290750E+04  1.853477E-09  2.910213E-10
   1.292250E+04  1.701136E-09  2.788071E-10
   1.293750E+04  1.675746E-09  2.767190E-10
   1.295250E+04  1.711292E-09  2.796380E-10
   1.296750E+04  1.883945E-09  2.934031E-10
   1.298250E+04  1.787463E-09  2.857927E-10
   1.299750E+04  1.767151E-09  2.841645E-10
   1.301250E+04  1.701136E-09  2.788071E-10
   1.302750E+04  1.919491E-09  2.961577E-10
   1.304250E+04  1.751917E-09  2.829372E-10
   1.305750E+04  1.762073E-09  2.837559E-10
   1.307250E+04  1.787463E-09  2.857927E-10
   1.308750E+04  1.701136E-09  2.788071E-10
   1.310250E+04  1.833165E-09  2.894226E-10
   1.311750E+04  1.812853E-09  2.878149E-10
   1.313250E+04  1.706214E-09  2.792229E-10
   1.314750E+04  1.782385E-09  2.853865E-10
   1.316250E+04  1.396455E-09  2.526120E-10
   1.317750E+04  1.503094E-09  2.620784E-10
   1.319250E+04  1.751917E-09  2.829372E-10
   1.320750E+04  1.624966E-09  2.724946E-10
   1.322250E+04  1.635122E-09  2.733447E-10
   1.323750E+04  1.609732E-09  2.712145E-10
   1.325250E+04  1.589420E-09  2.694982E-10
   1.326750E+04  1.518328E-09  2.634030E-10
   1.328250E+04  1.452313E-09  2.576140E-10
   1.329750E+04  1.426923E-09  2.553525E-10
   1.331250E+04  1.528484E-09  2.642824E-10
   1.332750E+04  1.305051E-09  2.442058E-10
   1.334250E+04  1.513250E-09  2.629622E-10
   1.335750E+04  1.264427E-09  2.403753E-10
   1.337250E+04  1.442157E-09  2.567118E-10
   1.338750E+04  1.360909E-09  2.493766E-10
   1.340250E+04  1.437079E-09  2.562595E-10
   1.341750E+04  1.142554E-09  2.284988E-10
   1.343250E+04  1.457391E-09  2.580639E-10
   1.344750E+04  1.503094E-09  2.620784E-10
   1.346250E+04  1.223803E-09  2.364828E-10
   1.347750E+04  1.294895E-09  2.432538E-10
   1.349250E+04  1.249193E-09  2.389231E-10
   1.350750E+04  1.325363E-09  2.460987E-10
   1.352250E+04  1.208569E-09  2.350065E-10
   1.353750E+04  1.101930E-09  2.244003E-10
   1.355250E+04  1.228881E-09  2.369729E-10
   1.356750E+04  1.208569E-09  2.350065E-10
   1.358250E+04  1.178100E-09  2.320256E-10
   1.359750E+04  1.233959E-09  2.374619E-10
   1.361250E+04  1.244115E-09  2.384370E-10
   1.362750E+04  1.289817E-09  2.427765E-10
   1.364250E+04  1.147632E-09  2.290060E-10
   1.365750E+04  1.228881E-09  2.369729E-10
   1.367250E+04  1.056228E-09  2.196980E-10
   1.368750E+04  1.101930E-09  2.244003E-10
   1.370250E+04  1.015604E-09  2.154320E-10
   1.371750E+04  1.147632E-09  2.290060E-10
   1.373250E+04  1.010526E-09  2.148928E-10
   1.374750E+04  1.096852E-09  2.238827E-10
   1.376250E+04  9.546676E-10  2.088697E-10
   1.377750E+04  1.056228E-09  2.196980E-10
   1.379250E+04  1.051150E-09  2.191693E-10
   1.380750E+04  1.066384E-09  2.207516E-10
   1.382250E+04  9.749796E-10  2.110798E-10
   1.383750E+04  9.546676E-10  2.088697E-10
   1.385250E+04  9.191214E-10  2.049446E-10
   1.386750E+04  8.988094E-10  2.026675E-10
   1.388250E+04  9.597456E-10  2.094244E-10
   1.389750E+04  9.343555E-10  2.066359E-10
   1.391250E+04  7.769369E-10  1.884281E-10
   1.392750E+04  8.378731E-10  1.956774E-10
   1.394250E+04  9.495895E-10  2.083135E-10
   1.395750E+04  7.820149E-10  1.890428E-10
   1.397250E+04  8.175611E-10  1.932912E-10
   1.398750E+04  8.734193E-10  1.997847E-10
   1.400250E+04  8.429511E-10  1.962695E-10
   1.401750E+04  7.312347E-10  1.828025E-10
   1.403250E+04  7.820149E-10  1.890428E-10
   1.404750E+04  8.480292E-10  1.968597E-10
   1.406250E+04  8.175611E-10  1.932912E-10
   1.407750E+04  8.226391E-10  1.938905E-10
   1.409250E+04  8.581852E-10  1.980349E-10
   1.410750E+04  6.906106E-10  1.776524E-10
   1.412250E+04  6.804545E-10  1.763414E-10
   1.413750E+04  7.312347E-10  1.828025E-10
   1.415250E+04  6.804545E-10  1.763414E-10
   1.416750E+04  6.804545E-10  1.763414E-10
   1.418250E+04  6.398304E-10  1.709968E-10
   1.419750E+04  6.347524E-10  1.703169E-10
   1.421250E+04  6.042843E-10  1.661793E-10
   1.422750E+04  7.058446E-10  1.796010E-10
   1.424250E+04  5.738161E-10  1.619360E-10
   1.425750E+04  6.042843E-10  1.661793E-10
   1.427250E+04  5.179579E-10  1.538528E-10
   1.428750E+04  5.281140E-10  1.553537E-10
   1.430250E+04  5.738161E-10  1.619360E-10
   1.431750E+04  6.702985E-10  1.750206E-10
   1.433250E+04  6.195183E-10  1.682608E-10
   1.434750E+04  6.195183E-10  1.682608E-10
   1.436250E+04  4.976459E-10  1.508060E-10
   1.437750E+04  5.281140E-10  1.553537E-10
   1.439250E+04  4.925678E-10  1.500346E-10
   1.440750E+04  5.484260E-10  1.583130E-10
   1.442250E+04  4.163976E-10  1.379476E-10
   1.443750E+04  4.722558E-10  1.469087E-10
   1.445250E+04  5.585821E-10  1.597720E-10
   1.446750E+04  4.671777E-10  1.461168E-10
   1.448250E+04  4.722558E-10  1.469087E-10
   1.449750E+04  3.859294E-10  1.328051E-10
   1.451250E+04  4.468657E-10  1.429052E-10
   1.452750E+04  3.554613E-10  1.274552E-10
   1.454250E+04  4.062415E-10  1.362550E-10
   1.455750E+04  5.179579E-10  1.538528E-10
   1.457250E+04  3.351493E-10  1.237601E-10
   1.458750E+04  3.859294E-10  1.328051E-10
   1.460250E+04  3.808514E-10  1.319285E-10
   1.461750E+04  3.148372E-10  1.199513E-10
   1.463250E+04  3.249932E-10  1.218706E-10
   1.464750E+04  3.046811E-10  1.180008E-10
   1.466250E+04  3.351493E-10  1.237601E-10
   1.467750E+04  2.539009E-10  1.077198E-10
   1.469250E+04  2.589790E-10  1.087916E-10
   1.470750E+04  2.691350E-10  1.109042E-10
   1.472250E+04  2.589790E-10  1.087916E-10
   1.473750E+04  2.031208E-10  9.634773E-11
   1.475250E+04  2.640570E-10  1.098530E-10
   1.476750E+04  1.777307E-10  9.012516E-11
   1.478250E+04  2.132768E-10  9.872700E-11
   1.479750E+04  2.132768E-10  9.872700E-11
   1.481250E+04  1.675746E-10  8.751232E-11
   1.482750E+04  2.386669E-10  1.044383E-10
   1.484250E+04  1.624966E-10  8.617619E-11
   1.485750E+04  1.421845E-10  8.061052E-11
   1.487250E+04  1.371065E-10  7.915798E-11
   1.488750E+04  1.015604E-10  6.812845E-11
   1.490250E+04  9.140434E-11  6.463236E-11
   1.491750E+04  1.167944E-10  7.305958E-11
   1.493250E+04  8.124830E-11  6.093600E-11
   1.494750E+04  1.117164E-10  7.145369E-11
   1.496250E+04  1.015604E-10  6.812845E-11
   1.497750E+04  7.109227E-11  5.700043E-11
   1.499250E+04  5.078019E-11  4.817420E-11
