 #  Results from PENEPMA.
 #  Energy distribution of upbound electrons.
 #  1st column: E (eV).
 #  2nd and 3rd columns: probability density and STU (1/(eV*particle)).

   7.500001E+00  1.000000E-35  1.000000E-35
   2.250000E+01  1.000000E-35  1.000000E-35
   3.750000E+01  1.000000E-35  1.000000E-35
   5.250001E+01  1.000000E-35  1.000000E-35
   6.750001E+01  1.000000E-35  1.000000E-35
   8.250001E+01  1.000000E-35  1.000000E-35
   9.750001E+01  4.689563E-06  1.104366E-06
   1.125000E+02  1.083836E-05  1.664649E-06
   1.275000E+02  1.080974E-05  1.646670E-06
   1.425000E+02  1.016815E-05  1.594854E-06
   1.575000E+02  9.674217E-06  1.540092E-06
   1.725000E+02  9.717000E-06  1.542323E-06
   1.875000E+02  9.049919E-06  1.464316E-06
   2.025000E+02  8.293499E-06  1.384002E-06
   2.175000E+02  8.478337E-06  1.408820E-06
   2.325000E+02  8.382211E-06  1.344981E-06
   2.475000E+02  9.129108E-06  1.283602E-06
   2.625000E+02  6.940253E-06  1.305096E-06
   2.775000E+02  5.893753E-06  1.181641E-06
   2.925000E+02  5.910653E-06  1.174709E-06
   3.075000E+02  5.266303E-06  1.093355E-06
   3.225000E+02  5.641970E-06  1.136948E-06
   3.375000E+02  5.882602E-06  1.157127E-06
   3.525000E+02  5.427309E-06  1.090718E-06
   3.675000E+02  5.974464E-06  1.157325E-06
   3.825000E+02  5.276310E-06  1.055263E-06
   3.975000E+02  5.330434E-06  1.059124E-06
   4.125000E+02  4.810972E-06  9.734500E-07
   4.275000E+02  5.095036E-06  1.021462E-06
   4.425000E+02  5.733478E-06  1.096724E-06
   4.575000E+02  5.369130E-06  1.074966E-06
   4.725000E+02  6.043280E-06  1.056602E-06
   4.875000E+02  6.488969E-06  1.032158E-06
   5.025001E+02  6.159447E-06  9.673209E-07
   5.175001E+02  3.965178E-06  1.044922E-06
   5.325001E+02  3.483975E-06  9.796750E-07
   5.475001E+02  3.148868E-06  9.290702E-07
   5.625001E+02  3.657884E-06  1.002003E-06
   5.775001E+02  2.772465E-06  8.656359E-07
   5.925001E+02  3.498371E-06  9.755481E-07
   6.075001E+02  3.571069E-06  9.888078E-07
   6.225001E+02  3.207875E-06  9.384579E-07
   6.375001E+02  3.965615E-06  1.040947E-06
   6.525001E+02  3.988016E-06  1.045096E-06
   6.675001E+02  3.423628E-06  9.663910E-07
   6.825001E+02  3.856530E-06  1.024035E-06
   6.975001E+02  3.281370E-06  9.434861E-07
   7.125001E+02  3.104384E-06  9.151888E-07
   7.275001E+02  3.612943E-06  9.933286E-07
   7.425001E+02  3.429395E-06  9.621348E-07
   7.575001E+02  3.526748E-06  9.757767E-07
   7.725001E+02  3.063028E-06  9.057138E-07
   7.875001E+02  2.876946E-06  8.808373E-07
   8.025001E+02  3.196951E-06  9.250038E-07
   8.175001E+02  3.139319E-06  9.200109E-07
   8.325001E+02  3.288487E-06  9.435452E-07
   8.475001E+02  3.467751E-06  9.667515E-07
   8.625001E+02  3.074896E-06  9.103871E-07
   8.775001E+02  2.976406E-06  8.910935E-07
   8.925001E+02  2.668934E-06  8.403526E-07
   9.075001E+02  3.323803E-06  9.438406E-07
   9.225001E+02  3.139309E-06  9.200109E-07
   9.375001E+02  3.540779E-06  9.758909E-07
   9.525001E+02  2.830701E-06  8.661672E-07
   9.675001E+02  2.844640E-06  8.662960E-07
   9.825001E+02  3.518809E-06  9.762203E-07
   9.975001E+02  3.369160E-06  9.486052E-07
   1.012500E+03  3.160864E-06  9.156761E-07
   1.027500E+03  3.052916E-06  9.010318E-07
   1.042500E+03  2.750998E-06  8.509330E-07
   1.057500E+03  2.525062E-06  8.138907E-07
   1.072500E+03  3.098390E-06  9.060216E-07
   1.087500E+03  2.751475E-06  8.466323E-07
   1.102500E+03  2.940842E-06  8.766905E-07
   1.117500E+03  2.657594E-06  8.303092E-07
   1.132500E+03  3.083374E-06  8.966829E-07
   1.147500E+03  3.191236E-06  9.113972E-07
   1.162500E+03  2.628207E-06  8.250135E-07
   1.177500E+03  3.178489E-06  9.158283E-07
   1.192500E+03  2.621639E-06  8.199048E-07
   1.207500E+03  2.585425E-06  8.093666E-07
   1.222500E+03  3.083908E-06  8.920473E-07
   1.237500E+03  3.797560E-06  9.989595E-07
   1.252500E+03  3.736908E-06  9.901316E-07
   1.267500E+03  3.426116E-06  9.446967E-07
   1.282500E+03  3.096172E-06  8.921566E-07
   1.297500E+03  3.137473E-06  9.017741E-07
   1.312500E+03  3.258304E-06  9.120087E-07
   1.327500E+03  2.837275E-06  8.517355E-07
   1.342500E+03  2.815285E-06  8.417285E-07
   1.357500E+03  3.056247E-06  8.871360E-07
   1.372500E+03  2.669930E-06  8.304604E-07
   1.387500E+03  3.299256E-06  8.939516E-07
   1.402500E+03  2.709453E-06  8.407341E-07
   1.417500E+03  3.762279E-06  9.986805E-07
   1.432500E+03  3.549993E-06  9.717050E-07
   1.447500E+03  2.756704E-06  8.460962E-07
   1.462500E+03  3.653200E-06  9.810397E-07
   1.477500E+03  3.754391E-06  9.902724E-07
   1.492500E+03  2.991295E-06  8.818655E-07
   1.507500E+03  3.113162E-06  8.969472E-07
   1.522500E+03  3.645636E-06  9.682064E-07
   1.537500E+03  2.883327E-06  8.666499E-07
   1.552500E+03  3.025606E-06  8.915314E-07
   1.567500E+03  3.624317E-06  9.550841E-07
   1.582500E+03  3.186128E-06  9.249134E-07
   1.597500E+03  3.345483E-06  9.527756E-07
   1.612500E+03  3.165741E-06  8.351308E-07
   1.627500E+03  2.598987E-06  8.495227E-07
   1.642500E+03  2.779505E-06  8.799663E-07
   1.657500E+03  3.196534E-06  9.427767E-07
   1.672500E+03  3.046650E-06  9.237220E-07
   1.687500E+03  2.968714E-06  9.094679E-07
   1.702500E+03  2.820050E-06  8.803307E-07
   1.717500E+03  3.064875E-06  9.193744E-07
   1.732500E+03  3.168167E-06  9.425401E-07
   1.747500E+03  3.338568E-06  9.656985E-07
   1.762500E+03  2.794886E-06  8.848071E-07
   1.777500E+03  3.956756E-06  1.052775E-06
   1.792500E+03  3.357508E-06  9.701403E-07
   1.807500E+03  3.109216E-06  9.331934E-07
   1.822500E+03  3.116257E-06  9.332532E-07
   1.837500E+03  2.958135E-06  9.093759E-07
   1.852500E+03  2.800099E-06  8.848544E-07
   1.867500E+03  3.369854E-06  9.702409E-07
   1.882500E+03  2.890376E-06  8.996072E-07
   1.897500E+03  2.963460E-06  9.094219E-07
   1.912500E+03  3.447729E-06  9.836146E-07
   1.927500E+03  3.085098E-06  9.285299E-07
   1.942500E+03  3.173446E-06  9.425844E-07
   1.957500E+03  3.430673E-06  9.792481E-07
   1.972500E+03  3.088535E-06  9.285599E-07
   1.987500E+03  2.836761E-06  8.898567E-07
   2.002500E+03  3.586810E-06  1.001447E-06
   2.017500E+03  3.555616E-06  9.970465E-07
   2.032500E+03  3.423576E-06  9.791912E-07
   2.047500E+03  3.708377E-06  1.018830E-06
   2.062500E+03  3.737911E-06  1.023123E-06
   2.077500E+03  3.425328E-06  9.792054E-07
   2.092500E+03  3.946654E-06  1.048750E-06
   2.107500E+03  3.083276E-06  9.285148E-07
   2.122500E+03  3.369854E-06  9.702409E-07
   2.137500E+03  3.501899E-06  9.882579E-07
   2.152500E+03  3.647609E-06  1.010176E-06
   2.167500E+03  3.654731E-06  1.010231E-06
   2.182500E+03  3.187599E-06  9.427027E-07
   2.197500E+03  3.546803E-06  9.969766E-07
   2.212500E+03  3.546803E-06  9.969766E-07
   2.227500E+03  3.903104E-06  1.044456E-06
   2.242500E+03  3.566220E-06  9.971304E-07
   2.257500E+03  3.394078E-06  9.747049E-07
   2.272500E+03  3.899500E-06  1.044429E-06
   2.287500E+03  3.323106E-06  9.612652E-07
   2.302500E+03  3.210016E-06  9.472818E-07
   2.317500E+03  3.625151E-06  1.005883E-06
   2.332500E+03  3.210031E-06  9.472818E-07
   2.347500E+03  3.484345E-06  9.881169E-07
   2.362500E+03  3.923724E-06  1.048577E-06
   2.377500E+03  3.559108E-06  9.970745E-07
   2.392500E+03  3.972573E-06  1.052894E-06
   2.407500E+03  3.349132E-06  9.657851E-07
   2.422500E+03  3.977853E-06  1.052934E-06
   2.437500E+03  3.619907E-06  1.005841E-06
   2.452500E+03  4.085252E-06  1.069376E-06
   2.467500E+03  3.640603E-06  1.010120E-06
   2.482500E+03  3.409891E-06  9.748336E-07
   2.497500E+03  3.811015E-06  1.031763E-06
   2.512500E+03  3.845727E-06  1.036042E-06
   2.527500E+03  3.984838E-06  1.052987E-06
   2.542500E+03  3.847519E-06  1.036056E-06
   2.557500E+03  3.553885E-06  9.970325E-07
   2.572500E+03  3.798639E-06  1.031668E-06
   2.587500E+03  3.786766E-06  1.027547E-06
   2.602500E+03  3.656436E-06  1.010246E-06
   2.617500E+03  3.496639E-06  9.882156E-07
   2.632500E+03  4.220866E-06  1.085775E-06
   2.647500E+03  3.767349E-06  1.027398E-06
   2.662500E+03  3.869910E-06  1.040224E-06
   2.677500E+03  4.189646E-06  1.081718E-06
   2.692500E+03  3.998518E-06  1.057022E-06
   2.707500E+03  4.101105E-06  1.069493E-06
   2.722500E+03  4.121786E-06  1.073519E-06
   2.737500E+03  3.746653E-06  1.023191E-06
   2.752500E+03  5.186379E-06  1.204760E-06
   2.767500E+03  4.292208E-06  1.093907E-06
   2.782500E+03  4.484991E-06  1.125640E-06
   2.797500E+03  3.707047E-06  1.014739E-06
   2.812500E+03  3.852895E-06  1.036096E-06
   2.827500E+03  4.196697E-06  1.081769E-06
   2.842500E+03  4.419080E-06  1.109880E-06
   2.857500E+03  4.213774E-06  1.085723E-06
   2.872500E+03  4.538708E-06  1.125578E-06
   2.887500E+03  4.629031E-06  1.137211E-06
   2.902500E+03  4.281598E-06  1.093831E-06
   2.917500E+03  4.586451E-06  1.125912E-06
   2.932500E+03  4.390724E-06  1.109680E-06
   2.947500E+03  5.037115E-06  1.186419E-06
   2.962500E+03  4.955112E-06  1.178854E-06
   2.977500E+03  5.315616E-06  1.215887E-06
   2.992500E+03  4.608370E-06  1.133412E-06
   3.007500E+03  4.413125E-06  1.113572E-06
   3.022500E+03  4.798798E-06  1.160056E-06
   3.037500E+03  4.790026E-06  1.159996E-06
   3.052500E+03  4.350641E-06  1.105647E-06
   3.067500E+03  3.977228E-06  1.056864E-06
   3.082500E+03  4.128289E-06  1.077426E-06
   3.097500E+03  4.659702E-06  1.144698E-06
   3.112500E+03  4.262100E-06  1.093691E-06
   3.127500E+03  4.286324E-06  1.097653E-06
   3.142500E+03  4.817707E-06  1.163757E-06
   3.157500E+03  4.696261E-06  1.148569E-06
   3.172500E+03  5.073065E-06  1.193633E-06
   3.187500E+03  5.132179E-06  1.200954E-06
   3.202500E+03  5.387456E-06  1.229927E-06
   3.217500E+03  4.598989E-06  1.137003E-06
   3.232500E+03  4.692693E-06  1.148545E-06
   3.247500E+03  4.442629E-06  1.117501E-06
   3.262500E+03  4.623640E-06  1.137174E-06
   3.277500E+03  5.472398E-06  1.240548E-06
   3.292500E+03  5.001733E-06  1.186184E-06
   3.307500E+03  5.033033E-06  1.189885E-06
   3.322500E+03  4.347001E-06  1.105622E-06
   3.337500E+03  4.689129E-06  1.148521E-06
   3.352500E+03  4.220251E-06  1.089586E-06
   3.367500E+03  4.689159E-06  1.148521E-06
   3.382500E+03  4.876683E-06  1.171264E-06
   3.397500E+03  5.251817E-06  1.215475E-06
   3.412500E+03  4.345255E-06  1.105610E-06
   3.427500E+03  5.314347E-06  1.222688E-06
   3.442500E+03  5.251807E-06  1.215475E-06
   3.457500E+03  5.595676E-06  1.254633E-06
   3.472500E+03  5.222303E-06  1.211864E-06
   3.487500E+03  5.064222E-06  1.193575E-06
   3.502500E+03  5.283082E-06  1.219087E-06
   3.517500E+03  5.191069E-06  1.208231E-06
   3.532500E+03  5.910010E-06  1.289210E-06
   3.547500E+03  5.470651E-06  1.240537E-06
   3.562500E+03  5.032972E-06  1.189885E-06
   3.577500E+03  5.064247E-06  1.193575E-06
   3.592500E+03  5.408132E-06  1.233428E-06
   3.607500E+03  5.501962E-06  1.244076E-06
   3.622500E+03  5.908279E-06  1.289200E-06
   3.637500E+03  5.814444E-06  1.278928E-06
   3.652500E+03  5.689435E-06  1.265102E-06
   3.667500E+03  5.533186E-06  1.247605E-06
   3.682500E+03  6.095778E-06  1.309501E-06
   3.697500E+03  5.501855E-06  1.244076E-06
   3.712500E+03  6.564747E-06  1.358929E-06
   3.727500E+03  5.783204E-06  1.275486E-06
   3.742500E+03  5.658185E-06  1.261622E-06
   3.757500E+03  5.470601E-06  1.240537E-06
   3.772500E+03  6.470942E-06  1.349188E-06
   3.787500E+03  5.376826E-06  1.229859E-06
   3.802500E+03  6.470942E-06  1.349188E-06
   3.817500E+03  5.564411E-06  1.251124E-06
   3.832500E+03  5.876933E-06  1.285785E-06
   3.847500E+03  6.002044E-06  1.299390E-06
   3.862500E+03  6.252077E-06  1.326182E-06
   3.877500E+03  5.845729E-06  1.282361E-06
   3.892500E+03  5.814469E-06  1.278928E-06
   3.907500E+03  6.033268E-06  1.302769E-06
   3.922500E+03  6.189562E-06  1.319535E-06
   3.937500E+03  6.001983E-06  1.299390E-06
   3.952500E+03  6.627241E-06  1.365384E-06
   3.967500E+03  5.720695E-06  1.268573E-06
   3.982500E+03  6.627196E-06  1.365384E-06
   3.997500E+03  5.595645E-06  1.254633E-06
   4.012500E+03  5.564375E-06  1.251124E-06
   4.027500E+03  6.783536E-06  1.381390E-06
   4.042500E+03  6.001998E-06  1.299390E-06
   4.057500E+03  6.033253E-06  1.302769E-06
   4.072500E+03  6.001973E-06  1.299390E-06
   4.087500E+03  6.252052E-06  1.326182E-06
   4.102500E+03  5.908229E-06  1.289200E-06
   4.117500E+03  6.627216E-06  1.365384E-06
   4.132500E+03  6.939820E-06  1.397212E-06
   4.147500E+03  7.064854E-06  1.409742E-06
   4.162500E+03  6.439657E-06  1.345926E-06
   4.177500E+03  7.221174E-06  1.425250E-06
   4.192500E+03  6.627211E-06  1.365384E-06
   4.207500E+03  6.189588E-06  1.319535E-06
   4.222500E+03  5.658180E-06  1.261622E-06
   4.237500E+03  6.846000E-06  1.387741E-06
   4.252500E+03  6.283352E-06  1.329493E-06
   4.267500E+03  7.533758E-06  1.455769E-06
   4.282500E+03  6.939805E-06  1.397212E-06
   4.297500E+03  7.439917E-06  1.446681E-06
   4.312500E+03  6.408382E-06  1.342655E-06
   4.327500E+03  6.846045E-06  1.387741E-06
   4.342500E+03  7.314928E-06  1.434474E-06
   4.357500E+03  6.533436E-06  1.355690E-06
   4.372500E+03  7.283638E-06  1.431406E-06
   4.387500E+03  6.877305E-06  1.390905E-06
   4.402500E+03  7.002329E-06  1.403491E-06
   4.417500E+03  7.471238E-06  1.449717E-06
   4.432500E+03  7.189873E-06  1.422162E-06
   4.447500E+03  6.720975E-06  1.375010E-06
   4.462500E+03  7.752546E-06  1.476757E-06
   4.477500E+03  7.908871E-06  1.491568E-06
   4.492500E+03  7.283653E-06  1.431406E-06
   4.507500E+03  7.096084E-06  1.412857E-06
   4.522500E+03  7.127333E-06  1.415966E-06
   4.537500E+03  7.002324E-06  1.403491E-06
   4.552500E+03  6.502166E-06  1.352443E-06
   4.567500E+03  7.189889E-06  1.422162E-06
   4.582500E+03  7.940095E-06  1.494512E-06
   4.597500E+03  7.314903E-06  1.434474E-06
   4.612500E+03  7.283673E-06  1.431406E-06
   4.627500E+03  8.002630E-06  1.500384E-06
   4.642500E+03  6.939860E-06  1.397212E-06
   4.657500E+03  7.408677E-06  1.443639E-06
   4.672500E+03  7.877545E-06  1.488618E-06
   4.687500E+03  6.814740E-06  1.384569E-06
   4.702500E+03  7.971335E-06  1.497451E-06
   4.717500E+03  7.189843E-06  1.422162E-06
   4.732500E+03  7.127333E-06  1.415966E-06
   4.747500E+03  6.752195E-06  1.378204E-06
   4.762500E+03  7.690006E-06  1.470791E-06
   4.777500E+03  7.314933E-06  1.434474E-06
   4.792500E+03  8.065135E-06  1.506233E-06
   4.807500E+03  8.127670E-06  1.512059E-06
   4.822500E+03  7.408693E-06  1.443639E-06
   4.837500E+03  8.408978E-06  1.538003E-06
   4.852500E+03  7.940075E-06  1.494512E-06
   4.867500E+03  7.471177E-06  1.449717E-06
   4.882500E+03  8.440264E-06  1.540859E-06
   4.897500E+03  6.846000E-06  1.387741E-06
   4.912500E+03  7.877545E-06  1.488618E-06
   4.927500E+03  8.596543E-06  1.555059E-06
   4.942500E+03  8.627838E-06  1.557883E-06
   4.957500E+03  8.127624E-06  1.512059E-06
   4.972500E+03  8.440253E-06  1.540859E-06
   4.987500E+03  8.190139E-06  1.517863E-06
   5.002501E+03  7.439932E-06  1.446681E-06
   5.017501E+03  7.221108E-06  1.425250E-06
   5.032501E+03  8.127690E-06  1.512059E-06
   5.047501E+03  8.940416E-06  1.585851E-06
   5.062501E+03  8.596502E-06  1.555059E-06
   5.077501E+03  7.252368E-06  1.428331E-06
   5.092501E+03  7.721251E-06  1.473777E-06
   5.107501E+03  7.377392E-06  1.440590E-06
   5.122501E+03  7.908841E-06  1.491568E-06
   5.137501E+03  7.877565E-06  1.488618E-06
   5.152501E+03  7.815015E-06  1.482699E-06
   5.167501E+03  7.690006E-06  1.470791E-06
   5.182501E+03  8.877912E-06  1.580297E-06
   5.197501E+03  8.033910E-06  1.503311E-06
   5.212501E+03  8.002574E-06  1.500384E-06
   5.227501E+03  8.940406E-06  1.585851E-06
   5.242501E+03  8.002595E-06  1.500384E-06
   5.257501E+03  8.690312E-06  1.563517E-06
   5.272501E+03  8.971666E-06  1.588621E-06
   5.287501E+03  7.846306E-06  1.485661E-06
   5.302501E+03  8.627813E-06  1.557883E-06
   5.317501E+03  8.752827E-06  1.569130E-06
   5.332501E+03  9.096711E-06  1.599652E-06
   5.347501E+03  8.471493E-06  1.543710E-06
   5.362501E+03  8.221424E-06  1.520756E-06
   5.377501E+03  8.971676E-06  1.588621E-06
   5.392501E+03  9.096696E-06  1.599652E-06
   5.407501E+03  8.815316E-06  1.574724E-06
   5.422501E+03  9.440580E-06  1.629601E-06
   5.437501E+03  9.378029E-06  1.624197E-06
   5.452501E+03  9.190475E-06  1.607875E-06
   5.467501E+03  8.408973E-06  1.538003E-06
   5.482501E+03  9.909437E-06  1.669575E-06
   5.497501E+03  9.002926E-06  1.591386E-06
   5.512501E+03  8.315209E-06  1.529404E-06
   5.527501E+03  1.003449E-05  1.680074E-06
   5.542501E+03  9.065420E-06  1.596901E-06
   5.557501E+03  8.815357E-06  1.574724E-06
   5.572501E+03  1.003448E-05  1.680074E-06
   5.587501E+03  9.815688E-06  1.661657E-06
   5.602501E+03  8.877871E-06  1.580297E-06
   5.617501E+03  9.253010E-06  1.613334E-06
   5.632501E+03  9.127966E-06  1.602397E-06
   5.647501E+03  8.502773E-06  1.546555E-06
   5.662501E+03  9.346759E-06  1.621488E-06
   5.677501E+03  9.127966E-06  1.602397E-06
   5.692501E+03  8.909131E-06  1.583077E-06
   5.707501E+03  9.565619E-06  1.640356E-06
   5.722501E+03  9.159241E-06  1.605138E-06
   5.737501E+03  9.096680E-06  1.599652E-06
   5.752501E+03  9.503049E-06  1.634987E-06
   5.767501E+03  9.065451E-06  1.596901E-06
   5.782501E+03  9.596849E-06  1.643034E-06
   5.797501E+03  9.159180E-06  1.605138E-06
   5.812501E+03  9.690654E-06  1.651041E-06
   5.827501E+03  1.044089E-05  1.713751E-06
   5.842501E+03  9.346780E-06  1.621488E-06
   5.857501E+03  8.971651E-06  1.588621E-06
   5.872501E+03  9.659363E-06  1.648376E-06
   5.887501E+03  1.044087E-05  1.713751E-06
   5.902501E+03  9.284214E-06  1.616056E-06
   5.917501E+03  8.502738E-06  1.546555E-06
   5.932501E+03  1.084724E-05  1.746779E-06
   5.947501E+03  1.006573E-05  1.682688E-06
   5.962501E+03  1.034710E-05  1.706038E-06
   5.977501E+03  1.028455E-05  1.700877E-06
   5.992501E+03  1.053463E-05  1.721429E-06
   6.007501E+03  1.009698E-05  1.685299E-06
   6.022501E+03  9.909457E-06  1.669575E-06
   6.037501E+03  9.346754E-06  1.621488E-06
   6.052501E+03  1.019077E-05  1.693106E-06
   6.067501E+03  9.034156E-06  1.594146E-06
   6.082501E+03  9.565599E-06  1.640356E-06
   6.097501E+03  1.034708E-05  1.706038E-06
   6.112501E+03  9.190445E-06  1.607875E-06
   6.127501E+03  1.069093E-05  1.734150E-06
   6.142501E+03  9.565573E-06  1.640356E-06
   6.157501E+03  1.040961E-05  1.711184E-06
   6.172501E+03  9.940707E-06  1.672206E-06
   6.187501E+03  1.078469E-05  1.741738E-06
   6.202501E+03  1.040958E-05  1.711184E-06
   6.217501E+03  1.128486E-05  1.781662E-06
   6.232501E+03  9.753107E-06  1.656357E-06
   6.247501E+03  1.050338E-05  1.718874E-06
   6.262501E+03  1.025332E-05  1.698291E-06
   6.277501E+03  9.628108E-06  1.645707E-06
   6.292501E+03  9.909422E-06  1.669575E-06
   6.307501E+03  1.050336E-05  1.718874E-06
   6.322501E+03  1.040959E-05  1.711184E-06
   6.337501E+03  1.112857E-05  1.769283E-06
   6.352501E+03  1.053463E-05  1.721429E-06
   6.367501E+03  1.047209E-05  1.716314E-06
   6.382501E+03  1.094102E-05  1.754312E-06
   6.397501E+03  1.206635E-05  1.842311E-06
   6.412501E+03  1.075345E-05  1.739213E-06
   6.427501E+03  1.056586E-05  1.723981E-06
   6.442501E+03  9.815642E-06  1.661657E-06
   6.457501E+03  1.112857E-05  1.769283E-06
   6.472501E+03  1.103480E-05  1.761814E-06
   6.487501E+03  1.022201E-05  1.695700E-06
   6.502501E+03  1.072219E-05  1.736683E-06
   6.517501E+03  1.231644E-05  1.861301E-06
   6.532501E+03  1.075345E-05  1.739213E-06
   6.547501E+03  1.106603E-05  1.764307E-06
   6.562501E+03  1.062840E-05  1.729073E-06
   6.577501E+03  1.081597E-05  1.744261E-06
   6.592501E+03  1.097226E-05  1.756816E-06
   6.607501E+03  1.090971E-05  1.751805E-06
   6.622501E+03  1.050336E-05  1.718874E-06
   6.637501E+03  1.231643E-05  1.861301E-06
   6.652501E+03  1.140992E-05  1.791504E-06
   6.667501E+03  1.206636E-05  1.842311E-06
   6.682501E+03  1.216012E-05  1.849455E-06
   6.697501E+03  1.115983E-05  1.771766E-06
   6.712501E+03  1.244148E-05  1.870723E-06
   6.727501E+03  1.162873E-05  1.808598E-06
   6.742501E+03  1.159744E-05  1.806166E-06
   6.757501E+03  1.231643E-05  1.861301E-06
   6.772501E+03  1.109732E-05  1.766797E-06
   6.787501E+03  1.225395E-05  1.856571E-06
   6.802501E+03  1.137866E-05  1.789049E-06
   6.817501E+03  1.187879E-05  1.827939E-06
   6.832501E+03  1.225391E-05  1.856571E-06
   6.847501E+03  1.172249E-05  1.815875E-06
   6.862501E+03  1.259774E-05  1.882435E-06
   6.877501E+03  1.253523E-05  1.877759E-06
   6.892501E+03  1.087849E-05  1.749294E-06
   6.907501E+03  1.140991E-05  1.791504E-06
   6.922501E+03  1.156621E-05  1.803731E-06
   6.937501E+03  1.144115E-05  1.793956E-06
   6.952501E+03  1.165998E-05  1.811027E-06
   6.967501E+03  1.169122E-05  1.813453E-06
   6.982501E+03  1.191006E-05  1.830342E-06
   6.997501E+03  1.156621E-05  1.803731E-06
   7.012501E+03  1.131610E-05  1.784128E-06
   7.027501E+03  1.169123E-05  1.813453E-06
   7.042501E+03  1.178502E-05  1.820710E-06
   7.057501E+03  1.200383E-05  1.837533E-06
   7.072501E+03  1.216012E-05  1.849455E-06
   7.087501E+03  1.169123E-05  1.813453E-06
   7.102501E+03  1.328549E-05  1.933124E-06
   7.117501E+03  1.253523E-05  1.877759E-06
   7.132501E+03  1.262902E-05  1.884769E-06
   7.147501E+03  1.165999E-05  1.811027E-06
   7.162501E+03  1.134737E-05  1.786590E-06
   7.177501E+03  1.216013E-05  1.849455E-06
   7.192501E+03  1.178500E-05  1.820710E-06
   7.207501E+03  1.256652E-05  1.880099E-06
   7.222501E+03  1.159746E-05  1.806166E-06
   7.237501E+03  1.266028E-05  1.887100E-06
   7.252501E+03  1.231646E-05  1.861301E-06
   7.267501E+03  1.122232E-05  1.776721E-06
   7.282501E+03  1.131610E-05  1.784128E-06
   7.297501E+03  1.175373E-05  1.818294E-06
   7.312501E+03  1.266029E-05  1.887100E-06
   7.327501E+03  1.250397E-05  1.875417E-06
   7.342501E+03  1.234769E-05  1.863661E-06
   7.357501E+03  1.366061E-05  1.960220E-06
   7.372501E+03  1.225387E-05  1.856571E-06
   7.387501E+03  1.287912E-05  1.903335E-06
   7.402501E+03  1.275407E-05  1.894075E-06
   7.417501E+03  1.325421E-05  1.930849E-06
   7.432501E+03  1.262901E-05  1.884769E-06
   7.447501E+03  1.278531E-05  1.896394E-06
   7.462501E+03  1.328549E-05  1.933124E-06
   7.477501E+03  1.206634E-05  1.842311E-06
   7.492501E+03  1.203507E-05  1.839923E-06
   7.507501E+03  1.234769E-05  1.863661E-06
   7.522501E+03  1.312917E-05  1.921721E-06
   7.537501E+03  1.212888E-05  1.847077E-06
   7.552501E+03  1.309791E-05  1.919433E-06
   7.567501E+03  1.294165E-05  1.907948E-06
   7.582501E+03  1.297287E-05  1.910250E-06
   7.597501E+03  1.356681E-05  1.953481E-06
   7.612501E+03  1.309793E-05  1.919433E-06
   7.627501E+03  1.309793E-05  1.919433E-06
   7.642501E+03  1.281657E-05  1.898710E-06
   7.657501E+03  1.187877E-05  1.827939E-06
   7.672501E+03  1.344179E-05  1.944460E-06
   7.687501E+03  1.334800E-05  1.937666E-06
   7.702501E+03  1.275406E-05  1.894075E-06
   7.717501E+03  1.203505E-05  1.839923E-06
   7.732501E+03  1.259774E-05  1.882435E-06
   7.747501E+03  1.234768E-05  1.863661E-06
   7.762501E+03  1.294163E-05  1.907948E-06
   7.777501E+03  1.412951E-05  1.993571E-06
   7.792501E+03  1.369184E-05  1.962461E-06
   7.807501E+03  1.256650E-05  1.880099E-06
   7.822501E+03  1.316043E-05  1.924007E-06
   7.837501E+03  1.250398E-05  1.875417E-06
   7.852501E+03  1.325422E-05  1.930849E-06
   7.867501E+03  1.269153E-05  1.889427E-06
   7.882501E+03  1.284783E-05  1.901024E-06
   7.897501E+03  1.300411E-05  1.912550E-06
   7.912501E+03  1.384818E-05  1.973628E-06
   7.927501E+03  1.203506E-05  1.839923E-06
   7.942501E+03  1.319170E-05  1.926291E-06
   7.957501E+03  1.266029E-05  1.887100E-06
   7.972501E+03  1.281656E-05  1.898710E-06
   7.987501E+03  1.284784E-05  1.901024E-06
   8.002501E+03  1.253526E-05  1.877759E-06
   8.017501E+03  1.347301E-05  1.946719E-06
   8.032501E+03  1.444207E-05  2.015498E-06
   8.047501E+03  1.237896E-05  1.866018E-06
   8.062501E+03  1.397318E-05  1.982516E-06
   8.077501E+03  1.328546E-05  1.933124E-06
   8.092501E+03  1.325422E-05  1.930849E-06
   8.107501E+03  1.459839E-05  2.026373E-06
   8.122501E+03  1.306664E-05  1.917141E-06
   8.137501E+03  1.519234E-05  2.067175E-06
   8.152501E+03  1.344177E-05  1.944460E-06
   8.167501E+03  1.300413E-05  1.912550E-06
   8.182501E+03  1.469216E-05  2.032870E-06
   8.197501E+03  1.247271E-05  1.873071E-06
   8.212501E+03  1.484846E-05  2.043652E-06
   8.227501E+03  1.494224E-05  2.050094E-06
   8.242501E+03  1.328549E-05  1.933124E-06
   8.257501E+03  1.391068E-05  1.978077E-06
   8.272501E+03  1.441082E-05  2.013316E-06
   8.287501E+03  1.359806E-05  1.955730E-06
   8.302501E+03  1.403573E-05  1.986946E-06
   8.317501E+03  1.497350E-05  2.052237E-06
   8.332501E+03  1.400444E-05  1.984732E-06
   8.347501E+03  1.269154E-05  1.889427E-06
   8.362501E+03  1.556742E-05  2.092534E-06
   8.377501E+03  1.506729E-05  2.058652E-06
   8.392501E+03  1.434830E-05  2.008945E-06
   8.407501E+03  1.434833E-05  2.008945E-06
   8.422501E+03  1.425454E-05  2.002371E-06
   8.437501E+03  1.375436E-05  1.966935E-06
   8.452501E+03  1.397320E-05  1.982516E-06
   8.467501E+03  1.381690E-05  1.971400E-06
   8.482501E+03  1.397317E-05  1.982516E-06
   8.497501E+03  1.412949E-05  1.993571E-06
   8.512501E+03  1.412948E-05  1.993571E-06
   8.527501E+03  1.453586E-05  2.022030E-06
   8.542501E+03  1.475472E-05  2.037190E-06
   8.557501E+03  1.394194E-05  1.980298E-06
   8.572501E+03  1.450461E-05  2.019855E-06
   8.587501E+03  1.534863E-05  2.077779E-06
   8.602501E+03  1.350428E-05  1.948976E-06
   8.617501E+03  1.322294E-05  1.928571E-06
   8.632501E+03  1.531736E-05  2.075662E-06
   8.647501E+03  1.622390E-05  2.136187E-06
   8.662501E+03  1.319168E-05  1.926291E-06
   8.677501E+03  1.500477E-05  2.054378E-06
   8.692501E+03  1.391068E-05  1.978077E-06
   8.707501E+03  1.425450E-05  2.002371E-06
   8.722501E+03  1.453585E-05  2.022030E-06
   8.737501E+03  1.362933E-05  1.957976E-06
   8.752501E+03  1.309790E-05  1.919433E-06
   8.767501E+03  1.409820E-05  1.991365E-06
   8.782501E+03  1.366059E-05  1.960220E-06
   8.797501E+03  1.441083E-05  2.013316E-06
   8.812501E+03  1.366058E-05  1.960220E-06
   8.827501E+03  1.369184E-05  1.962461E-06
   8.842501E+03  1.428577E-05  2.004565E-06
   8.857501E+03  1.428579E-05  2.004565E-06
   8.872501E+03  1.428577E-05  2.004565E-06
   8.887501E+03  1.428577E-05  2.004565E-06
   8.902501E+03  1.472341E-05  2.035031E-06
   8.917501E+03  1.444209E-05  2.015498E-06
   8.932501E+03  1.341050E-05  1.942198E-06
   8.947501E+03  1.556742E-05  2.092534E-06
   8.962501E+03  1.409822E-05  1.991365E-06
   8.977501E+03  1.444208E-05  2.015498E-06
   8.992501E+03  1.356681E-05  1.953481E-06
   9.007501E+03  1.400444E-05  1.984732E-06
   9.022501E+03  1.506728E-05  2.058652E-06
   9.037501E+03  1.519232E-05  2.067175E-06
   9.052501E+03  1.547364E-05  2.086223E-06
   9.067501E+03  1.450460E-05  2.019855E-06
   9.082501E+03  1.578625E-05  2.107186E-06
   9.097501E+03  1.331671E-05  1.935397E-06
   9.112501E+03  1.472342E-05  2.035031E-06
   9.127501E+03  1.450458E-05  2.019855E-06
   9.142501E+03  1.484845E-05  2.043652E-06
   9.157501E+03  1.337925E-05  1.939933E-06
   9.172501E+03  1.428577E-05  2.004565E-06
   9.187501E+03  1.556743E-05  2.092534E-06
   9.202501E+03  1.394193E-05  1.980298E-06
   9.217501E+03  1.472344E-05  2.035031E-06
   9.232501E+03  1.478592E-05  2.039346E-06
   9.247501E+03  1.497350E-05  2.052237E-06
   9.262501E+03  1.588003E-05  2.113434E-06
   9.277501E+03  1.475467E-05  2.037190E-06
   9.292501E+03  1.472341E-05  2.035031E-06
   9.307501E+03  1.494224E-05  2.050094E-06
   9.322501E+03  1.316041E-05  1.924007E-06
   9.337501E+03  1.428577E-05  2.004565E-06
   9.352501E+03  1.566121E-05  2.098826E-06
   9.367501E+03  1.578625E-05  2.107186E-06
   9.382501E+03  1.359806E-05  1.955730E-06
   9.397501E+03  1.447333E-05  2.017678E-06
   9.412501E+03  1.422326E-05  2.000175E-06
   9.427501E+03  1.344176E-05  1.944460E-06
   9.442501E+03  1.416075E-05  1.995775E-06
   9.457501E+03  1.547364E-05  2.086223E-06
   9.472501E+03  1.566121E-05  2.098826E-06
   9.487501E+03  1.403569E-05  1.986946E-06
   9.502501E+03  1.562995E-05  2.096731E-06
   9.517501E+03  1.581751E-05  2.109270E-06
   9.532501E+03  1.462963E-05  2.028541E-06
   9.547501E+03  1.334797E-05  1.937666E-06
   9.562501E+03  1.450460E-05  2.019855E-06
   9.577501E+03  1.297287E-05  1.910250E-06
   9.592501E+03  1.453585E-05  2.022030E-06
   9.607501E+03  1.422325E-05  2.000175E-06
   9.622501E+03  1.466089E-05  2.030707E-06
   9.637501E+03  1.519230E-05  2.067175E-06
   9.652501E+03  1.647398E-05  2.152584E-06
   9.667501E+03  1.403569E-05  1.986946E-06
   9.682501E+03  1.487972E-05  2.045802E-06
   9.697501E+03  1.487971E-05  2.045802E-06
   9.712501E+03  1.484845E-05  2.043652E-06
   9.727501E+03  1.447333E-05  2.017678E-06
   9.742501E+03  1.600506E-05  2.121736E-06
   9.757501E+03  1.431703E-05  2.006756E-06
   9.772501E+03  1.575498E-05  2.105099E-06
   9.787501E+03  1.566120E-05  2.098826E-06
   9.802501E+03  1.344176E-05  1.944460E-06
   9.817501E+03  1.519231E-05  2.067175E-06
   9.832501E+03  1.541112E-05  2.082005E-06
   9.847501E+03  1.416072E-05  1.995775E-06
   9.862501E+03  1.497350E-05  2.052237E-06
   9.877501E+03  1.484845E-05  2.043652E-06
   9.892501E+03  1.425452E-05  2.002371E-06
   9.907501E+03  1.491098E-05  2.047949E-06
   9.922501E+03  1.478593E-05  2.039346E-06
   9.937501E+03  1.466089E-05  2.030707E-06
   9.952501E+03  1.444207E-05  2.015498E-06
   9.967501E+03  1.403569E-05  1.986946E-06
   9.982501E+03  1.541114E-05  2.082005E-06
   9.997501E+03  1.472341E-05  2.035031E-06
   1.001250E+04  1.525483E-05  2.071423E-06
   1.002750E+04  1.487971E-05  2.045802E-06
   1.004250E+04  1.472340E-05  2.035031E-06
   1.005750E+04  1.481719E-05  2.041500E-06
   1.007250E+04  1.503601E-05  2.056516E-06
   1.008750E+04  1.466090E-05  2.030707E-06
   1.010250E+04  1.425451E-05  2.002371E-06
   1.011750E+04  1.509854E-05  2.060786E-06
   1.013250E+04  1.519231E-05  2.067175E-06
   1.014750E+04  1.403569E-05  1.986946E-06
   1.016250E+04  1.497348E-05  2.052237E-06
   1.017750E+04  1.531735E-05  2.075662E-06
   1.019250E+04  1.562995E-05  2.096731E-06
   1.020750E+04  1.478594E-05  2.039346E-06
   1.022250E+04  1.487971E-05  2.045802E-06
   1.023750E+04  1.475467E-05  2.037190E-06
   1.025250E+04  1.450459E-05  2.019855E-06
   1.026750E+04  1.359805E-05  1.955730E-06
   1.028250E+04  1.478592E-05  2.039346E-06
   1.029750E+04  1.484845E-05  2.043652E-06
   1.031250E+04  1.462962E-05  2.028541E-06
   1.032750E+04  1.547364E-05  2.086223E-06
   1.034250E+04  1.597380E-05  2.119664E-06
   1.035750E+04  1.441081E-05  2.013316E-06
   1.037250E+04  1.559869E-05  2.094633E-06
   1.038750E+04  1.394193E-05  1.980298E-06
   1.040250E+04  1.497348E-05  2.052237E-06
   1.041750E+04  1.522357E-05  2.069300E-06
   1.043250E+04  1.494222E-05  2.050094E-06
   1.044750E+04  1.494222E-05  2.050094E-06
   1.046250E+04  1.512979E-05  2.062918E-06
   1.047750E+04  1.503601E-05  2.056516E-06
   1.049250E+04  1.528609E-05  2.073544E-06
   1.050750E+04  1.550490E-05  2.088329E-06
   1.052250E+04  1.412947E-05  1.993571E-06
   1.053750E+04  1.472342E-05  2.035031E-06
   1.055250E+04  1.431703E-05  2.006756E-06
   1.056750E+04  1.459837E-05  2.026373E-06
   1.058250E+04  1.447332E-05  2.017678E-06
   1.059750E+04  1.391065E-05  1.978077E-06
   1.061250E+04  1.562994E-05  2.096731E-06
   1.062750E+04  1.566120E-05  2.098826E-06
   1.064250E+04  1.428576E-05  2.004565E-06
   1.065750E+04  1.472341E-05  2.035031E-06
   1.067250E+04  1.500474E-05  2.054378E-06
   1.068750E+04  1.559869E-05  2.094633E-06
   1.070250E+04  1.506726E-05  2.058652E-06
   1.071750E+04  1.491097E-05  2.047949E-06
   1.073250E+04  1.503600E-05  2.056516E-06
   1.074750E+04  1.434828E-05  2.008945E-06
   1.076250E+04  1.434828E-05  2.008945E-06
   1.077750E+04  1.487971E-05  2.045802E-06
   1.079250E+04  1.497348E-05  2.052237E-06
   1.080750E+04  1.422326E-05  2.000175E-06
   1.082250E+04  1.516105E-05  2.065047E-06
   1.083750E+04  1.581751E-05  2.109270E-06
   1.085250E+04  1.466088E-05  2.030707E-06
   1.086750E+04  1.512979E-05  2.062918E-06
   1.088250E+04  1.578624E-05  2.107186E-06
   1.089750E+04  1.656774E-05  2.158701E-06
   1.091250E+04  1.441080E-05  2.013316E-06
   1.092750E+04  1.503601E-05  2.056516E-06
   1.094250E+04  1.541113E-05  2.082005E-06
   1.095750E+04  1.525482E-05  2.071423E-06
   1.097250E+04  1.588002E-05  2.113434E-06
   1.098750E+04  1.459837E-05  2.026373E-06
   1.100250E+04  1.516105E-05  2.065047E-06
   1.101750E+04  1.459837E-05  2.026373E-06
   1.103250E+04  1.556742E-05  2.092534E-06
   1.104750E+04  1.506727E-05  2.058652E-06
   1.106250E+04  1.453585E-05  2.022030E-06
   1.107750E+04  1.397317E-05  1.982516E-06
   1.109250E+04  1.428576E-05  2.004565E-06
   1.110750E+04  1.337923E-05  1.939933E-06
   1.112250E+04  1.537986E-05  2.079893E-06
   1.113750E+04  1.431704E-05  2.006756E-06
   1.115250E+04  1.525483E-05  2.071423E-06
   1.116750E+04  1.547365E-05  2.086223E-06
   1.118250E+04  1.412946E-05  1.993571E-06
   1.119750E+04  1.425450E-05  2.002371E-06
   1.121250E+04  1.484845E-05  2.043652E-06
   1.122750E+04  1.325419E-05  1.930849E-06
   1.124250E+04  1.412947E-05  1.993571E-06
   1.125750E+04  1.466089E-05  2.030707E-06
   1.127250E+04  1.506726E-05  2.058652E-06
   1.128750E+04  1.466088E-05  2.030707E-06
   1.130250E+04  1.256647E-05  1.880099E-06
   1.131750E+04  1.506726E-05  2.058652E-06
   1.133250E+04  1.506728E-05  2.058652E-06
   1.134750E+04  1.550490E-05  2.088329E-06
   1.136250E+04  1.478592E-05  2.039346E-06
   1.137750E+04  1.397317E-05  1.982516E-06
   1.139250E+04  1.394191E-05  1.980298E-06
   1.140750E+04  1.481719E-05  2.041500E-06
   1.142250E+04  1.378561E-05  1.969169E-06
   1.143750E+04  1.475466E-05  2.037190E-06
   1.145250E+04  1.437954E-05  2.011132E-06
   1.146750E+04  1.334797E-05  1.937666E-06
   1.148250E+04  1.437954E-05  2.011132E-06
   1.149750E+04  1.441080E-05  2.013316E-06
   1.151250E+04  1.356679E-05  1.953481E-06
   1.152750E+04  1.487970E-05  2.045802E-06
   1.154250E+04  1.331671E-05  1.935397E-06
   1.155750E+04  1.422324E-05  2.000175E-06
   1.157250E+04  1.434829E-05  2.008945E-06
   1.158750E+04  1.453584E-05  2.022030E-06
   1.160250E+04  1.253522E-05  1.877759E-06
   1.161750E+04  1.350427E-05  1.948976E-06
   1.163250E+04  1.397318E-05  1.982516E-06
   1.164750E+04  1.328545E-05  1.933124E-06
   1.166250E+04  1.441080E-05  2.013316E-06
   1.167750E+04  1.478592E-05  2.039346E-06
   1.169250E+04  1.312915E-05  1.921721E-06
   1.170750E+04  1.328545E-05  1.933124E-06
   1.172250E+04  1.347301E-05  1.946719E-06
   1.173750E+04  1.381687E-05  1.971400E-06
   1.175250E+04  1.241018E-05  1.868372E-06
   1.176750E+04  1.406695E-05  1.989157E-06
   1.178250E+04  1.287907E-05  1.903335E-06
   1.179750E+04  1.462963E-05  2.028541E-06
   1.181250E+04  1.325419E-05  1.930849E-06
   1.182750E+04  1.422324E-05  2.000175E-06
   1.184250E+04  1.306664E-05  1.917141E-06
   1.185750E+04  1.400443E-05  1.984732E-06
   1.187250E+04  1.356679E-05  1.953481E-06
   1.188750E+04  1.347301E-05  1.946719E-06
   1.190250E+04  1.425450E-05  2.002371E-06
   1.191750E+04  1.341049E-05  1.942198E-06
   1.193250E+04  1.287907E-05  1.903335E-06
   1.194750E+04  1.316041E-05  1.924007E-06
   1.196250E+04  1.334797E-05  1.937666E-06
   1.197750E+04  1.281655E-05  1.898710E-06
   1.199250E+04  1.269152E-05  1.889427E-06
   1.200750E+04  1.406695E-05  1.989157E-06
   1.202250E+04  1.294159E-05  1.907948E-06
   1.203750E+04  1.331671E-05  1.935397E-06
   1.205250E+04  1.384813E-05  1.973628E-06
   1.206750E+04  1.394191E-05  1.980298E-06
   1.208250E+04  1.297285E-05  1.910250E-06
   1.209750E+04  1.231640E-05  1.861301E-06
   1.211250E+04  1.297285E-05  1.910250E-06
   1.212750E+04  1.378561E-05  1.969169E-06
   1.214250E+04  1.372309E-05  1.964699E-06
   1.215750E+04  1.228514E-05  1.858938E-06
   1.217250E+04  1.341049E-05  1.942198E-06
   1.218750E+04  1.272277E-05  1.891752E-06
   1.220250E+04  1.287907E-05  1.903335E-06
   1.221750E+04  1.403569E-05  1.986946E-06
   1.223250E+04  1.378561E-05  1.969169E-06
   1.224750E+04  1.253521E-05  1.877759E-06
   1.226250E+04  1.344175E-05  1.944460E-06
   1.227750E+04  1.272278E-05  1.891752E-06
   1.229250E+04  1.316041E-05  1.924007E-06
   1.230750E+04  1.203505E-05  1.839923E-06
   1.232250E+04  1.222262E-05  1.854202E-06
   1.233750E+04  1.241018E-05  1.868372E-06
   1.235250E+04  1.184750E-05  1.825532E-06
   1.236750E+04  1.328545E-05  1.933124E-06
   1.238250E+04  1.275404E-05  1.894075E-06
   1.239750E+04  1.356679E-05  1.953481E-06
   1.241250E+04  1.275403E-05  1.894075E-06
   1.242750E+04  1.162867E-05  1.808598E-06
   1.244250E+04  1.291033E-05  1.905643E-06
   1.245750E+04  1.234765E-05  1.863661E-06
   1.247250E+04  1.366057E-05  1.960220E-06
   1.248750E+04  1.165993E-05  1.811027E-06
   1.250250E+04  1.253521E-05  1.877759E-06
   1.251750E+04  1.181623E-05  1.823123E-06
   1.253250E+04  1.144112E-05  1.793956E-06
   1.254750E+04  1.206631E-05  1.842311E-06
   1.256250E+04  1.250395E-05  1.875417E-06
   1.257750E+04  1.250396E-05  1.875417E-06
   1.259250E+04  1.328545E-05  1.933124E-06
   1.260750E+04  1.191001E-05  1.830342E-06
   1.262250E+04  1.197253E-05  1.835139E-06
   1.263750E+04  1.172246E-05  1.815875E-06
   1.265250E+04  1.147238E-05  1.796405E-06
   1.266750E+04  1.269151E-05  1.889427E-06
   1.268250E+04  1.184749E-05  1.825532E-06
   1.269750E+04  1.187875E-05  1.827939E-06
   1.271250E+04  1.144112E-05  1.793956E-06
   1.272750E+04  1.203505E-05  1.839923E-06
   1.274250E+04  1.144112E-05  1.793956E-06
   1.275750E+04  1.241017E-05  1.868372E-06
   1.277250E+04  1.203505E-05  1.839923E-06
   1.278750E+04  1.144112E-05  1.793956E-06
   1.280250E+04  1.228514E-05  1.858938E-06
   1.281750E+04  1.087844E-05  1.749294E-06
   1.283250E+04  1.165993E-05  1.811027E-06
   1.284750E+04  1.112852E-05  1.769283E-06
   1.286250E+04  1.140986E-05  1.791504E-06
   1.287750E+04  1.075340E-05  1.739213E-06
   1.289250E+04  1.103474E-05  1.761814E-06
   1.290750E+04  1.206631E-05  1.842311E-06
   1.292250E+04  1.234765E-05  1.863661E-06
   1.293750E+04  1.234765E-05  1.863661E-06
   1.295250E+04  1.200379E-05  1.837533E-06
   1.296750E+04  1.147238E-05  1.796405E-06
   1.298250E+04  1.078466E-05  1.741738E-06
   1.299750E+04  1.003442E-05  1.680074E-06
   1.301250E+04  1.197253E-05  1.835139E-06
   1.302750E+04  1.109726E-05  1.766797E-06
   1.304250E+04  1.194127E-05  1.832742E-06
   1.305750E+04  1.137860E-05  1.789049E-06
   1.307250E+04  1.156615E-05  1.803731E-06
   1.308750E+04  1.131608E-05  1.784128E-06
   1.310250E+04  1.053458E-05  1.721429E-06
   1.311750E+04  1.159741E-05  1.806166E-06
   1.313250E+04  1.150364E-05  1.798850E-06
   1.314750E+04  1.078466E-05  1.741738E-06
   1.316250E+04  1.103474E-05  1.761814E-06
   1.317750E+04  1.012820E-05  1.687905E-06
   1.319250E+04  1.100348E-05  1.759317E-06
   1.320750E+04  1.153489E-05  1.801292E-06
   1.322250E+04  1.053458E-05  1.721429E-06
   1.323750E+04  1.144112E-05  1.793956E-06
   1.325250E+04  1.031576E-05  1.703460E-06
   1.326750E+04  1.097222E-05  1.756816E-06
   1.328250E+04  1.065962E-05  1.731614E-06
   1.329750E+04  9.909381E-06  1.669575E-06
   1.331250E+04  1.015946E-05  1.690508E-06
   1.332750E+04  1.056584E-05  1.723981E-06
   1.334250E+04  1.125356E-05  1.779193E-06
   1.335750E+04  1.050332E-05  1.718874E-06
   1.337250E+04  1.062836E-05  1.729073E-06
   1.338750E+04  1.137860E-05  1.789049E-06
   1.340250E+04  1.162867E-05  1.808598E-06
   1.341750E+04  1.000316E-05  1.677455E-06
   1.343250E+04  1.094096E-05  1.754312E-06
   1.344750E+04  1.034702E-05  1.706038E-06
   1.346250E+04  9.815602E-06  1.661657E-06
   1.347750E+04  9.690562E-06  1.651041E-06
   1.349250E+04  9.815602E-06  1.661657E-06
   1.350750E+04  9.534263E-06  1.637674E-06
   1.352250E+04  1.053458E-05  1.721429E-06
   1.353750E+04  9.940641E-06  1.672206E-06
   1.355250E+04  9.565523E-06  1.640356E-06
   1.356750E+04  9.534263E-06  1.637674E-06
   1.358250E+04  1.040954E-05  1.711184E-06
   1.359750E+04  8.627731E-06  1.557883E-06
   1.361250E+04  1.040954E-05  1.711184E-06
   1.362750E+04  9.784342E-06  1.659009E-06
   1.364250E+04  9.190404E-06  1.607875E-06
   1.365750E+04  1.087844E-05  1.749294E-06
   1.367250E+04  1.134734E-05  1.786590E-06
   1.368750E+04  9.377963E-06  1.624197E-06
   1.370250E+04  1.050332E-05  1.718874E-06
   1.371750E+04  9.471748E-06  1.632296E-06
   1.373250E+04  8.158828E-06  1.514964E-06
   1.374750E+04  9.471743E-06  1.632296E-06
   1.376250E+04  9.753082E-06  1.656357E-06
   1.377750E+04  9.753082E-06  1.656357E-06
   1.379250E+04  9.096624E-06  1.599652E-06
   1.380750E+04  9.034105E-06  1.594146E-06
   1.382250E+04  9.690562E-06  1.651041E-06
   1.383750E+04  1.081592E-05  1.744261E-06
   1.385250E+04  9.690562E-06  1.651041E-06
   1.386750E+04  1.044080E-05  1.713751E-06
   1.388250E+04  9.346704E-06  1.621488E-06
   1.389750E+04  1.015946E-05  1.690508E-06
   1.391250E+04  9.002845E-06  1.591386E-06
   1.392750E+04  9.503003E-06  1.634987E-06
   1.394250E+04  9.034105E-06  1.594146E-06
   1.395750E+04  9.784342E-06  1.659009E-06
   1.397250E+04  9.065365E-06  1.596901E-06
   1.398750E+04  9.409223E-06  1.626901E-06
   1.400250E+04  9.565523E-06  1.640356E-06
   1.401750E+04  1.044080E-05  1.713751E-06
   1.403250E+04  9.846862E-06  1.664300E-06
   1.404750E+04  8.877805E-06  1.580297E-06
   1.406250E+04  8.596466E-06  1.555059E-06
   1.407750E+04  9.596783E-06  1.643034E-06
   1.409250E+04  9.252924E-06  1.613334E-06
   1.410750E+04  7.752450E-06  1.476757E-06
   1.412250E+04  8.971585E-06  1.588621E-06
   1.413750E+04  8.127568E-06  1.512059E-06
   1.415250E+04  9.284184E-06  1.616056E-06
   1.416750E+04  8.408907E-06  1.538003E-06
   1.418250E+04  8.658986E-06  1.560703E-06
   1.419750E+04  9.190404E-06  1.607875E-06
   1.421250E+04  7.846229E-06  1.485661E-06
   1.422750E+04  8.502687E-06  1.546555E-06
   1.424250E+04  7.408591E-06  1.443639E-06
   1.425750E+04  9.002845E-06  1.591386E-06
   1.427250E+04  8.940325E-06  1.585851E-06
   1.428750E+04  8.033789E-06  1.503311E-06
   1.430250E+04  7.877489E-06  1.488618E-06
   1.431750E+04  8.221348E-06  1.520756E-06
   1.433250E+04  8.971585E-06  1.588621E-06
   1.434750E+04  8.221348E-06  1.520756E-06
   1.436250E+04  7.346076E-06  1.437535E-06
   1.437750E+04  7.283552E-06  1.431406E-06
   1.439250E+04  8.815286E-06  1.574724E-06
   1.440750E+04  7.689930E-06  1.470791E-06
   1.442250E+04  8.408907E-06  1.538003E-06
   1.443750E+04  8.252608E-06  1.523644E-06
   1.445250E+04  8.315128E-06  1.529404E-06
   1.446750E+04  7.971269E-06  1.497451E-06
   1.448250E+04  8.065049E-06  1.506233E-06
   1.449750E+04  9.315444E-06  1.618774E-06
   1.451250E+04  7.783710E-06  1.479731E-06
   1.452750E+04  7.846229E-06  1.485661E-06
   1.454250E+04  9.034105E-06  1.594146E-06
   1.455750E+04  8.283868E-06  1.526527E-06
   1.457250E+04  8.627726E-06  1.557883E-06
   1.458750E+04  7.408591E-06  1.443639E-06
   1.460250E+04  7.814969E-06  1.482699E-06
   1.461750E+04  8.440167E-06  1.540859E-06
   1.463250E+04  8.127568E-06  1.512059E-06
   1.464750E+04  8.596466E-06  1.555059E-06
   1.466250E+04  8.002529E-06  1.500384E-06
   1.467750E+04  8.033789E-06  1.503311E-06
   1.469250E+04  8.315128E-06  1.529404E-06
   1.470750E+04  7.533631E-06  1.455769E-06
   1.472250E+04  9.440483E-06  1.629601E-06
   1.473750E+04  8.096308E-06  1.509149E-06
   1.475250E+04  8.752766E-06  1.569130E-06
   1.476750E+04  7.940009E-06  1.494512E-06
   1.478250E+04  7.439851E-06  1.446681E-06
   1.479750E+04  7.471111E-06  1.449717E-06
   1.481250E+04  8.158828E-06  1.514964E-06
   1.482750E+04  8.971585E-06  1.588621E-06
   1.484250E+04  8.408907E-06  1.538003E-06
   1.485750E+04  8.533947E-06  1.549395E-06
   1.487250E+04  8.127568E-06  1.512059E-06
   1.488750E+04  8.815286E-06  1.574724E-06
   1.490250E+04  9.190404E-06  1.607875E-06
   1.491750E+04  8.877805E-06  1.580297E-06
   1.493250E+04  9.471743E-06  1.632296E-06
   1.494750E+04  8.846545E-06  1.577513E-06
   1.496250E+04  7.408591E-06  1.443639E-06
   1.497750E+04  6.845913E-06  1.387741E-06
   1.499250E+04  3.954375E-05  3.334456E-06
