 #  Results from PENEPMA.
 #  Energy distribution of upbound electrons.
 #  1st column: E (eV).
 #  2nd and 3rd columns: probability density and STU (1/(eV*particle)).

   7.500001E+00  1.000000E-35  1.000000E-35
   2.250000E+01  1.000000E-35  1.000000E-35
   3.750000E+01  1.000000E-35  1.000000E-35
   5.250001E+01  1.000000E-35  1.000000E-35
   6.750001E+01  1.000000E-35  1.000000E-35
   8.250001E+01  1.000000E-35  1.000000E-35
   9.750001E+01  3.667530E-06  3.212930E-07
   1.125000E+02  1.030938E-05  5.404702E-07
   1.275000E+02  9.618673E-06  5.183682E-07
   1.425000E+02  9.094373E-06  5.038091E-07
   1.575000E+02  8.645377E-06  4.883005E-07
   1.725000E+02  8.369776E-06  4.795164E-07
   1.875000E+02  7.851378E-06  4.593310E-07
   2.025000E+02  7.703438E-06  4.531377E-07
   2.175000E+02  7.271460E-06  4.368945E-07
   2.325000E+02  7.041641E-06  4.270758E-07
   2.475000E+02  6.648907E-06  4.122516E-07
   2.625000E+02  6.716800E-06  4.098126E-07
   2.775000E+02  6.256035E-06  3.947714E-07
   2.925000E+02  6.448443E-06  3.859346E-07
   3.075000E+02  5.815346E-06  3.777579E-07
   3.225000E+02  5.785865E-06  3.738501E-07
   3.375000E+02  5.563226E-06  3.636071E-07
   3.525000E+02  5.435108E-06  3.542046E-07
   3.675000E+02  5.300204E-06  3.464627E-07
   3.825000E+02  5.358396E-06  3.456276E-07
   3.975000E+02  5.416012E-06  3.450513E-07
   4.125000E+02  5.423688E-06  3.421284E-07
   4.275000E+02  5.367564E-06  3.377830E-07
   4.425000E+02  5.232987E-06  3.335548E-07
   4.575000E+02  5.090025E-06  3.312304E-07
   4.725000E+02  5.937548E-06  3.347490E-07
   4.875000E+02  6.671027E-06  3.379241E-07
   5.025001E+02  6.583837E-06  3.197672E-07
   5.175001E+02  3.348681E-06  3.136511E-07
   5.325001E+02  3.613339E-06  3.267900E-07
   5.475001E+02  3.276494E-06  3.102248E-07
   5.625001E+02  3.178113E-06  3.060986E-07
   5.775001E+02  3.443263E-06  3.183098E-07
   5.925001E+02  3.232802E-06  3.080873E-07
   6.075001E+02  3.296884E-06  3.107431E-07
   6.225001E+02  3.349812E-06  3.133481E-07
   6.375001E+02  3.307535E-06  3.109257E-07
   6.525001E+02  3.245348E-06  3.081382E-07
   6.675001E+02  3.150676E-06  3.028299E-07
   6.825001E+02  3.232362E-06  3.076353E-07
   6.975001E+02  3.243221E-06  3.076463E-07
   7.125001E+02  3.002048E-06  2.956754E-07
   7.275001E+02  3.328245E-06  3.112891E-07
   7.425001E+02  3.078520E-06  2.984754E-07
   7.575001E+02  3.063253E-06  2.981113E-07
   7.725001E+02  2.925726E-06  2.908717E-07
   7.875001E+02  3.189905E-06  3.038866E-07
   8.025001E+02  3.303073E-06  3.095187E-07
   8.175001E+02  3.050510E-06  2.971253E-07
   8.325001E+02  2.846188E-06  2.859779E-07
   8.475001E+02  2.863795E-06  2.870352E-07
   8.625001E+02  2.919385E-06  2.898600E-07
   8.775001E+02  3.027999E-06  2.950958E-07
   8.925001E+02  2.920464E-06  2.888658E-07
   9.075001E+02  3.041546E-06  2.952960E-07
   9.225001E+02  3.010192E-06  2.944125E-07
   9.375001E+02  3.122958E-06  2.997403E-07
   9.525001E+02  2.905826E-06  2.879908E-07
   9.675001E+02  2.922153E-06  2.887042E-07
   9.825001E+02  2.931363E-06  2.885635E-07
   9.975001E+02  2.951313E-06  2.896180E-07
   1.012500E+03  2.925137E-06  2.877112E-07
   1.027500E+03  2.882794E-06  2.859141E-07
   1.042500E+03  2.978577E-06  2.900264E-07
   1.057500E+03  2.920606E-06  2.872168E-07
   1.072500E+03  2.950876E-06  2.884709E-07
   1.087500E+03  3.027827E-06  2.918175E-07
   1.102500E+03  2.947129E-06  2.882746E-07
   1.117500E+03  3.070227E-06  2.940884E-07
   1.132500E+03  2.957149E-06  2.886363E-07
   1.147500E+03  3.034462E-06  2.916900E-07
   1.162500E+03  3.057425E-06  2.932153E-07
   1.177500E+03  3.270320E-06  3.036452E-07
   1.192500E+03  2.963146E-06  2.879860E-07
   1.207500E+03  2.976956E-06  2.887112E-07
   1.222500E+03  2.995022E-06  2.895748E-07
   1.237500E+03  3.038105E-06  2.920109E-07
   1.252500E+03  3.067306E-06  2.924404E-07
   1.267500E+03  3.218928E-06  2.995015E-07
   1.282500E+03  2.912327E-06  2.843118E-07
   1.297500E+03  3.321906E-06  3.052064E-07
   1.312500E+03  3.076734E-06  2.918082E-07
   1.327500E+03  3.215359E-06  2.999732E-07
   1.342500E+03  3.218206E-06  2.985344E-07
   1.357500E+03  3.043155E-06  2.893780E-07
   1.372500E+03  2.967274E-06  2.876636E-07
   1.387500E+03  3.204037E-06  2.898313E-07
   1.402500E+03  3.006417E-06  2.919227E-07
   1.417500E+03  2.918547E-06  2.858481E-07
   1.432500E+03  3.078088E-06  2.945828E-07
   1.447500E+03  3.186924E-06  3.003767E-07
   1.462500E+03  3.164660E-06  2.988716E-07
   1.477500E+03  3.051445E-06  2.930348E-07
   1.492500E+03  3.163901E-06  2.991912E-07
   1.507500E+03  3.108861E-06  2.964579E-07
   1.522500E+03  3.166049E-06  2.964702E-07
   1.537500E+03  3.092180E-06  2.962489E-07
   1.552500E+03  2.965898E-06  2.903227E-07
   1.567500E+03  3.253577E-06  2.945771E-07
   1.582500E+03  3.021999E-06  2.963992E-07
   1.597500E+03  3.104072E-06  3.007927E-07
   1.612500E+03  3.594523E-06  3.000591E-07
   1.627500E+03  2.711129E-06  2.854254E-07
   1.642500E+03  2.890890E-06  2.947178E-07
   1.657500E+03  2.962032E-06  2.973505E-07
   1.672500E+03  2.839943E-06  2.921177E-07
   1.687500E+03  2.947483E-06  2.979570E-07
   1.702500E+03  3.078188E-06  3.032708E-07
   1.717500E+03  3.009807E-06  3.000570E-07
   1.732500E+03  3.148584E-06  3.083338E-07
   1.747500E+03  2.965259E-06  2.992940E-07
   1.762500E+03  2.940659E-06  2.980998E-07
   1.777500E+03  3.131776E-06  3.075084E-07
   1.792500E+03  2.999943E-06  3.009906E-07
   1.807500E+03  2.951162E-06  2.984510E-07
   1.822500E+03  2.905863E-06  2.962241E-07
   1.837500E+03  2.945989E-06  2.982757E-07
   1.852500E+03  3.175272E-06  3.099776E-07
   1.867500E+03  3.212604E-06  3.114509E-07
   1.882500E+03  3.136308E-06  3.078331E-07
   1.897500E+03  3.240851E-06  3.129111E-07
   1.912500E+03  3.075963E-06  3.048467E-07
   1.927500E+03  3.085713E-06  3.053456E-07
   1.942500E+03  3.107777E-06  3.065048E-07
   1.957500E+03  3.266834E-06  3.142057E-07
   1.972500E+03  3.227046E-06  3.122597E-07
   1.987500E+03  3.068134E-06  3.045101E-07
   2.002500E+03  3.092061E-06  3.056774E-07
   2.017500E+03  3.328611E-06  3.171076E-07
   2.032500E+03  3.120207E-06  3.070082E-07
   2.047500E+03  3.355490E-06  3.183874E-07
   2.062500E+03  3.165000E-06  3.091561E-07
   2.077500E+03  3.379376E-06  3.195039E-07
   2.092500E+03  3.200691E-06  3.109561E-07
   2.107500E+03  3.146898E-06  3.083295E-07
   2.122500E+03  3.385526E-06  3.198206E-07
   2.137500E+03  3.359742E-06  3.185493E-07
   2.152500E+03  3.225501E-06  3.121016E-07
   2.167500E+03  3.422154E-06  3.215632E-07
   2.182500E+03  3.555571E-06  3.279862E-07
   2.197500E+03  3.488359E-06  3.245587E-07
   2.212500E+03  3.463195E-06  3.237706E-07
   2.227500E+03  3.482813E-06  3.243966E-07
   2.242500E+03  3.521796E-06  3.261207E-07
   2.257500E+03  3.612183E-06  3.303014E-07
   2.272500E+03  3.520327E-06  3.261171E-07
   2.287500E+03  3.738620E-06  3.360954E-07
   2.302500E+03  3.370160E-06  3.190286E-07
   2.317500E+03  3.651052E-06  3.321395E-07
   2.332500E+03  3.621163E-06  3.307601E-07
   2.347500E+03  3.674820E-06  3.330653E-07
   2.362500E+03  3.619053E-06  3.306095E-07
   2.377500E+03  3.721174E-06  3.351934E-07
   2.392500E+03  3.562301E-06  3.279862E-07
   2.407500E+03  3.689290E-06  3.338217E-07
   2.422500E+03  3.742699E-06  3.365506E-07
   2.437500E+03  3.611424E-06  3.302996E-07
   2.452500E+03  3.659934E-06  3.324507E-07
   2.467500E+03  3.830272E-06  3.401566E-07
   2.482500E+03  3.890569E-06  3.428354E-07
   2.497500E+03  3.794006E-06  3.385105E-07
   2.512500E+03  3.865687E-06  3.416520E-07
   2.527500E+03  3.753127E-06  3.367025E-07
   2.542500E+03  3.839431E-06  3.406024E-07
   2.557500E+03  3.879145E-06  3.422466E-07
   2.572500E+03  3.736142E-06  3.359463E-07
   2.587500E+03  4.089251E-06  3.514751E-07
   2.602500E+03  4.033186E-06  3.490104E-07
   2.617500E+03  3.971594E-06  3.463764E-07
   2.632500E+03  4.060249E-06  3.501740E-07
   2.647500E+03  3.928255E-06  3.444642E-07
   2.662500E+03  4.069802E-06  3.506080E-07
   2.677500E+03  4.055636E-06  3.503162E-07
   2.692500E+03  4.025389E-06  3.487165E-07
   2.707500E+03  4.226036E-06  3.572185E-07
   2.722500E+03  3.835417E-06  3.406089E-07
   2.737500E+03  3.910372E-06  3.437230E-07
   2.752500E+03  4.024192E-06  3.485758E-07
   2.767500E+03  4.381827E-06  3.638400E-07
   2.782500E+03  4.098241E-06  3.521950E-07
   2.797500E+03  4.054981E-06  3.498870E-07
   2.812500E+03  4.124301E-06  3.529217E-07
   2.827500E+03  4.249750E-06  3.582136E-07
   2.842500E+03  4.240841E-06  3.579247E-07
   2.857500E+03  4.315160E-06  3.610363E-07
   2.872500E+03  4.167621E-06  3.547883E-07
   2.887500E+03  4.158448E-06  3.543603E-07
   2.902500E+03  4.251811E-06  3.583525E-07
   2.917500E+03  4.648809E-06  3.747173E-07
   2.932500E+03  4.366298E-06  3.631436E-07
   2.947500E+03  4.330404E-06  3.616031E-07
   2.962500E+03  4.292316E-06  3.600511E-07
   2.977500E+03  4.401895E-06  3.645451E-07
   2.992500E+03  4.342932E-06  3.621629E-07
   3.007500E+03  4.534531E-06  3.703511E-07
   3.022500E+03  4.376356E-06  3.635633E-07
   3.037500E+03  4.530418E-06  3.699375E-07
   3.052500E+03  4.333926E-06  3.617441E-07
   3.067500E+03  4.558600E-06  3.710379E-07
   3.082500E+03  4.423072E-06  3.655146E-07
   3.097500E+03  4.564581E-06  3.713102E-07
   3.112500E+03  4.543506E-06  3.704859E-07
   3.127500E+03  4.439398E-06  3.660769E-07
   3.142500E+03  4.714655E-06  3.772901E-07
   3.157500E+03  4.716199E-06  3.774209E-07
   3.172500E+03  4.820393E-06  3.818394E-07
   3.187500E+03  4.628428E-06  3.739021E-07
   3.202500E+03  4.700557E-06  3.768771E-07
   3.217500E+03  4.765071E-06  3.793056E-07
   3.232500E+03  4.387641E-06  3.638530E-07
   3.247500E+03  4.680023E-06  3.760662E-07
   3.262500E+03  4.935627E-06  3.862023E-07
   3.277500E+03  4.647878E-06  3.747153E-07
   3.292500E+03  4.841529E-06  3.824993E-07
   3.307500E+03  4.921888E-06  3.849257E-07
   3.322500E+03  4.983505E-06  3.881661E-07
   3.337500E+03  4.881388E-06  3.842149E-07
   3.352500E+03  5.164101E-06  3.951721E-07
   3.367500E+03  5.081332E-06  3.919459E-07
   3.382500E+03  4.765750E-06  3.795606E-07
   3.397500E+03  4.945810E-06  3.867215E-07
   3.412500E+03  5.117407E-06  3.936264E-07
   3.427500E+03  5.073533E-06  3.919437E-07
   3.442500E+03  4.938892E-06  3.864581E-07
   3.457500E+03  5.061165E-06  3.911671E-07
   3.472500E+03  5.122026E-06  3.934998E-07
   3.487500E+03  5.036737E-06  3.902545E-07
   3.502500E+03  5.115935E-06  3.933650E-07
   3.517500E+03  5.315507E-06  4.009188E-07
   3.532500E+03  5.350030E-06  4.021865E-07
   3.547500E+03  5.142010E-06  3.942737E-07
   3.562500E+03  5.265103E-06  3.990126E-07
   3.577500E+03  5.422696E-06  4.049547E-07
   3.592500E+03  5.201055E-06  3.965845E-07
   3.607500E+03  4.999196E-06  3.888180E-07
   3.622500E+03  5.232514E-06  3.976178E-07
   3.637500E+03  5.492547E-06  4.078300E-07
   3.652500E+03  5.455591E-06  4.062065E-07
   3.667500E+03  5.348025E-06  4.021824E-07
   3.682500E+03  5.516257E-06  4.084530E-07
   3.697500E+03  5.489195E-06  4.074559E-07
   3.712500E+03  5.183142E-06  3.959409E-07
   3.727500E+03  5.599910E-06  4.115516E-07
   3.742500E+03  5.697574E-06  4.151181E-07
   3.757500E+03  5.667500E-06  4.140150E-07
   3.772500E+03  5.623272E-06  4.124148E-07
   3.787500E+03  5.606828E-06  4.117989E-07
   3.802500E+03  5.546304E-06  4.095711E-07
   3.817500E+03  5.616533E-06  4.121683E-07
   3.832500E+03  5.633719E-06  4.127851E-07
   3.847500E+03  5.556047E-06  4.099425E-07
   3.862500E+03  5.603649E-06  4.116758E-07
   3.877500E+03  5.835013E-06  4.201075E-07
   3.892500E+03  5.452199E-06  4.060814E-07
   3.907500E+03  6.111171E-06  4.299151E-07
   3.922500E+03  5.868996E-06  4.213164E-07
   3.937500E+03  5.596741E-06  4.114284E-07
   3.952500E+03  5.757889E-06  4.173159E-07
   3.967500E+03  5.979534E-06  4.252782E-07
   3.982500E+03  5.871986E-06  4.214363E-07
   3.997500E+03  5.697209E-06  4.153622E-07
   4.012500E+03  6.144412E-06  4.315665E-07
   4.027500E+03  6.083908E-06  4.289676E-07
   4.042500E+03  6.077385E-06  4.289679E-07
   4.057500E+03  5.912315E-06  4.228811E-07
   4.072500E+03  6.120692E-06  4.302686E-07
   4.087500E+03  6.369430E-06  4.389231E-07
   4.102500E+03  6.147574E-06  4.312126E-07
   4.117500E+03  6.265220E-06  4.353185E-07
   4.132500E+03  6.302570E-06  4.366017E-07
   4.147500E+03  6.265403E-06  4.353189E-07
   4.162500E+03  6.537475E-06  4.446754E-07
   4.177500E+03  6.080352E-06  4.288487E-07
   4.192500E+03  6.456792E-06  4.421537E-07
   4.207500E+03  6.147765E-06  4.312130E-07
   4.222500E+03  6.423194E-06  4.407720E-07
   4.237500E+03  6.638307E-06  4.480913E-07
   4.252500E+03  6.493955E-06  4.431874E-07
   4.267500E+03  6.443373E-06  4.414634E-07
   4.282500E+03  6.493765E-06  4.431870E-07
   4.297500E+03  6.951067E-06  4.585192E-07
   4.312500E+03  6.473607E-06  4.424984E-07
   4.327500E+03  7.011387E-06  4.605099E-07
   4.342500E+03  6.557616E-06  4.453607E-07
   4.357500E+03  6.477498E-06  4.426142E-07
   4.372500E+03  6.715772E-06  4.506930E-07
   4.387500E+03  6.594606E-06  4.466143E-07
   4.402500E+03  6.782824E-06  4.529425E-07
   4.417500E+03  6.540819E-06  4.447897E-07
   4.432500E+03  6.661821E-06  4.488846E-07
   4.447500E+03  6.809722E-06  4.538394E-07
   4.462500E+03  6.648371E-06  4.484315E-07
   4.477500E+03  6.534094E-06  4.445611E-07
   4.492500E+03  6.560973E-06  4.454748E-07
   4.507500E+03  6.873573E-06  4.559623E-07
   4.522500E+03  6.890565E-06  4.565196E-07
   4.537500E+03  6.910542E-06  4.574091E-07
   4.552500E+03  7.108852E-06  4.636995E-07
   4.567500E+03  6.860122E-06  4.555161E-07
   4.582500E+03  7.377726E-06  4.723869E-07
   4.597500E+03  6.819791E-06  4.541752E-07
   4.612500E+03  7.065336E-06  4.622727E-07
   4.627500E+03  6.937435E-06  4.580753E-07
   4.642500E+03  6.964317E-06  4.589621E-07
   4.657500E+03  7.223126E-06  4.674114E-07
   4.672500E+03  7.129174E-06  4.643570E-07
   4.687500E+03  7.072044E-06  4.624926E-07
   4.702500E+03  7.044992E-06  4.616122E-07
   4.717500E+03  7.209676E-06  4.669762E-07
   4.732500E+03  7.441579E-06  4.744268E-07
   4.747500E+03  7.132358E-06  4.644662E-07
   4.762500E+03  7.219752E-06  4.673026E-07
   4.777500E+03  7.360937E-06  4.718486E-07
   4.792500E+03  7.327313E-06  4.707702E-07
   4.807500E+03  7.092017E-06  4.631512E-07
   4.822500E+03  7.441582E-06  4.744268E-07
   4.837500E+03  7.428142E-06  4.739981E-07
   4.852500E+03  7.387812E-06  4.727096E-07
   4.867500E+03  7.444945E-06  4.747481E-07
   4.882500E+03  7.354377E-06  4.716335E-07
   4.897500E+03  7.498723E-06  4.762445E-07
   4.912500E+03  7.619722E-06  4.800711E-07
   4.927500E+03  7.407969E-06  4.733543E-07
   4.942500E+03  7.636523E-06  4.808117E-07
   4.957500E+03  7.518884E-06  4.768844E-07
   4.972500E+03  7.643250E-06  4.808116E-07
   4.987500E+03  7.824930E-06  4.864866E-07
   5.002501E+03  7.760895E-06  4.844972E-07
   5.017501E+03  7.428141E-06  4.739981E-07
   5.032501E+03  7.673494E-06  4.817620E-07
   5.047501E+03  7.680211E-06  4.819730E-07
   5.062501E+03  7.814665E-06  4.861728E-07
   5.077501E+03  7.841553E-06  4.870084E-07
   5.092501E+03  8.123887E-06  4.956972E-07
   5.107501E+03  7.690291E-06  4.822893E-07
   5.122501E+03  7.834825E-06  4.867996E-07
   5.137501E+03  7.717189E-06  4.831316E-07
   5.152501E+03  7.801213E-06  4.859637E-07
   5.167501E+03  8.181011E-06  4.976416E-07
   5.182501E+03  7.986071E-06  4.914754E-07
   5.197501E+03  8.056662E-06  4.936423E-07
   5.212501E+03  7.875171E-06  4.880509E-07
   5.227501E+03  7.982717E-06  4.913720E-07
   5.242501E+03  8.049934E-06  4.934364E-07
   5.257501E+03  8.181017E-06  4.974372E-07
   5.272501E+03  8.258319E-06  4.997816E-07
   5.287501E+03  8.100352E-06  4.949790E-07
   5.302501E+03  8.181022E-06  4.974372E-07
   5.317501E+03  8.133965E-06  4.960047E-07
   5.332501E+03  8.231435E-06  4.989674E-07
   5.347501E+03  8.228075E-06  4.988656E-07
   5.362501E+03  8.382688E-06  5.035302E-07
   5.377501E+03  8.298651E-06  5.010005E-07
   5.392501E+03  8.288577E-06  5.006960E-07
   5.407501E+03  8.459985E-06  5.058464E-07
   5.422501E+03  8.389404E-06  5.037321E-07
   5.437501E+03  8.187739E-06  4.976415E-07
   5.452501E+03  8.554095E-06  5.086519E-07
   5.467501E+03  8.197815E-06  4.979478E-07
   5.482501E+03  8.476974E-06  5.063488E-07
   5.497501E+03  8.661658E-06  5.118393E-07
   5.512501E+03  8.742312E-06  5.144146E-07
   5.527501E+03  8.628043E-06  5.108454E-07
   5.542501E+03  8.550737E-06  5.085519E-07
   5.557501E+03  8.987688E-06  5.213820E-07
   5.572501E+03  8.439818E-06  5.052432E-07
   5.587501E+03  8.698628E-06  5.129304E-07
   5.602501E+03  8.796088E-06  5.157958E-07
   5.617501E+03  8.943983E-06  5.201133E-07
   5.632501E+03  8.920453E-06  5.194288E-07
   5.647501E+03  8.806175E-06  5.160914E-07
   5.662501E+03  8.960782E-06  5.206016E-07
   5.677501E+03  8.873580E-06  5.180574E-07
   5.692501E+03  9.088509E-06  5.242982E-07
   5.707501E+03  8.782638E-06  5.154015E-07
   5.722501E+03  9.014563E-06  5.221613E-07
   5.737501E+03  8.786002E-06  5.155001E-07
   5.752501E+03  9.206150E-06  5.276800E-07
   5.767501E+03  9.263290E-06  5.293148E-07
   5.782501E+03  9.135567E-06  5.256535E-07
   5.797501E+03  9.118753E-06  5.251699E-07
   5.812501E+03  9.219595E-06  5.280651E-07
   5.827501E+03  9.189338E-06  5.271982E-07
   5.842501E+03  9.044807E-06  5.230365E-07
   5.857501E+03  9.128834E-06  5.254601E-07
   5.872501E+03  9.535536E-06  5.370358E-07
   5.887501E+03  9.216221E-06  5.279689E-07
   5.902501E+03  9.098590E-06  5.245889E-07
   5.917501E+03  9.599402E-06  5.388309E-07
   5.932501E+03  9.364122E-06  5.321875E-07
   5.947501E+03  9.633011E-06  5.397732E-07
   5.962501E+03  9.737198E-06  5.426842E-07
   5.977501E+03  9.458227E-06  5.348548E-07
   5.992501E+03  9.599401E-06  5.388309E-07
   6.007501E+03  9.569140E-06  5.379813E-07
   6.022501E+03  9.448146E-06  5.345696E-07
   6.037501E+03  9.589311E-06  5.385478E-07
   6.052501E+03  9.508640E-06  5.362782E-07
   6.067501E+03  9.444780E-06  5.344745E-07
   6.082501E+03  9.589303E-06  5.385478E-07
   6.097501E+03  9.680058E-06  5.410898E-07
   6.112501E+03  9.394361E-06  5.330463E-07
   6.127501E+03  9.740549E-06  5.427778E-07
   6.142501E+03  9.730476E-06  5.424968E-07
   6.157501E+03  1.002289E-05  5.505868E-07
   6.172501E+03  9.764091E-06  5.434328E-07
   6.187501E+03  9.851476E-06  5.458590E-07
   6.202501E+03  9.982557E-06  5.494780E-07
   6.217501E+03  9.669967E-06  5.408080E-07
   6.232501E+03  9.794326E-06  5.442739E-07
   6.247501E+03  9.764083E-06  5.434328E-07
   6.262501E+03  9.922056E-06  5.478107E-07
   6.277501E+03  9.962387E-06  5.489228E-07
   6.292501E+03  9.693507E-06  5.414654E-07
   6.307501E+03  9.965742E-06  5.490154E-07
   6.322501E+03  1.019094E-05  5.551828E-07
   6.337501E+03  9.979187E-06  5.493855E-07
   6.352501E+03  9.962381E-06  5.489228E-07
   6.367501E+03  1.021783E-05  5.559147E-07
   6.382501E+03  1.012035E-05  5.532571E-07
   6.397501E+03  1.049681E-05  5.634513E-07
   6.412501E+03  1.018758E-05  5.550913E-07
   6.427501E+03  9.935496E-06  5.481816E-07
   6.442501E+03  1.005314E-05  5.514169E-07
   6.457501E+03  1.020438E-05  5.555489E-07
   6.472501E+03  1.016404E-05  5.544500E-07
   6.487501E+03  1.009011E-05  5.524298E-07
   6.502501E+03  1.058419E-05  5.657916E-07
   6.517501E+03  1.028169E-05  5.576489E-07
   6.532501E+03  1.025479E-05  5.569194E-07
   6.547501E+03  1.027161E-05  5.573755E-07
   6.562501E+03  1.025480E-05  5.569194E-07
   6.577501E+03  1.044302E-05  5.620064E-07
   6.592501E+03  1.077577E-05  5.708885E-07
   6.607501E+03  1.068503E-05  5.684799E-07
   6.622501E+03  1.079258E-05  5.713334E-07
   6.637501E+03  1.046655E-05  5.626390E-07
   6.652501E+03  1.058755E-05  5.660610E-07
   6.667501E+03  1.082619E-05  5.722222E-07
   6.682501E+03  1.049344E-05  5.633611E-07
   6.697501E+03  1.074216E-05  5.701759E-07
   6.712501E+03  1.061779E-05  5.666891E-07
   6.727501E+03  1.083292E-05  5.723998E-07
   6.742501E+03  1.089676E-05  5.740842E-07
   6.757501E+03  1.067829E-05  5.683010E-07
   6.772501E+03  1.045647E-05  5.623680E-07
   6.787501E+03  1.098080E-05  5.762931E-07
   6.802501E+03  1.060099E-05  5.662405E-07
   6.817501E+03  1.062787E-05  5.669581E-07
   6.832501E+03  1.045646E-05  5.623680E-07
   6.847501E+03  1.115558E-05  5.808606E-07
   6.862501E+03  1.062788E-05  5.669581E-07
   6.877501E+03  1.097408E-05  5.761167E-07
   6.892501E+03  1.076569E-05  5.706214E-07
   6.907501E+03  1.119255E-05  5.818222E-07
   6.922501E+03  1.121607E-05  5.824333E-07
   6.937501E+03  1.120263E-05  5.820842E-07
   6.952501E+03  1.080265E-05  5.716002E-07
   6.967501E+03  1.070518E-05  5.690160E-07
   6.982501E+03  1.107155E-05  5.786692E-07
   6.997501E+03  1.125641E-05  5.834794E-07
   7.012501E+03  1.133707E-05  5.855660E-07
   7.027501E+03  1.127994E-05  5.840888E-07
   7.042501E+03  1.152865E-05  5.904921E-07
   7.057501E+03  1.095054E-05  5.754989E-07
   7.072501E+03  1.118246E-05  5.815601E-07
   7.087501E+03  1.147488E-05  5.891135E-07
   7.102501E+03  1.125641E-05  5.834794E-07
   7.117501E+03  1.145471E-05  5.885957E-07
   7.132501E+03  1.104466E-05  5.779662E-07
   7.147501E+03  1.134715E-05  5.858263E-07
   7.162501E+03  1.108162E-05  5.789326E-07
   7.177501E+03  1.158915E-05  5.920392E-07
   7.192501E+03  1.139421E-05  5.870395E-07
   7.207501E+03  1.125304E-05  5.833923E-07
   7.222501E+03  1.108499E-05  5.790204E-07
   7.237501E+03  1.127993E-05  5.840888E-07
   7.252501E+03  1.131690E-05  5.850451E-07
   7.267501E+03  1.140429E-05  5.872992E-07
   7.282501E+03  1.137740E-05  5.866065E-07
   7.297501E+03  1.188493E-05  5.995453E-07
   7.312501E+03  1.144798E-05  5.884230E-07
   7.327501E+03  1.154546E-05  5.909223E-07
   7.342501E+03  1.158243E-05  5.918675E-07
   7.357501E+03  1.154209E-05  5.908363E-07
   7.372501E+03  1.146816E-05  5.889410E-07
   7.387501E+03  1.176393E-05  5.964861E-07
   7.402501E+03  1.141438E-05  5.875587E-07
   7.417501E+03  1.145471E-05  5.885957E-07
   7.432501E+03  1.191182E-05  6.002231E-07
   7.447501E+03  1.154882E-05  5.910083E-07
   7.462501E+03  1.174376E-05  5.959747E-07
   7.477501E+03  1.196560E-05  6.015762E-07
   7.492501E+03  1.158579E-05  5.919534E-07
   7.507501E+03  1.202610E-05  6.030948E-07
   7.522501E+03  1.190845E-05  6.001384E-07
   7.537501E+03  1.189501E-05  5.997996E-07
   7.552501E+03  1.175721E-05  5.963157E-07
   7.567501E+03  1.174040E-05  5.958894E-07
   7.582501E+03  1.192190E-05  6.004770E-07
   7.597501E+03  1.216726E-05  6.066236E-07
   7.612501E+03  1.194207E-05  6.009846E-07
   7.627501E+03  1.221768E-05  6.078788E-07
   7.642501E+03  1.211012E-05  6.051978E-07
   7.657501E+03  1.196896E-05  6.016607E-07
   7.672501E+03  1.220759E-05  6.076280E-07
   7.687501E+03  1.199920E-05  6.024204E-07
   7.702501E+03  1.261765E-05  6.177470E-07
   7.717501E+03  1.191854E-05  6.003924E-07
   7.732501E+03  1.210003E-05  6.049458E-07
   7.747501E+03  1.239582E-05  6.122936E-07
   7.762501E+03  1.243615E-05  6.132887E-07
   7.777501E+03  1.199920E-05  6.024204E-07
   7.792501E+03  1.217063E-05  6.067073E-07
   7.807501E+03  1.175720E-05  5.963157E-07
   7.822501E+03  1.240590E-05  6.125425E-07
   7.837501E+03  1.216054E-05  6.064560E-07
   7.852501E+03  1.233195E-05  6.107146E-07
   7.867501E+03  1.204962E-05  6.036844E-07
   7.882501E+03  1.231850E-05  6.103817E-07
   7.897501E+03  1.215717E-05  6.063722E-07
   7.912501E+03  1.233195E-05  6.107146E-07
   7.927501E+03  1.244287E-05  6.134544E-07
   7.942501E+03  1.233532E-05  6.107978E-07
   7.957501E+03  1.195215E-05  6.012382E-07
   7.972501E+03  1.223784E-05  6.083802E-07
   7.987501E+03  1.228826E-05  6.096319E-07
   8.002501E+03  1.268823E-05  6.194721E-07
   8.017501E+03  1.234204E-05  6.109642E-07
   8.032501E+03  1.258740E-05  6.170062E-07
   8.047501E+03  1.223112E-05  6.082132E-07
   8.062501E+03  1.241598E-05  6.127913E-07
   8.077501E+03  1.286301E-05  6.237233E-07
   8.092501E+03  1.230843E-05  6.101319E-07
   8.107501E+03  1.219414E-05  6.072934E-07
   8.122501E+03  1.266470E-05  6.188976E-07
   8.137501E+03  1.231515E-05  6.102984E-07
   8.152501E+03  1.239581E-05  6.122936E-07
   8.167501E+03  1.263445E-05  6.181582E-07
   8.182501E+03  1.244959E-05  6.136201E-07
   8.197501E+03  1.259076E-05  6.170886E-07
   8.212501E+03  1.278570E-05  6.218465E-07
   8.227501E+03  1.242607E-05  6.130401E-07
   8.242501E+03  1.261428E-05  6.176647E-07
   8.257501E+03  1.256050E-05  6.163470E-07
   8.272501E+03  1.247984E-05  6.143650E-07
   8.287501E+03  1.267142E-05  6.190618E-07
   8.302501E+03  1.301089E-05  6.272979E-07
   8.317501E+03  1.269831E-05  6.197182E-07
   8.332501E+03  1.240925E-05  6.126255E-07
   8.347501E+03  1.259411E-05  6.171709E-07
   8.362501E+03  1.261765E-05  6.177470E-07
   8.377501E+03  1.284284E-05  6.232342E-07
   8.392501E+03  1.299409E-05  6.268927E-07
   8.407501E+03  1.246304E-05  6.139512E-07
   8.422501E+03  1.336717E-05  6.358269E-07
   8.437501E+03  1.297393E-05  6.264061E-07
   8.452501E+03  1.308148E-05  6.289968E-07
   8.467501E+03  1.284956E-05  6.233973E-07
   8.482501E+03  1.276217E-05  6.212742E-07
   8.497501E+03  1.269831E-05  6.197182E-07
   8.512501E+03  1.301425E-05  6.273789E-07
   8.527501E+03  1.290334E-05  6.247002E-07
   8.542501E+03  1.296719E-05  6.262439E-07
   8.557501E+03  1.303442E-05  6.278647E-07
   8.572501E+03  1.290670E-05  6.247815E-07
   8.587501E+03  1.348145E-05  6.385384E-07
   8.602501E+03  1.339069E-05  6.363861E-07
   8.617501E+03  1.312853E-05  6.301268E-07
   8.632501E+03  1.266470E-05  6.188976E-07
   8.647501E+03  1.336717E-05  6.358269E-07
   8.662501E+03  1.308484E-05  6.290776E-07
   8.677501E+03  1.321928E-05  6.323005E-07
   8.692501E+03  1.336717E-05  6.358269E-07
   8.707501E+03  1.335037E-05  6.354271E-07
   8.722501E+03  1.281595E-05  6.225816E-07
   8.737501E+03  1.311172E-05  6.297235E-07
   8.752501E+03  1.321592E-05  6.322201E-07
   8.767501E+03  1.292350E-05  6.251881E-07
   8.782501E+03  1.324280E-05  6.328628E-07
   8.797501E+03  1.290333E-05  6.247002E-07
   8.812501E+03  1.287645E-05  6.240491E-07
   8.827501E+03  1.294367E-05  6.256756E-07
   8.842501E+03  1.292686E-05  6.252694E-07
   8.857501E+03  1.291342E-05  6.249442E-07
   8.872501E+03  1.328986E-05  6.339860E-07
   8.887501E+03  1.344111E-05  6.375827E-07
   8.902501E+03  1.305122E-05  6.282692E-07
   8.917501E+03  1.331339E-05  6.345468E-07
   8.932501E+03  1.311845E-05  6.298849E-07
   8.947501E+03  1.296047E-05  6.260816E-07
   8.962501E+03  1.329995E-05  6.342264E-07
   8.977501E+03  1.318567E-05  6.314963E-07
   8.992501E+03  1.325288E-05  6.331037E-07
   9.007501E+03  1.327642E-05  6.336653E-07
   9.022501E+03  1.336381E-05  6.357469E-07
   9.037501E+03  1.325961E-05  6.332642E-07
   9.052501E+03  1.321255E-05  6.321398E-07
   9.067501E+03  1.305458E-05  6.283501E-07
   9.082501E+03  1.318566E-05  6.314963E-07
   9.097501E+03  1.308147E-05  6.289968E-07
   9.112501E+03  1.309491E-05  6.293199E-07
   9.127501E+03  1.308483E-05  6.290776E-07
   9.142501E+03  1.333019E-05  6.349471E-07
   9.157501E+03  1.342430E-05  6.371841E-07
   9.172501E+03  1.334028E-05  6.351872E-07
   9.187501E+03  1.333355E-05  6.350271E-07
   9.202501E+03  1.337725E-05  6.360666E-07
   9.217501E+03  1.309828E-05  6.294006E-07
   9.232501E+03  1.344783E-05  6.377421E-07
   9.247501E+03  1.363606E-05  6.421888E-07
   9.262501E+03  1.328314E-05  6.338257E-07
   9.277501E+03  1.327305E-05  6.335851E-07
   9.292501E+03  1.358564E-05  6.410007E-07
   9.307501E+03  1.339741E-05  6.365458E-07
   9.322501E+03  1.308819E-05  6.291583E-07
   9.337501E+03  1.326297E-05  6.333444E-07
   9.352501E+03  1.335036E-05  6.354271E-07
   9.367501E+03  1.352850E-05  6.396516E-07
   9.382501E+03  1.374361E-05  6.447159E-07
   9.397501E+03  1.294703E-05  6.257568E-07
   9.412501E+03  1.352514E-05  6.395722E-07
   9.427501E+03  1.346464E-05  6.381404E-07
   9.442501E+03  1.373689E-05  6.445583E-07
   9.457501E+03  1.316550E-05  6.310133E-07
   9.472501E+03  1.337389E-05  6.359867E-07
   9.487501E+03  1.361253E-05  6.416346E-07
   9.502501E+03  1.358900E-05  6.410800E-07
   9.517501E+03  1.351505E-05  6.393338E-07
   9.532501E+03  1.327642E-05  6.336653E-07
   9.547501E+03  1.340414E-05  6.367054E-07
   9.562501E+03  1.350497E-05  6.390953E-07
   9.577501E+03  1.339069E-05  6.363861E-07
   9.592501E+03  1.378394E-05  6.456611E-07
   9.607501E+03  1.338061E-05  6.361465E-07
   9.622501E+03  1.351841E-05  6.394132E-07
   9.637501E+03  1.346127E-05  6.380608E-07
   9.652501E+03  1.349489E-05  6.388567E-07
   9.667501E+03  1.330666E-05  6.343866E-07
   9.682501E+03  1.373688E-05  6.445583E-07
   9.697501E+03  1.340414E-05  6.367054E-07
   9.712501E+03  1.338733E-05  6.363062E-07
   9.727501E+03  1.351505E-05  6.393338E-07
   9.742501E+03  1.334364E-05  6.352672E-07
   9.757501E+03  1.333019E-05  6.349471E-07
   9.772501E+03  1.359572E-05  6.412385E-07
   9.787501E+03  1.370327E-05  6.437694E-07
   9.802501E+03  1.368647E-05  6.433746E-07
   9.817501E+03  1.315878E-05  6.308522E-07
   9.832501E+03  1.367975E-05  6.432166E-07
   9.847501E+03  1.342766E-05  6.372638E-07
   9.862501E+03  1.332347E-05  6.347870E-07
   9.877501E+03  1.343775E-05  6.375030E-07
   9.892501E+03  1.334027E-05  6.351872E-07
   9.907501E+03  1.332346E-05  6.347870E-07
   9.922501E+03  1.318230E-05  6.314158E-07
   9.937501E+03  1.311844E-05  6.298849E-07
   9.952501E+03  1.349825E-05  6.389362E-07
   9.967501E+03  1.314533E-05  6.305299E-07
   9.982501E+03  1.358563E-05  6.410007E-07
   9.997501E+03  1.386461E-05  6.475472E-07
   1.001250E+04  1.325288E-05  6.331037E-07
   1.002750E+04  1.361924E-05  6.417930E-07
   1.004250E+04  1.316886E-05  6.310938E-07
   1.005750E+04  1.317894E-05  6.313354E-07
   1.007250E+04  1.339405E-05  6.364659E-07
   1.008750E+04  1.336044E-05  6.356670E-07
   1.010250E+04  1.354194E-05  6.399693E-07
   1.011750E+04  1.357892E-05  6.408422E-07
   1.013250E+04  1.373352E-05  6.444794E-07
   1.014750E+04  1.334699E-05  6.353472E-07
   1.016250E+04  1.344447E-05  6.376624E-07
   1.017750E+04  1.342094E-05  6.371043E-07
   1.019250E+04  1.375705E-05  6.450311E-07
   1.020750E+04  1.357219E-05  6.406835E-07
   1.022250E+04  1.368983E-05  6.434536E-07
   1.023750E+04  1.358900E-05  6.410800E-07
   1.025250E+04  1.342430E-05  6.371841E-07
   1.026750E+04  1.339741E-05  6.365458E-07
   1.028250E+04  1.339405E-05  6.364659E-07
   1.029750E+04  1.325961E-05  6.332642E-07
   1.031250E+04  1.368646E-05  6.433746E-07
   1.032750E+04  1.355539E-05  6.402868E-07
   1.034250E+04  1.359235E-05  6.411593E-07
   1.035750E+04  1.319238E-05  6.316572E-07
   1.037250E+04  1.339405E-05  6.364659E-07
   1.038750E+04  1.325624E-05  6.331839E-07
   1.040250E+04  1.333691E-05  6.351072E-07
   1.041750E+04  1.378394E-05  6.456611E-07
   1.043250E+04  1.363605E-05  6.421888E-07
   1.044750E+04  1.350496E-05  6.390953E-07
   1.046250E+04  1.322936E-05  6.325416E-07
   1.047750E+04  1.351169E-05  6.392543E-07
   1.049250E+04  1.354194E-05  6.399693E-07
   1.050750E+04  1.318230E-05  6.314158E-07
   1.052250E+04  1.338733E-05  6.363062E-07
   1.053750E+04  1.362596E-05  6.419513E-07
   1.055250E+04  1.324952E-05  6.330234E-07
   1.056750E+04  1.338060E-05  6.361465E-07
   1.058250E+04  1.312180E-05  6.299655E-07
   1.059750E+04  1.340077E-05  6.366256E-07
   1.061250E+04  1.327305E-05  6.335851E-07
   1.062750E+04  1.294030E-05  6.255944E-07
   1.064250E+04  1.325288E-05  6.331037E-07
   1.065750E+04  1.337052E-05  6.359068E-07
   1.067250E+04  1.344783E-05  6.377421E-07
   1.068750E+04  1.326633E-05  6.334247E-07
   1.070250E+04  1.299408E-05  6.268927E-07
   1.071750E+04  1.341421E-05  6.369448E-07
   1.073250E+04  1.355538E-05  6.402868E-07
   1.074750E+04  1.315877E-05  6.308522E-07
   1.076250E+04  1.310163E-05  6.294813E-07
   1.077750E+04  1.286635E-05  6.238047E-07
   1.079250E+04  1.297727E-05  6.264873E-07
   1.080750E+04  1.321255E-05  6.321398E-07
   1.082250E+04  1.312516E-05  6.300462E-07
   1.083750E+04  1.291005E-05  6.248629E-07
   1.085250E+04  1.323944E-05  6.327825E-07
   1.086750E+04  1.295038E-05  6.258380E-07
   1.088250E+04  1.269493E-05  6.196362E-07
   1.089750E+04  1.316213E-05  6.309328E-07
   1.091250E+04  1.291677E-05  6.250255E-07
   1.092750E+04  1.295710E-05  6.260004E-07
   1.094250E+04  1.284955E-05  6.233973E-07
   1.095750E+04  1.245966E-05  6.138685E-07
   1.097250E+04  1.288316E-05  6.242119E-07
   1.098750E+04  1.296382E-05  6.261627E-07
   1.100250E+04  1.315205E-05  6.306911E-07
   1.101750E+04  1.298063E-05  6.265684E-07
   1.103250E+04  1.287307E-05  6.239677E-07
   1.104750E+04  1.291677E-05  6.250255E-07
   1.106250E+04  1.309827E-05  6.294006E-07
   1.107750E+04  1.267141E-05  6.190618E-07
   1.109250E+04  1.240924E-05  6.126255E-07
   1.110750E+04  1.288315E-05  6.242119E-07
   1.112250E+04  1.294702E-05  6.257568E-07
   1.113750E+04  1.286971E-05  6.238862E-07
   1.115250E+04  1.258066E-05  6.168415E-07
   1.116750E+04  1.258738E-05  6.170062E-07
   1.118250E+04  1.340413E-05  6.367054E-07
   1.119750E+04  1.296382E-05  6.261627E-07
   1.121250E+04  1.271510E-05  6.201280E-07
   1.122750E+04  1.273527E-05  6.206195E-07
   1.124250E+04  1.312516E-05  6.300462E-07
   1.125750E+04  1.296718E-05  6.262439E-07
   1.127250E+04  1.289660E-05  6.245375E-07
   1.128750E+04  1.300752E-05  6.272169E-07
   1.130250E+04  1.263780E-05  6.182404E-07
   1.131750E+04  1.225799E-05  6.088812E-07
   1.133250E+04  1.303105E-05  6.277838E-07
   1.134750E+04  1.270166E-05  6.198002E-07
   1.136250E+04  1.231513E-05  6.102984E-07
   1.137750E+04  1.285627E-05  6.235603E-07
   1.139250E+04  1.221093E-05  6.077116E-07
   1.140750E+04  1.226471E-05  6.090481E-07
   1.142250E+04  1.293021E-05  6.253506E-07
   1.143750E+04  1.241932E-05  6.128743E-07
   1.145250E+04  1.257730E-05  6.167591E-07
   1.146750E+04  1.232521E-05  6.105482E-07
   1.148250E+04  1.200927E-05  6.026734E-07
   1.149750E+04  1.261091E-05  6.175825E-07
   1.151250E+04  1.267477E-05  6.191439E-07
   1.152750E+04  1.222102E-05  6.079624E-07
   1.154250E+04  1.238571E-05  6.120445E-07
   1.155750E+04  1.271846E-05  6.202100E-07
   1.157250E+04  1.242604E-05  6.130401E-07
   1.158750E+04  1.237563E-05  6.117954E-07
   1.160250E+04  1.231177E-05  6.102151E-07
   1.161750E+04  1.232857E-05  6.106314E-07
   1.163250E+04  1.205632E-05  6.038527E-07
   1.164750E+04  1.226471E-05  6.090481E-07
   1.166250E+04  1.247646E-05  6.142822E-07
   1.167750E+04  1.238235E-05  6.119615E-07
   1.169250E+04  1.208993E-05  6.046937E-07
   1.170750E+04  1.225127E-05  6.087143E-07
   1.172250E+04  1.202271E-05  6.030106E-07
   1.173750E+04  1.194204E-05  6.009846E-07
   1.175250E+04  1.220757E-05  6.076280E-07
   1.176750E+04  1.213026E-05  6.057014E-07
   1.178250E+04  1.210338E-05  6.050298E-07
   1.179750E+04  1.219413E-05  6.072934E-07
   1.181250E+04  1.204288E-05  6.035160E-07
   1.182750E+04  1.229496E-05  6.097986E-07
   1.184250E+04  1.235210E-05  6.112137E-07
   1.185750E+04  1.225799E-05  6.088812E-07
   1.187250E+04  1.158240E-05  5.918675E-07
   1.188750E+04  1.199918E-05  6.024204E-07
   1.190250E+04  1.184793E-05  5.986122E-07
   1.191750E+04  1.202607E-05  6.030948E-07
   1.193250E+04  1.208321E-05  6.045256E-07
   1.194750E+04  1.176054E-05  5.964009E-07
   1.196250E+04  1.165299E-05  5.936679E-07
   1.197750E+04  1.178407E-05  5.969971E-07
   1.199250E+04  1.182777E-05  5.981027E-07
   1.200750E+04  1.174710E-05  5.960600E-07
   1.202250E+04  1.162610E-05  5.929827E-07
   1.203750E+04  1.181432E-05  5.977627E-07
   1.205250E+04  1.161265E-05  5.926398E-07
   1.206750E+04  1.187482E-05  5.992910E-07
   1.208250E+04  1.167315E-05  5.941813E-07
   1.209750E+04  1.173701E-05  5.958041E-07
   1.211250E+04  1.141771E-05  5.876452E-07
   1.212750E+04  1.163282E-05  5.931541E-07
   1.214250E+04  1.148829E-05  5.894585E-07
   1.215750E+04  1.157904E-05  5.917817E-07
   1.217250E+04  1.128999E-05  5.843497E-07
   1.218750E+04  1.136729E-05  5.863466E-07
   1.220250E+04  1.095724E-05  5.756755E-07
   1.221750E+04  1.128326E-05  5.841758E-07
   1.223250E+04  1.119588E-05  5.819095E-07
   1.224750E+04  1.143115E-05  5.879910E-07
   1.226250E+04  1.141771E-05  5.876452E-07
   1.227750E+04  1.180760E-05  5.975926E-07
   1.229250E+04  1.138746E-05  5.868664E-07
   1.230750E+04  1.119251E-05  5.818222E-07
   1.232250E+04  1.113201E-05  5.802478E-07
   1.233750E+04  1.100429E-05  5.769101E-07
   1.235250E+04  1.097068E-05  5.760285E-07
   1.236750E+04  1.125974E-05  5.835665E-07
   1.238250E+04  1.062112E-05  5.667788E-07
   1.239750E+04  1.106479E-05  5.784935E-07
   1.241250E+04  1.110176E-05  5.794590E-07
   1.242750E+04  1.071860E-05  5.693731E-07
   1.244250E+04  1.123957E-05  5.830438E-07
   1.245750E+04  1.105807E-05  5.783178E-07
   1.247250E+04  1.110512E-05  5.795467E-07
   1.248750E+04  1.076901E-05  5.707104E-07
   1.250250E+04  1.111521E-05  5.798097E-07
   1.251750E+04  1.096732E-05  5.759403E-07
   1.253250E+04  1.116562E-05  5.811230E-07
   1.254750E+04  1.062112E-05  5.667788E-07
   1.256250E+04  1.088329E-05  5.737300E-07
   1.257750E+04  1.055054E-05  5.648926E-07
   1.259250E+04  1.074885E-05  5.701759E-07
   1.260750E+04  1.075893E-05  5.704432E-07
   1.262250E+04  1.053710E-05  5.645327E-07
   1.263750E+04  1.065137E-05  5.675852E-07
   1.265250E+04  1.043290E-05  5.617350E-07
   1.266750E+04  1.059087E-05  5.659712E-07
   1.268250E+04  1.071187E-05  5.691946E-07
   1.269750E+04  1.014384E-05  5.538998E-07
   1.271250E+04  1.034551E-05  5.593778E-07
   1.272750E+04  1.080599E-05  5.716891E-07
   1.274250E+04  1.018418E-05  5.549997E-07
   1.275750E+04  1.075893E-05  5.704432E-07
   1.277250E+04  1.049676E-05  5.634513E-07
   1.278750E+04  1.061440E-05  5.665994E-07
   1.280250E+04  1.035560E-05  5.596503E-07
   1.281750E+04  9.948901E-06  5.485523E-07
   1.283250E+04  9.989234E-06  5.496630E-07
   1.284750E+04  1.032535E-05  5.588324E-07
   1.286250E+04  1.042282E-05  5.614635E-07
   1.287750E+04  1.008671E-05  5.523378E-07
   1.289250E+04  1.039593E-05  5.607389E-07
   1.290750E+04  1.025476E-05  5.569194E-07
   1.292250E+04  1.010351E-05  5.527977E-07
   1.293750E+04  1.034551E-05  5.593778E-07
   1.295250E+04  1.004637E-05  5.512326E-07
   1.296750E+04  9.885040E-06  5.467892E-07
   1.298250E+04  1.000604E-05  5.501251E-07
   1.299750E+04  9.753956E-06  5.431522E-07
   1.301250E+04  9.834624E-06  5.453932E-07
   1.302750E+04  9.585900E-06  5.384534E-07
   1.304250E+04  9.696817E-06  5.415592E-07
   1.305750E+04  9.891761E-06  5.469751E-07
   1.307250E+04  9.360705E-06  5.320920E-07
   1.308750E+04  9.834623E-06  5.453932E-07
   1.310250E+04  9.777484E-06  5.438068E-07
   1.311750E+04  9.555650E-06  5.376033E-07
   1.313250E+04  9.703540E-06  5.417469E-07
   1.314750E+04  1.009679E-05  5.526138E-07
   1.316250E+04  9.649761E-06  5.402438E-07
   1.317750E+04  9.777483E-06  5.438068E-07
   1.319250E+04  9.602706E-06  5.389252E-07
   1.320750E+04  9.690094E-06  5.413715E-07
   1.322250E+04  9.411122E-06  5.335228E-07
   1.323750E+04  9.310288E-06  5.306573E-07
   1.325250E+04  9.387595E-06  5.328556E-07
   1.326750E+04  9.464900E-06  5.350448E-07
   1.328250E+04  9.357345E-06  5.319965E-07
   1.329750E+04  9.353983E-06  5.319009E-07
   1.331250E+04  9.481705E-06  5.355195E-07
   1.332750E+04  9.206094E-06  5.276800E-07
   1.334250E+04  9.448094E-06  5.345696E-07
   1.335750E+04  9.592623E-06  5.386422E-07
   1.337250E+04  9.390956E-06  5.329509E-07
   1.338750E+04  9.384233E-06  5.327602E-07
   1.340250E+04  9.414484E-06  5.336180E-07
   1.341750E+04  8.843093E-06  5.171735E-07
   1.343250E+04  9.185928E-06  5.271018E-07
   1.344750E+04  9.031316E-06  5.226477E-07
   1.346250E+04  8.954010E-06  5.204063E-07
   1.347750E+04  8.927121E-06  5.196245E-07
   1.349250E+04  8.853177E-06  5.174682E-07
   1.350750E+04  8.954011E-06  5.204063E-07
   1.352250E+04  9.081733E-06  5.241043E-07
   1.353750E+04  8.785955E-06  5.155001E-07
   1.355250E+04  8.980899E-06  5.211870E-07
   1.356750E+04  9.189288E-06  5.271982E-07
   1.358250E+04  8.550677E-06  5.085519E-07
   1.359750E+04  9.085094E-06  5.242012E-07
   1.361250E+04  8.587649E-06  5.096501E-07
   1.362750E+04  8.530510E-06  5.079520E-07
   1.364250E+04  8.970816E-06  5.208944E-07
   1.365750E+04  8.839733E-06  5.170752E-07
   1.367250E+04  8.664954E-06  5.119386E-07
   1.368750E+04  8.567482E-06  5.090514E-07
   1.370250E+04  8.752343E-06  5.145133E-07
   1.371750E+04  8.473371E-06  5.062481E-07
   1.373250E+04  8.779232E-06  5.153029E-07
   1.374750E+04  8.473371E-06  5.062481E-07
   1.376250E+04  8.597732E-06  5.099492E-07
   1.377750E+04  8.443121E-06  5.053438E-07
   1.379250E+04  8.419593E-06  5.046393E-07
   1.380750E+04  8.275066E-06  5.002898E-07
   1.382250E+04  8.634704E-06  5.110443E-07
   1.383750E+04  8.345648E-06  5.024187E-07
   1.385250E+04  8.180954E-06  4.974372E-07
   1.386750E+04  8.174232E-06  4.972328E-07
   1.388250E+04  8.033065E-06  4.929211E-07
   1.389750E+04  8.147343E-06  4.964144E-07
   1.391250E+04  8.278427E-06  5.003914E-07
   1.392750E+04  8.258259E-06  4.997816E-07
   1.394250E+04  8.160787E-06  4.968238E-07
   1.395750E+04  7.952398E-06  4.904402E-07
   1.397250E+04  8.244815E-06  4.993747E-07
   1.398750E+04  8.100287E-06  4.949790E-07
   1.400250E+04  8.009537E-06  4.921988E-07
   1.401750E+04  8.211204E-06  4.983559E-07
   1.403250E+04  7.861648E-06  4.876342E-07
   1.404750E+04  7.841482E-06  4.870084E-07
   1.406250E+04  7.690231E-06  4.822893E-07
   1.407750E+04  7.972565E-06  4.910616E-07
   1.409250E+04  7.865009E-06  4.877384E-07
   1.410750E+04  7.740648E-06  4.838674E-07
   1.412250E+04  7.814592E-06  4.861728E-07
   1.413750E+04  7.858287E-06  4.875299E-07
   1.415250E+04  7.760814E-06  4.844972E-07
   1.416750E+04  7.696953E-06  4.825000E-07
   1.418250E+04  7.522175E-06  4.769910E-07
   1.419750E+04  7.811231E-06  4.860682E-07
   1.421250E+04  7.764176E-06  4.846021E-07
   1.422750E+04  7.659981E-06  4.813399E-07
   1.424250E+04  7.851565E-06  4.873214E-07
   1.425750E+04  7.639814E-06  4.807059E-07
   1.427250E+04  7.690232E-06  4.822893E-07
   1.428750E+04  7.424703E-06  4.738908E-07
   1.430250E+04  7.538981E-06  4.775234E-07
   1.431750E+04  7.686870E-06  4.821839E-07
   1.433250E+04  7.774259E-06  4.849167E-07
   1.434750E+04  7.522175E-06  4.769910E-07
   1.436250E+04  7.508731E-06  4.765646E-07
   1.437750E+04  7.643175E-06  4.808116E-07
   1.439250E+04  7.491926E-06  4.760310E-07
   1.440750E+04  7.545703E-06  4.777363E-07
   1.442250E+04  7.387731E-06  4.727096E-07
   1.443750E+04  7.663342E-06  4.814454E-07
   1.445250E+04  7.481842E-06  4.757106E-07
   1.446750E+04  7.599481E-06  4.794355E-07
   1.448250E+04  7.599481E-06  4.794355E-07
   1.449750E+04  7.327231E-06  4.707702E-07
   1.451250E+04  7.018008E-06  4.607305E-07
   1.452750E+04  7.458314E-06  4.749621E-07
   1.454250E+04  7.347397E-06  4.714176E-07
   1.455750E+04  7.098675E-06  4.633706E-07
   1.457250E+04  7.465036E-06  4.751761E-07
   1.458750E+04  7.296981E-06  4.697976E-07
   1.460250E+04  7.128925E-06  4.643567E-07
   1.461750E+04  7.081869E-06  4.628218E-07
   1.463250E+04  7.495286E-06  4.761378E-07
   1.464750E+04  7.377647E-06  4.723869E-07
   1.466250E+04  7.196147E-06  4.665407E-07
   1.467750E+04  7.182703E-06  4.661047E-07
   1.469250E+04  7.085230E-06  4.629316E-07
   1.470750E+04  7.253287E-06  4.683890E-07
   1.472250E+04  7.118842E-06  4.640282E-07
   1.473750E+04  6.923897E-06  4.576313E-07
   1.475250E+04  7.095314E-06  4.632609E-07
   1.476750E+04  7.132286E-06  4.644662E-07
   1.478250E+04  7.300342E-06  4.699057E-07
   1.479750E+04  7.091953E-06  4.631512E-07
   1.481250E+04  7.320508E-06  4.705543E-07
   1.482750E+04  7.354120E-06  4.716332E-07
   1.484250E+04  7.670064E-06  4.816565E-07
   1.485750E+04  7.670064E-06  4.816565E-07
   1.487250E+04  7.586036E-06  4.790112E-07
   1.488750E+04  7.639814E-06  4.807059E-07
   1.490250E+04  7.633092E-06  4.804944E-07
   1.491750E+04  7.955759E-06  4.905439E-07
   1.493250E+04  8.399426E-06  5.040346E-07
   1.494750E+04  7.441509E-06  4.744268E-07
   1.496250E+04  7.179342E-06  4.659956E-07
   1.497750E+04  5.760951E-06  4.174373E-07
   1.499250E+04  3.402457E-05  1.014258E-06
