 #  Results from PENEPMA.
 #  Energy distribution of upbound photons.
 #  1st column: E (eV).
 #  2nd and 3rd columns: probability density and STU (1/(eV*particle)).

   7.500001E+00  1.000000E-35  1.000000E-35
   2.250000E+01  1.000000E-35  1.000000E-35
   3.750000E+01  1.000000E-35  1.000000E-35
   5.250001E+01  1.000000E-35  1.000000E-35
   6.750001E+01  1.000000E-35  1.000000E-35
   8.250001E+01  1.000000E-35  1.000000E-35
   9.750001E+01  2.152397E-08  1.255404E-09
   1.125000E+02  3.868815E-08  2.147396E-09
   1.275000E+02  3.535904E-08  1.493511E-09
   1.425000E+02  4.483284E-08  4.094225E-09
   1.575000E+02  3.980539E-08  2.959050E-09
   1.725000E+02  3.680702E-08  1.161871E-09
   1.875000E+02  3.907229E-08  1.166347E-09
   2.025000E+02  3.982268E-08  1.167769E-09
   2.175000E+02  4.483806E-08  1.777803E-09
   2.325000E+02  4.741767E-08  1.511692E-09
   2.475000E+02  5.232780E-08  1.702625E-09
   2.625000E+02  5.664215E-08  1.619582E-09
   2.775000E+02  6.097540E-08  1.432171E-09
   2.925000E+02  6.648343E-08  1.721424E-09
   3.075000E+02  4.826382E-07  2.596101E-08
   3.225000E+02  7.734100E-08  1.898363E-09
   3.375000E+02  8.187679E-08  1.562643E-09
   3.525000E+02  8.983024E-08  4.397006E-09
   3.675000E+02  7.865914E-08  1.240965E-09
   3.825000E+02  8.359871E-08  1.363012E-09
   3.975000E+02  9.865947E-08  4.265044E-09
   4.125000E+02  1.521134E-07  9.957942E-09
   4.275000E+02  1.020432E-07  3.103364E-09
   4.425000E+02  1.012548E-07  1.680720E-09
   4.575000E+02  1.039096E-07  1.594087E-09
   4.725000E+02  1.077178E-07  1.292840E-09
   4.875000E+02  1.122032E-07  1.605839E-09
   5.025001E+02  1.168662E-07  1.786366E-09
   5.175001E+02  3.476770E-05  2.380585E-07
   5.325001E+02  1.108551E-07  1.603882E-09
   5.475001E+02  3.695883E-08  8.711497E-10
   5.625001E+02  3.800124E-08  1.029211E-09
   5.775001E+02  3.818670E-08  6.845775E-10
   5.925001E+02  3.971613E-08  6.896452E-10
   6.075001E+02  4.764231E-08  3.427785E-09
   6.225001E+02  4.628421E-08  2.533631E-09
   6.375001E+02  4.417784E-08  7.042471E-10
   6.525001E+02  4.614243E-08  8.947657E-10
   6.675001E+02  4.771436E-08  7.153948E-10
   6.825001E+02  5.100129E-08  1.700715E-09
   6.975001E+02  5.359418E-08  2.162931E-09
   7.125001E+02  5.562195E-08  2.361017E-09
   7.275001E+02  5.506945E-08  1.314505E-09
   7.425001E+02  5.583666E-08  7.406488E-10
   7.575001E+02  5.733344E-08  7.453642E-10
   7.725001E+02  6.067280E-08  1.797729E-09
   7.875001E+02  6.115560E-08  1.625571E-09
   8.025001E+02  6.248837E-08  1.210731E-09
   8.175001E+02  6.308601E-08  7.623580E-10
   8.325001E+02  6.467238E-08  9.403317E-10
   8.475001E+02  6.613822E-08  1.089237E-09
   8.625001E+02  6.753636E-08  9.472846E-10
   8.775001E+02  6.927933E-08  1.338693E-09
   8.925001E+02  6.968541E-08  7.818721E-10
   9.075001E+02  7.086475E-08  7.852405E-10
   9.225001E+02  7.191481E-08  5.705931E-10
   9.375001E+02  7.293111E-08  7.911209E-10
   9.525001E+02  7.730348E-08  2.318787E-09
   9.675001E+02  7.512787E-08  5.829863E-10
   9.825001E+02  7.627074E-08  8.005890E-10
   9.975001E+02  7.754339E-08  1.112746E-09
   1.012500E+03  7.862510E-08  9.731942E-10
   1.027500E+03  7.994314E-08  1.356569E-09
   1.042500E+03  7.932859E-08  8.092053E-10
   1.057500E+03  8.068555E-08  6.044667E-10
   1.072500E+03  8.153509E-08  8.151823E-10
   1.087500E+03  8.202400E-08  9.810597E-10
   1.102500E+03  8.196836E-08  6.089208E-10
   1.117500E+03  8.612213E-08  2.390066E-09
   1.132500E+03  8.317483E-08  6.135274E-10
   1.147500E+03  8.395185E-08  6.161807E-10
   1.162500E+03  8.580257E-08  1.567777E-09
   1.177500E+03  8.497769E-08  8.247679E-10
   1.192500E+03  8.559228E-08  6.220894E-10
   1.207500E+03  8.562311E-08  8.265127E-10
   1.222500E+03  8.600465E-08  6.236839E-10
   1.237500E+03  8.647146E-08  8.287347E-10
   1.252500E+03  9.198096E-07  3.686930E-08
   1.267500E+03  8.687057E-08  6.268325E-10
   1.282500E+03  9.872025E-08  4.264751E-09
   1.297500E+03  8.720308E-08  6.282118E-10
   1.312500E+03  9.205531E-08  3.047523E-09
   1.327500E+03  8.670552E-08  8.294247E-10
   1.342500E+03  8.649085E-08  6.254239E-10
   1.357500E+03  8.671205E-08  8.293244E-10
   1.372500E+03  8.632661E-08  6.249966E-10
   1.387500E+03  8.817030E-08  1.571193E-09
   1.402500E+03  8.633364E-08  6.250688E-10
   1.417500E+03  8.666564E-08  6.263163E-10
   1.432500E+03  8.640195E-08  6.251190E-10
   1.447500E+03  8.628743E-08  6.246902E-10
   1.462500E+03  8.640515E-08  8.285159E-10
   1.477500E+03  8.625930E-08  6.245611E-10
   1.492500E+03  1.057136E-05  1.307450E-07
   1.507500E+03  8.646141E-08  8.287845E-10
   1.522500E+03  8.622716E-08  6.243450E-10
   1.537500E+03  8.586703E-08  6.232920E-10
   1.552500E+03  1.504492E-07  1.032195E-08
   1.567500E+03  7.850467E-08  5.958854E-10
   1.582500E+03  1.280645E-07  9.275668E-09
   1.597500E+03  7.548750E-08  5.842724E-10
   1.612500E+03  7.532074E-08  5.837378E-10
   1.627500E+03  7.526047E-08  5.836325E-10
   1.642500E+03  9.173473E-08  5.255331E-09
   1.657500E+03  7.491742E-08  5.820261E-10
   1.672500E+03  7.472454E-08  5.811863E-10
   1.687500E+03  7.490536E-08  5.821048E-10
   1.702500E+03  7.463313E-08  5.809024E-10
   1.717500E+03  7.454774E-08  5.806298E-10
   1.732500E+03  3.340782E-05  2.331366E-07
   1.747500E+03  7.413437E-08  5.791131E-10
   1.762500E+03  7.445884E-08  5.801949E-10
   1.777500E+03  7.389679E-08  5.781793E-10
   1.792500E+03  7.497483E-08  1.453686E-09
   1.807500E+03  3.592596E-07  2.157670E-08
   1.822500E+03  7.339653E-08  5.761469E-10
   1.837500E+03  6.785456E-07  3.144515E-08
   1.852500E+03  5.392632E-08  4.937677E-10
   1.867500E+03  1.480975E-07  1.242702E-08
   1.882500E+03  5.345406E-08  9.127606E-10
   1.897500E+03  5.415380E-08  1.312786E-09
   1.912500E+03  5.304834E-08  4.897850E-10
   1.927500E+03  5.294336E-08  4.893055E-10
   1.942500E+03  6.404565E-08  4.246331E-09
   1.957500E+03  5.260734E-08  4.878232E-10
   1.972500E+03  5.356494E-08  1.193725E-09
   1.987500E+03  5.270528E-08  4.882488E-10
   2.002500E+03  5.273843E-08  4.883541E-10
   2.017500E+03  5.262693E-08  4.878758E-10
   2.032500E+03  5.264953E-08  4.880305E-10
   2.047500E+03  6.110766E-08  3.725361E-09
   2.062500E+03  5.290971E-08  4.891517E-10
   2.077500E+03  5.271100E-08  7.307899E-10
   2.092500E+03  5.251593E-08  4.873946E-10
   2.107500E+03  5.249332E-08  4.871651E-10
   2.122500E+03  5.543139E-08  2.297280E-09
   2.137500E+03  5.245113E-08  4.870739E-10
   2.152500E+03  5.259328E-08  4.877075E-10
   2.167500E+03  5.371991E-08  1.615092E-09
   2.182500E+03  5.263956E-08  1.060681E-09
   2.197500E+03  5.199727E-08  7.286335E-10
   2.212500E+03  5.228206E-08  7.296223E-10
   2.227500E+03  5.179466E-08  4.840595E-10
   2.242500E+03  5.179014E-08  4.839213E-10
   2.257500E+03  5.168265E-08  4.835792E-10
   2.272500E+03  5.156361E-08  4.830047E-10
   2.287500E+03  5.151439E-08  4.826968E-10
   2.302500E+03  5.173539E-08  4.837104E-10
   2.317500E+03  5.113165E-08  4.809056E-10
   2.332500E+03  5.117686E-08  4.811253E-10
   2.347500E+03  5.116380E-08  4.811023E-10
   2.362500E+03  5.094782E-08  4.799599E-10
   2.377500E+03  5.096741E-08  4.799707E-10
   2.392500E+03  5.058016E-08  4.782620E-10
   2.407500E+03  5.069769E-08  4.788115E-10
   2.422500E+03  5.031395E-08  4.769627E-10
   2.437500E+03  5.029185E-08  4.769447E-10
   2.452500E+03  5.009847E-08  4.759937E-10
   2.467500E+03  4.985387E-08  4.749046E-10
   2.482500E+03  5.012328E-08  7.228350E-10
   2.497500E+03  4.982725E-08  4.745544E-10
   2.512500E+03  4.953542E-08  4.732099E-10
   2.527500E+03  4.944250E-08  4.728087E-10
   2.542500E+03  4.910397E-08  4.712422E-10
   2.557500E+03  4.909041E-08  4.711296E-10
   2.572500E+03  4.917479E-08  4.716121E-10
   2.587500E+03  4.872123E-08  4.694693E-10
   2.602500E+03  4.846759E-08  4.681470E-10
   2.617500E+03  4.843795E-08  4.679761E-10
   2.632500E+03  4.813809E-08  4.664570E-10
   2.647500E+03  4.800549E-08  4.658641E-10
   2.662500E+03  4.786536E-08  4.653123E-10
   2.677500E+03  4.808887E-08  4.662889E-10
   2.692500E+03  4.765942E-08  4.641689E-10
   2.707500E+03  4.765892E-08  4.642251E-10
   2.722500E+03  4.733194E-08  4.626701E-10
   2.737500E+03  4.741984E-08  4.631982E-10
   2.752500E+03  4.714007E-08  4.617457E-10
   2.767500E+03  4.692409E-08  4.607022E-10
   2.782500E+03  4.645446E-08  4.584240E-10
   2.797500E+03  4.656949E-08  4.588766E-10
   2.812500E+03  4.652277E-08  4.586783E-10
   2.827500E+03  4.613301E-08  4.567666E-10
   2.842500E+03  4.582863E-08  4.551522E-10
   2.857500E+03  4.588388E-08  4.555336E-10
   2.872500E+03  4.560863E-08  4.541584E-10
   2.887500E+03  4.546197E-08  4.533745E-10
   2.902500E+03  4.501595E-08  4.512915E-10
   2.917500E+03  4.504709E-08  4.512449E-10
   2.932500E+03  4.530676E-08  4.526172E-10
   2.947500E+03  4.453627E-08  4.487780E-10
   2.962500E+03  4.459604E-08  4.490054E-10
   2.977500E+03  4.439112E-08  4.480376E-10
   2.992500E+03  4.429367E-08  4.475755E-10
   3.007500E+03  4.450815E-08  4.484806E-10
   3.022500E+03  4.420628E-08  4.471125E-10
   3.037500E+03  4.395163E-08  4.456819E-10
   3.052500E+03  4.719847E-08  2.415239E-09
   3.067500E+03  4.374971E-08  4.446505E-10
   3.082500E+03  4.301237E-08  4.410327E-10
   3.097500E+03  4.319771E-08  4.420196E-10
   3.112500E+03  4.294054E-08  4.406419E-10
   3.127500E+03  4.270749E-08  4.395843E-10
   3.142500E+03  4.255229E-08  4.386267E-10
   3.157500E+03  4.231622E-08  4.374086E-10
   3.172500E+03  4.214745E-08  4.365639E-10
   3.187500E+03  4.223303E-08  6.976839E-10
   3.202500E+03  4.188928E-08  4.351791E-10
   3.217500E+03  4.170796E-08  4.343279E-10
   3.232500E+03  4.170344E-08  4.343203E-10
   3.247500E+03  4.114843E-08  4.313991E-10
   3.262500E+03  4.094651E-08  4.303486E-10
   3.277500E+03  4.193043E-08  1.291549E-09
   3.292500E+03  4.088674E-08  4.300055E-10
   3.307500E+03  4.053816E-08  4.280730E-10
   3.322500E+03  4.043921E-08  4.277084E-10
   3.337500E+03  4.030862E-08  4.269755E-10
   3.352500E+03  4.010219E-08  4.259968E-10
   3.367500E+03  3.992639E-08  4.248408E-10
   3.382500E+03  3.964562E-08  4.234368E-10
   3.397500E+03  3.961096E-08  4.233176E-10
   3.412500E+03  3.969082E-08  4.235743E-10
   3.427500E+03  3.928448E-08  4.215362E-10
   3.442500E+03  7.200801E-08  7.297718E-09
   3.457500E+03  3.871741E-08  4.184000E-10
   3.472500E+03  3.863152E-08  4.180643E-10
   3.487500E+03  3.862951E-08  4.180699E-10
   3.502500E+03  3.844417E-08  4.170363E-10
   3.517500E+03  3.848837E-08  4.171107E-10
   3.532500E+03  3.814030E-08  4.152457E-10
   3.547500E+03  3.806144E-08  4.149290E-10
   3.562500E+03  3.769679E-08  4.128816E-10
   3.577500E+03  3.767871E-08  4.128108E-10
   3.592500E+03  3.773113E-08  6.828206E-10
   3.607500E+03  4.530700E-08  3.594657E-09
   3.622500E+03  3.707045E-08  4.095198E-10
   3.637500E+03  3.706060E-08  6.806842E-10
   3.652500E+03  3.670027E-08  4.073252E-10
   3.667500E+03  4.734028E-08  4.202413E-09
   3.682500E+03  8.623930E-07  3.651968E-08
   3.697500E+03  1.663305E-06  5.127066E-08
   3.712500E+03  3.696141E-08  1.282799E-09
   3.727500E+03  3.613772E-08  4.042202E-10
   3.742500E+03  3.568919E-08  4.016604E-10
   3.757500E+03  3.810262E-08  2.004493E-09
   3.772500E+03  3.543655E-08  4.002690E-10
   3.787500E+03  3.538632E-08  4.000214E-10
   3.802500E+03  3.507039E-08  3.982564E-10
   3.817500E+03  3.488505E-08  3.971762E-10
   3.832500E+03  3.486948E-08  3.970939E-10
   3.847500E+03  3.909163E-08  2.527131E-09
   3.862500E+03  3.463140E-08  3.958205E-10
   3.877500E+03  3.424816E-08  3.935721E-10
   3.892500E+03  3.769171E-08  2.343714E-09
   3.907500E+03  3.434862E-08  3.941676E-10
   3.922500E+03  3.401913E-08  3.923099E-10
   3.937500E+03  3.439371E-08  8.642146E-10
   3.952500E+03  3.483447E-08  1.389837E-09
   3.967500E+03  3.355352E-08  3.895373E-10
   3.982500E+03  3.333251E-08  3.881036E-10
   3.997500E+03  3.326220E-08  3.878898E-10
   4.012500E+03  3.085623E-07  2.107909E-08
   4.027500E+03  3.273029E-08  3.848104E-10
   4.042500E+03  3.208386E-08  3.808824E-10
   4.057500E+03  3.170263E-08  3.786579E-10
   4.072500E+03  3.171217E-08  3.786846E-10
   4.087500E+03  3.324754E-08  1.762764E-09
   4.102500E+03  3.157355E-08  3.778855E-10
   4.117500E+03  3.119383E-08  3.755070E-10
   4.132500E+03  3.168764E-08  1.015107E-09
   4.147500E+03  3.109387E-08  3.749752E-10
   4.162500E+03  3.102958E-08  3.746869E-10
   4.177500E+03  3.084525E-08  3.733188E-10
   4.192500E+03  3.079954E-08  3.731775E-10
   4.207500E+03  3.042082E-08  3.708969E-10
   4.222500E+03  3.056818E-08  6.587142E-10
   4.237500E+03  2.997932E-08  3.682562E-10
   4.252500E+03  2.999640E-08  3.682864E-10
   4.267500E+03  2.995270E-08  3.679334E-10
   4.282500E+03  2.972718E-08  3.667642E-10
   4.297500E+03  2.980102E-08  3.669998E-10
   4.312500E+03  2.963526E-08  3.659712E-10
   4.327500E+03  2.996966E-08  8.525482E-10
   4.342500E+03  2.947140E-08  8.512608E-10
   4.357500E+03  2.919728E-08  3.631848E-10
   4.372500E+03  2.889089E-08  3.614412E-10
   4.387500E+03  2.890345E-08  3.614941E-10
   4.402500E+03  2.899285E-08  3.620307E-10
   4.417500E+03  2.865633E-08  3.599610E-10
   4.432500E+03  2.855135E-08  3.593682E-10
   4.447500E+03  3.004214E-08  1.581593E-09
   4.462500E+03  4.571631E-08  5.319593E-09
   4.477500E+03  2.822789E-08  3.572697E-10
   4.492500E+03  2.809026E-08  3.563775E-10
   4.507500E+03  3.509246E-08  3.419195E-09
   4.522500E+03  2.773465E-08  3.541020E-10
   4.537500E+03  2.752872E-08  3.527473E-10
   4.552500E+03  2.767055E-08  6.487614E-10
   4.567500E+03  2.758567E-08  6.483832E-10
   4.582500E+03  2.755584E-08  3.529716E-10
   4.597500E+03  2.713293E-08  3.502874E-10
   4.612500E+03  2.705658E-08  3.498166E-10
   4.627500E+03  2.693252E-08  3.489924E-10
   4.642500E+03  2.676677E-08  3.478904E-10
   4.657500E+03  2.684111E-08  3.483444E-10
   4.672500E+03  2.670097E-08  3.473996E-10
   4.687500E+03  2.650056E-08  3.462511E-10
   4.702500E+03  2.628157E-08  3.446484E-10
   4.717500E+03  2.604851E-08  3.430519E-10
   4.732500E+03  2.593249E-08  3.423901E-10
   4.747500E+03  2.581044E-08  3.415676E-10
   4.762500E+03  2.587573E-08  3.419906E-10
   4.777500E+03  2.580592E-08  3.415778E-10
   4.792500E+03  2.566026E-08  3.405842E-10
   4.807500E+03  2.535387E-08  3.385486E-10
   4.822500E+03  3.447809E-08  3.826897E-09
   4.837500E+03  2.527451E-08  3.380882E-10
   4.852500E+03  2.642838E-08  1.376126E-09
   4.867500E+03  2.514944E-08  3.372418E-10
   4.882500E+03  2.493045E-08  3.357783E-10
   4.897500E+03  2.479232E-08  3.347909E-10
   4.912500E+03  2.494903E-08  3.359095E-10
   4.927500E+03  2.568200E-08  1.375488E-09
   4.942500E+03  2.443872E-08  3.325026E-10
   4.957500E+03  2.447338E-08  3.326209E-10
   4.972500E+03  2.429055E-08  3.313754E-10
   4.987500E+03  2.399571E-08  3.294095E-10
   5.002501E+03  2.411325E-08  3.303004E-10
   5.017501E+03  2.406905E-08  3.298961E-10
   5.032501E+03  2.380686E-08  3.279720E-10
   5.047501E+03  2.374709E-08  3.277073E-10
   5.062501E+03  2.368832E-08  3.272551E-10
   5.077501E+03  2.356125E-08  3.263943E-10
   5.092501E+03  2.336586E-08  3.250239E-10
   5.107501E+03  2.325938E-08  3.243911E-10
   5.122501E+03  2.332066E-08  3.246759E-10
   5.137501E+03  2.649297E-08  2.332898E-09
   5.152501E+03  2.331061E-08  3.246273E-10
   5.167501E+03  2.287916E-08  3.216727E-10
   5.182501E+03  2.287112E-08  3.215247E-10
   5.197501E+03  2.265213E-08  3.200596E-10
   5.212501E+03  2.272646E-08  3.205817E-10
   5.227501E+03  2.256121E-08  3.193914E-10
   5.242501E+03  2.242259E-08  3.183348E-10
   5.257501E+03  2.219355E-08  3.167476E-10
   5.272501E+03  2.230104E-08  3.175675E-10
   5.287501E+03  2.206145E-08  3.158365E-10
   5.302501E+03  2.204889E-08  3.156895E-10
   5.317501E+03  2.201825E-08  3.155718E-10
   5.332501E+03  2.185150E-08  3.143732E-10
   5.347501E+03  2.165812E-08  3.129206E-10
   5.362501E+03  2.164506E-08  3.128703E-10
   5.377501E+03  2.183280E-08  8.307100E-10
   5.392501E+03  2.151698E-08  3.119040E-10
   5.407501E+03  2.139644E-08  3.110038E-10
   5.422501E+03  2.122064E-08  3.097437E-10
   5.437501E+03  2.125731E-08  3.100612E-10
   5.452501E+03  2.094791E-08  3.077629E-10
   5.467501E+03  2.111466E-08  3.089285E-10
   5.482501E+03  2.101119E-08  3.082401E-10
   5.497501E+03  2.073394E-08  3.062608E-10
   5.512501E+03  2.051595E-08  3.045799E-10
   5.527501E+03  2.134980E-08  9.917850E-10
   5.542501E+03  2.062394E-08  3.053026E-10
   5.557501E+03  2.048782E-08  3.044018E-10
   5.572501E+03  2.044412E-08  3.039889E-10
   5.587501E+03  2.042755E-08  3.040155E-10
   5.602501E+03  2.015833E-08  3.018953E-10
   5.617501E+03  2.009253E-08  3.014720E-10
   5.632501E+03  1.989514E-08  2.999793E-10
   5.647501E+03  1.979820E-08  2.990991E-10
   5.662501E+03  1.962290E-08  2.979521E-10
   5.677501E+03  1.958925E-08  2.976290E-10
   5.692501E+03  1.962742E-08  2.978719E-10
   5.707501E+03  1.946017E-08  2.965668E-10
   5.722501E+03  1.950236E-08  2.969328E-10
   5.737501E+03  1.931451E-08  2.954589E-10
   5.752501E+03  1.940963E-08  6.192313E-10
   5.767501E+03  1.924770E-08  2.949494E-10
   5.782501E+03  1.921003E-08  2.947079E-10
   5.797501E+03  1.905885E-08  2.934887E-10
   5.812501E+03  1.895236E-08  2.927250E-10
   5.827501E+03  1.885241E-08  2.919862E-10
   5.842501E+03  1.888606E-08  2.921757E-10
   5.857501E+03  1.879716E-08  2.915209E-10
   5.872501E+03  1.887602E-08  2.920827E-10
   5.887501E+03  1.850182E-08  2.892620E-10
   5.902501E+03  1.859123E-08  2.899337E-10
   5.917501E+03  1.840840E-08  2.885181E-10
   5.932501E+03  1.865791E-08  8.220507E-10
   5.947501E+03  1.815726E-08  2.865829E-10
   5.962501E+03  1.842498E-08  2.886317E-10
   5.977501E+03  1.827027E-08  2.873827E-10
   5.992501E+03  1.803069E-08  2.854991E-10
   6.007501E+03  1.795886E-08  2.849319E-10
   6.022501E+03  1.797042E-08  2.850391E-10
   6.037501E+03  1.784585E-08  2.840533E-10
   6.052501E+03  1.803370E-08  2.855308E-10
   6.067501E+03  1.761079E-08  2.821350E-10
   6.082501E+03  1.757312E-08  2.818019E-10
   6.097501E+03  1.757513E-08  2.818824E-10
   6.112501E+03  1.745408E-08  2.809297E-10
   6.127501E+03  1.729385E-08  2.796178E-10
   6.142501E+03  1.719239E-08  2.787993E-10
   6.157501E+03  1.719340E-08  2.787749E-10
   6.172501E+03  1.716276E-08  2.786168E-10
   6.187501E+03  1.721349E-08  2.789778E-10
   6.202501E+03  1.695080E-08  2.769389E-10
   6.217501E+03  1.696586E-08  2.769959E-10
   6.232501E+03  1.680966E-08  2.756733E-10
   6.247501E+03  1.675290E-08  2.751761E-10
   6.262501E+03  1.662783E-08  2.741421E-10
   6.277501E+03  1.663989E-08  2.742742E-10
   6.292501E+03  1.641185E-08  2.723531E-10
   6.307501E+03  1.639528E-08  2.724244E-10
   6.322501E+03  1.630839E-08  2.715127E-10
   6.337501E+03  1.644651E-08  2.726480E-10
   6.352501E+03  1.629583E-08  2.714084E-10
   6.367501E+03  1.617177E-08  2.704942E-10
   6.382501E+03  1.614565E-08  2.701506E-10
   6.397501E+03  2.422499E-08  3.581155E-09
   6.412501E+03  1.588798E-08  2.680354E-10
   6.427501E+03  1.587643E-08  2.679214E-10
   6.442501E+03  1.585433E-08  2.678542E-10
   6.457501E+03  1.547662E-08  2.645377E-10
   6.472501E+03  1.579807E-08  2.672447E-10
   6.487501E+03  1.551680E-08  2.649312E-10
   6.502501E+03  1.557205E-08  2.652295E-10
   6.517501E+03  1.563182E-08  2.659759E-10
   6.532501E+03  1.549822E-08  2.647559E-10
   6.547501E+03  1.541182E-08  2.639595E-10
   6.562501E+03  1.524607E-08  2.626012E-10
   6.577501E+03  1.516671E-08  2.619107E-10
   6.592501E+03  1.517626E-08  2.619668E-10
   6.607501E+03  1.515114E-08  2.616726E-10
   6.622501E+03  1.490402E-08  2.596495E-10
   6.637501E+03  1.508534E-08  2.611923E-10
   6.652501E+03  1.501452E-08  2.605632E-10
   6.667501E+03  1.471215E-08  2.578732E-10
   6.682501E+03  1.474330E-08  2.581980E-10
   6.697501E+03  1.471416E-08  2.579348E-10
   6.712501E+03  1.463380E-08  2.572670E-10
   6.727501E+03  1.449768E-08  2.560275E-10
   6.742501E+03  1.463179E-08  2.571788E-10
   6.757501E+03  1.466193E-08  2.574604E-10
   6.772501E+03  1.426714E-08  2.539453E-10
   6.787501E+03  1.445097E-08  2.556160E-10
   6.802501E+03  1.428723E-08  2.541415E-10
   6.817501E+03  1.417723E-08  2.531641E-10
   6.832501E+03  1.408833E-08  2.523624E-10
   6.847501E+03  1.419833E-08  2.533787E-10
   6.862501E+03  1.405920E-08  2.521201E-10
   6.877501E+03  1.390952E-08  2.507150E-10
   6.892501E+03  1.399792E-08  2.515085E-10
   6.907501E+03  1.387386E-08  2.504849E-10
   6.922501E+03  1.369002E-08  2.487887E-10
   6.937501E+03  1.367244E-08  2.486659E-10
   6.952501E+03  1.358455E-08  2.478312E-10
   6.967501E+03  1.374276E-08  2.492751E-10
   6.982501E+03  1.353432E-08  2.473005E-10
   6.997501E+03  1.337058E-08  2.458496E-10
   7.012501E+03  1.349765E-08  2.470304E-10
   7.027501E+03  1.325103E-08  2.448160E-10
   7.042501E+03  1.338464E-08  2.459324E-10
   7.057501E+03  1.437508E-08  1.242384E-09
   7.072501E+03  1.323195E-08  2.444824E-10
   7.087501E+03  1.321487E-08  2.444364E-10
   7.102501E+03  1.290999E-08  2.415425E-10
   7.117501E+03  1.309885E-08  2.433173E-10
   7.132501E+03  1.303556E-08  2.427771E-10
   7.147501E+03  1.289191E-08  2.413642E-10
   7.162501E+03  1.287835E-08  2.412658E-10
   7.177501E+03  1.287081E-08  2.412895E-10
   7.192501E+03  1.274122E-08  2.399905E-10
   7.207501E+03  1.282661E-08  2.407630E-10
   7.222501E+03  1.267844E-08  2.393905E-10
   7.237501E+03  1.253479E-08  2.380243E-10
   7.252501E+03  1.244940E-08  2.372524E-10
   7.267501E+03  1.261415E-08  2.387843E-10
   7.282501E+03  1.245443E-08  2.373288E-10
   7.297501E+03  1.228315E-08  2.356961E-10
   7.312501E+03  1.236150E-08  2.363964E-10
   7.327501E+03  1.229571E-08  2.358258E-10
   7.342501E+03  1.220279E-08  2.349744E-10
   7.357501E+03  1.210936E-08  2.339889E-10
   7.372501E+03  1.226256E-08  2.354218E-10
   7.387501E+03  1.208123E-08  2.337274E-10
   7.402501E+03  1.195315E-08  2.324983E-10
   7.417501E+03  1.199886E-08  2.329704E-10
   7.432501E+03  1.195968E-08  2.324932E-10
   7.447501E+03  1.180448E-08  2.310322E-10
   7.462501E+03  1.189941E-08  2.319765E-10
   7.477501E+03  1.192452E-08  2.321813E-10
   7.492501E+03  1.154330E-08  2.284489E-10
   7.507501E+03  1.147449E-08  2.277587E-10
   7.522501E+03  1.162868E-08  2.293199E-10
   7.537501E+03  1.168695E-08  2.298328E-10
   7.552501E+03  1.138508E-08  2.268617E-10
   7.567501E+03  1.143682E-08  2.273854E-10
   7.582501E+03  1.145088E-08  2.275248E-10
   7.597501E+03  1.134590E-08  2.264419E-10
   7.612501E+03  1.131978E-08  2.262017E-10
   7.627501E+03  1.112942E-08  2.242958E-10
   7.642501E+03  1.121782E-08  2.252434E-10
   7.657501E+03  1.118417E-08  2.248860E-10
   7.672501E+03  1.097874E-08  2.227450E-10
   7.687501E+03  1.120125E-08  2.250068E-10
   7.702501E+03  1.101189E-08  2.231008E-10
   7.717501E+03  1.090390E-08  2.220371E-10
   7.732501E+03  1.094258E-08  2.223480E-10
   7.747501E+03  1.089034E-08  2.218380E-10
   7.762501E+03  1.073664E-08  2.203111E-10
   7.777501E+03  1.079491E-08  2.209376E-10
   7.792501E+03  1.055331E-08  2.184782E-10
   7.807501E+03  1.065427E-08  2.194662E-10
   7.822501E+03  1.076125E-08  2.205629E-10
   7.837501E+03  1.044884E-08  2.173447E-10
   7.852501E+03  1.063518E-08  2.192389E-10
   7.867501E+03  1.047194E-08  2.175843E-10
   7.882501E+03  1.046341E-08  2.175063E-10
   7.897501E+03  1.046491E-08  2.175532E-10
   7.912501E+03  1.035542E-08  2.163206E-10
   7.927501E+03  1.029213E-08  2.156912E-10
   7.942501E+03  1.029414E-08  2.157333E-10
   7.957501E+03  1.021930E-08  2.149600E-10
   7.972501E+03  1.019218E-08  2.146329E-10
   7.987501E+03  1.011031E-08  2.137813E-10
   8.002501E+03  1.006661E-08  2.133624E-10
   8.017501E+03  1.003999E-08  2.130594E-10
   8.032501E+03  1.002190E-08  2.128679E-10
   8.047501E+03  9.962134E-09  2.122336E-10
   8.062501E+03  9.960125E-09  2.122550E-10
   8.077501E+03  9.926975E-09  2.118381E-10
   8.092501E+03  9.846108E-09  2.109753E-10
   8.107501E+03  9.713508E-09  2.095635E-10
   8.122501E+03  9.740128E-09  2.098390E-10
   8.137501E+03  9.841086E-09  2.109431E-10
   8.152501E+03  9.623098E-09  2.085662E-10
   8.167501E+03  9.511091E-09  2.073293E-10
   8.182501E+03  9.632641E-09  2.086586E-10
   8.197501E+03  9.514606E-09  2.074442E-10
   8.212501E+03  9.540223E-09  2.076570E-10
   8.227501E+03  9.382006E-09  2.059310E-10
   8.242501E+03  9.457347E-09  2.066998E-10
   8.257501E+03  9.390544E-09  2.060686E-10
   8.272501E+03  9.164520E-09  2.035009E-10
   8.287501E+03  9.288582E-09  2.049603E-10
   8.302501E+03  9.118813E-09  2.030271E-10
   8.317501E+03  9.235844E-09  2.042790E-10
   8.332501E+03  9.104750E-09  2.028484E-10
   8.347501E+03  9.199680E-09  2.039460E-10
   8.362501E+03  8.918908E-09  2.007821E-10
   8.377501E+03  8.985710E-09  2.015201E-10
   8.392501E+03  8.930460E-09  2.009683E-10
   8.407501E+03  8.998267E-09  2.017169E-10
   8.422501E+03  8.846078E-09  1.999620E-10
   8.437501E+03  8.806900E-09  1.995195E-10
   8.452501E+03  8.820462E-09  1.996728E-10
   8.467501E+03  8.812927E-09  1.995648E-10
   8.482501E+03  8.758682E-09  1.989963E-10
   8.497501E+03  8.729047E-09  1.986600E-10
   8.512501E+03  8.542703E-09  1.965321E-10
   8.527501E+03  8.679824E-09  1.981116E-10
   8.542501E+03  8.473389E-09  1.956883E-10
   8.557501E+03  8.599963E-09  1.972114E-10
   8.572501E+03  8.615533E-09  1.973090E-10
   8.587501E+03  8.660738E-09  1.978597E-10
   8.602501E+03  8.479919E-09  1.957868E-10
   8.617501E+03  8.333254E-09  1.940891E-10
   8.632501E+03  8.398550E-09  1.948351E-10
   8.647501E+03  8.291063E-09  1.936332E-10
   8.662501E+03  8.357866E-09  1.943634E-10
   8.677501E+03  8.222754E-09  1.928355E-10
   8.692501E+03  8.217229E-09  1.927708E-10
   8.707501E+03  8.334259E-09  1.940540E-10
   8.722501E+03  8.090655E-09  1.912953E-10
   8.737501E+03  8.108235E-09  1.915026E-10
   8.752501E+03  8.114262E-09  1.915499E-10
   8.767501E+03  8.101203E-09  1.913485E-10
   8.782501E+03  7.925909E-09  1.892460E-10
   8.797501E+03  7.918375E-09  1.891561E-10
   8.812501E+03  8.021341E-09  1.904163E-10
   8.827501E+03  7.817417E-09  1.879357E-10
   8.842501E+03  7.982164E-09  1.899992E-10
   8.857501E+03  7.788788E-09  1.876400E-10
   8.872501E+03  7.763171E-09  1.873681E-10
   8.887501E+03  7.752121E-09  1.872349E-10
   8.902501E+03  7.675273E-09  1.862210E-10
   8.917501E+03  7.706917E-09  1.866528E-10
   8.932501E+03  7.590891E-09  1.852814E-10
   8.947501E+03  7.682305E-09  1.863793E-10
   8.962501E+03  7.581348E-09  1.851161E-10
   8.977501E+03  7.617512E-09  1.855687E-10
   8.992501E+03  7.543677E-09  1.846685E-10
   9.007501E+03  7.537147E-09  1.845887E-10
   9.022501E+03  7.548700E-09  1.847299E-10
   9.037501E+03  7.415597E-09  1.830966E-10
   9.052501E+03  7.448747E-09  1.835295E-10
   9.067501E+03  7.455277E-09  1.835479E-10
   9.082501E+03  7.259891E-09  1.812298E-10
   9.097501E+03  7.297060E-09  1.816046E-10
   9.112501E+03  7.131309E-09  1.795328E-10
   9.127501E+03  7.403040E-09  1.829790E-10
   9.142501E+03  7.218202E-09  1.806596E-10
   9.157501E+03  7.200623E-09  1.804021E-10
   9.172501E+03  7.160441E-09  1.798987E-10
   9.187501E+03  7.002726E-09  1.779345E-10
   9.202501E+03  7.074049E-09  1.788369E-10
   9.217501E+03  6.961037E-09  1.773793E-10
   9.232501E+03  6.881176E-09  1.763473E-10
   9.247501E+03  6.866610E-09  1.762252E-10
   9.262501E+03  6.935924E-09  1.770851E-10
   9.277501E+03  6.964051E-09  1.774560E-10
   9.292501E+03  6.850034E-09  1.759353E-10
   9.307501E+03  6.954006E-09  1.772385E-10
   9.322501E+03  6.881678E-09  1.764052E-10
   9.337501E+03  6.720447E-09  1.742779E-10
   9.352501E+03  6.821405E-09  1.756323E-10
   9.367501E+03  6.790766E-09  1.751603E-10
   9.382501E+03  6.730493E-09  1.744340E-10
   9.397501E+03  6.652138E-09  1.734302E-10
   9.412501E+03  6.626020E-09  1.730505E-10
   9.427501E+03  6.571774E-09  1.723942E-10
   9.442501E+03  6.587344E-09  1.725453E-10
   9.457501E+03  6.506478E-09  1.714577E-10
   9.472501E+03  6.442187E-09  1.706757E-10
   9.487501E+03  6.449219E-09  1.707687E-10
   9.502501E+03  6.449219E-09  1.707953E-10
   9.517501E+03  6.419082E-09  1.703565E-10
   9.532501E+03  6.305568E-09  1.688591E-10
   9.547501E+03  6.394973E-09  1.700368E-10
   9.562501E+03  6.320636E-09  1.690336E-10
   9.577501E+03  6.215660E-09  1.676529E-10
   9.592501E+03  6.239267E-09  1.680110E-10
   9.607501E+03  6.232235E-09  1.679165E-10
   9.622501E+03  6.113698E-09  1.662197E-10
   9.637501E+03  6.085571E-09  1.658509E-10
   9.652501E+03  6.183515E-09  1.671787E-10
   9.667501E+03  6.101644E-09  1.660422E-10
   9.682501E+03  6.149360E-09  1.667169E-10
   9.697501E+03  6.048403E-09  1.653717E-10
   9.712501E+03  6.075526E-09  1.657278E-10
   9.727501E+03  5.957993E-09  1.640775E-10
   9.742501E+03  6.001189E-09  1.646845E-10
   9.757501E+03  5.955984E-09  1.640637E-10
   9.772501E+03  5.902240E-09  1.633086E-10
   9.787501E+03  5.926852E-09  1.636762E-10
   9.802501E+03  5.874615E-09  1.630098E-10
   9.817501E+03  5.884159E-09  1.631280E-10
   9.832501E+03  5.835940E-09  1.624314E-10
   9.847501E+03  5.653112E-09  1.598275E-10
   9.862501E+03  5.699823E-09  1.605425E-10
   9.877501E+03  5.691285E-09  1.603941E-10
   9.892501E+03  5.655121E-09  1.598843E-10
   9.907501E+03  5.553661E-09  1.584308E-10
   9.922501E+03  5.584802E-09  1.588882E-10
   9.937501E+03  5.492384E-09  1.575983E-10
   9.952501E+03  5.682746E-09  1.602739E-10
   9.967501E+03  5.511972E-09  1.578355E-10
   9.982501E+03  5.600875E-09  1.591164E-10
   9.997501E+03  5.439645E-09  1.567830E-10
   1.001250E+04  5.435626E-09  1.567396E-10
   1.002750E+04  5.366815E-09  1.557453E-10
   1.004250E+04  5.303528E-09  1.548544E-10
   1.005750E+04  5.306039E-09  1.548471E-10
   1.007250E+04  5.291976E-09  1.546565E-10
   1.008750E+04  5.392431E-09  1.561453E-10
   1.010250E+04  5.391928E-09  1.561235E-10
   1.011750E+04  5.257319E-09  1.541645E-10
   1.013250E+04  5.262341E-09  1.542822E-10
   1.014750E+04  5.240743E-09  1.539215E-10
   1.016250E+04  5.143302E-09  1.524557E-10
   1.017750E+04  5.250287E-09  1.540762E-10
   1.019250E+04  5.076499E-09  1.514781E-10
   1.020750E+04  5.141795E-09  1.524631E-10
   1.022250E+04  5.138279E-09  1.523962E-10
   1.023750E+04  5.115677E-09  1.520609E-10
   1.025250E+04  5.001660E-09  1.503886E-10
   1.026750E+04  5.075997E-09  1.514856E-10
   1.028250E+04  5.053395E-09  1.511633E-10
   1.029750E+04  5.024263E-09  1.506974E-10
   1.031250E+04  4.868055E-09  1.483231E-10
   1.032750E+04  4.910246E-09  1.489792E-10
   1.034250E+04  4.946410E-09  1.495112E-10
   1.035750E+04  4.885132E-09  1.486287E-10
   1.037250E+04  4.839425E-09  1.479019E-10
   1.038750E+04  4.774129E-09  1.469326E-10
   1.040250E+04  4.671163E-09  1.452947E-10
   1.041750E+04  4.775636E-09  1.469712E-10
   1.043250E+04  4.731436E-09  1.462595E-10
   1.044750E+04  4.701802E-09  1.458324E-10
   1.046250E+04  4.730431E-09  1.462284E-10
   1.047750E+04  4.659611E-09  1.451463E-10
   1.049250E+04  4.657099E-09  1.451072E-10
   1.050750E+04  4.911945E-09  5.638288E-10
   1.052250E+04  4.663127E-09  1.451697E-10
   1.053750E+04  4.778842E-09  5.633116E-10
   1.055250E+04  4.600844E-09  1.442291E-10
   1.056750E+04  4.405961E-09  1.410966E-10
   1.058250E+04  4.479294E-09  1.422654E-10
   1.059750E+04  4.539064E-09  1.432744E-10
   1.061250E+04  4.416007E-09  1.413055E-10
   1.062750E+04  4.391395E-09  1.408955E-10
   1.064250E+04  4.453678E-09  1.419063E-10
   1.065750E+04  4.374318E-09  1.406215E-10
   1.067250E+04  4.283908E-09  1.391621E-10
   1.068750E+04  4.387880E-09  1.408392E-10
   1.070250E+04  4.271854E-09  1.389500E-10
   1.071750E+04  4.355232E-09  1.403147E-10
   1.073250E+04  4.288429E-09  1.393006E-10
   1.074750E+04  4.273863E-09  1.389663E-10
   1.076250E+04  4.220622E-09  1.381641E-10
   1.077750E+04  4.216604E-09  1.380820E-10
   1.079250E+04  4.139755E-09  1.368359E-10
   1.080750E+04  4.117153E-09  1.364624E-10
   1.082250E+04  4.149801E-09  1.369353E-10
   1.083750E+04  4.106103E-09  1.362461E-10
   1.085250E+04  4.157335E-09  1.370926E-10
   1.086750E+04  4.043821E-09  1.351929E-10
   1.088250E+04  4.062405E-09  1.355198E-10
   1.089750E+04  4.046834E-09  1.352265E-10
   1.091250E+04  3.963959E-09  1.338861E-10
   1.092750E+04  3.953913E-09  1.336656E-10
   1.094250E+04  3.905695E-09  1.328655E-10
   1.095750E+04  3.904188E-09  1.328911E-10
   1.097250E+04  3.896152E-09  1.327203E-10
   1.098750E+04  3.856472E-09  1.320433E-10
   1.100250E+04  3.920261E-09  1.331128E-10
   1.101750E+04  3.880581E-09  1.324379E-10
   1.103250E+04  3.892636E-09  1.326262E-10
   1.104750E+04  3.829851E-09  1.315872E-10
   1.106250E+04  3.734921E-09  1.299476E-10
   1.107750E+04  3.799715E-09  1.310863E-10
   1.109250E+04  3.772090E-09  1.305747E-10
   1.110750E+04  3.691726E-09  1.291947E-10
   1.112250E+04  3.710310E-09  1.295192E-10
   1.113750E+04  3.670630E-09  1.288254E-10
   1.115250E+04  3.654557E-09  1.285433E-10
   1.116750E+04  3.647525E-09  1.284373E-10
   1.118250E+04  3.642503E-09  1.283136E-10
   1.119750E+04  3.626932E-09  1.280570E-10
   1.121250E+04  3.614877E-09  1.278619E-10
   1.122750E+04  3.552093E-09  1.267301E-10
   1.124250E+04  3.521956E-09  1.261739E-10
   1.125750E+04  3.552093E-09  1.267122E-10
   1.127250E+04  3.487802E-09  1.255791E-10
   1.128750E+04  3.455656E-09  1.249996E-10
   1.130250E+04  3.464697E-09  1.251265E-10
   1.131750E+04  3.423510E-09  1.243991E-10
   1.133250E+04  3.416981E-09  1.242622E-10
   1.134750E+04  3.453647E-09  1.249269E-10
   1.136250E+04  3.341639E-09  1.229036E-10
   1.137750E+04  3.397894E-09  1.239331E-10
   1.139250E+04  3.382826E-09  1.236582E-10
   1.140750E+04  3.326571E-09  1.226078E-10
   1.142250E+04  3.366251E-09  1.233367E-10
   1.143750E+04  3.337119E-09  1.228390E-10
   1.145250E+04  3.255750E-09  1.212961E-10
   1.146750E+04  3.257257E-09  1.213242E-10
   1.148250E+04  3.275339E-09  1.216977E-10
   1.149750E+04  3.226618E-09  1.207524E-10
   1.151250E+04  3.199998E-09  1.203100E-10
   1.152750E+04  3.169359E-09  1.196955E-10
   1.154250E+04  3.298946E-09  1.221164E-10
   1.155750E+04  3.204518E-09  1.203383E-10
   1.157250E+04  3.136209E-09  1.190682E-10
   1.158750E+04  3.113104E-09  1.186865E-10
   1.160250E+04  3.066895E-09  1.177652E-10
   1.161750E+04  3.121141E-09  1.187820E-10
   1.163250E+04  3.091004E-09  1.182076E-10
   1.164750E+04  3.019179E-09  1.168270E-10
   1.166250E+04  3.020183E-09  1.168270E-10
   1.167750E+04  3.021690E-09  1.168561E-10
   1.169250E+04  3.021188E-09  1.168658E-10
   1.170750E+04  2.962924E-09  1.157145E-10
   1.172250E+04  3.346545E-09  7.788051E-10
   1.173750E+04  2.978494E-09  1.160181E-10
   1.175250E+04  2.902148E-09  1.145418E-10
   1.176750E+04  2.902651E-09  1.145517E-10
   1.178250E+04  2.816761E-09  1.128252E-10
   1.179750E+04  2.858450E-09  1.136767E-10
   1.181250E+04  2.790643E-09  1.123414E-10
   1.182750E+04  2.819775E-09  1.129056E-10
   1.184250E+04  2.817766E-09  1.128855E-10
   1.185750E+04  2.788132E-09  1.122707E-10
   1.187250E+04  2.800689E-09  1.125634E-10
   1.188750E+04  2.773566E-09  1.119570E-10
   1.190250E+04  2.722836E-09  1.109696E-10
   1.191750E+04  2.693704E-09  1.103544E-10
   1.193250E+04  2.772561E-09  1.119570E-10
   1.194750E+04  2.665577E-09  1.097977E-10
   1.196250E+04  2.754982E-09  1.115813E-10
   1.197750E+04  2.669092E-09  1.098287E-10
   1.199250E+04  2.656033E-09  1.096012E-10
   1.200750E+04  2.597769E-09  1.084146E-10
   1.202250E+04  2.535487E-09  1.070665E-10
   1.203750E+04  2.553569E-09  1.074474E-10
   1.205250E+04  2.556080E-09  1.074791E-10
   1.206750E+04  2.562610E-09  1.076373E-10
   1.208250E+04  2.548044E-09  1.073100E-10
   1.209750E+04  2.495305E-09  1.062153E-10
   1.211250E+04  2.521423E-09  1.067481E-10
   1.212750E+04  2.477223E-09  1.058515E-10
   1.214250E+04  2.514392E-09  1.065992E-10
   1.215750E+04  2.443068E-09  1.050768E-10
   1.217250E+04  2.441059E-09  1.050336E-10
   1.218750E+04  2.420968E-09  1.046223E-10
   1.220250E+04  2.344120E-09  1.029274E-10
   1.221750E+04  2.354166E-09  1.031917E-10
   1.223250E+04  2.326541E-09  1.025408E-10
   1.224750E+04  2.363709E-09  1.033565E-10
   1.226250E+04  2.343618E-09  1.029164E-10
   1.227750E+04  2.258733E-09  1.010359E-10
   1.229250E+04  2.295399E-09  1.018524E-10
   1.230750E+04  2.301929E-09  1.019972E-10
   1.232250E+04  2.252204E-09  1.008897E-10
   1.233750E+04  2.311975E-09  1.022194E-10
   1.235250E+04  2.240651E-09  1.006307E-10
   1.236750E+04  2.172342E-09  9.908525E-11
   1.238250E+04  2.184397E-09  9.938258E-11
   1.239750E+04  2.208003E-09  9.996323E-11
   1.241250E+04  2.152251E-09  9.862609E-11
   1.242750E+04  2.147730E-09  9.852248E-11
   1.244250E+04  2.131658E-09  9.815322E-11
   1.245750E+04  2.169328E-09  9.903944E-11
   1.247250E+04  2.156771E-09  9.872959E-11
   1.248750E+04  2.084444E-09  9.708376E-11
   1.250250E+04  2.060334E-09  9.652107E-11
   1.251750E+04  2.025677E-09  9.568267E-11
   1.253250E+04  2.030198E-09  9.578935E-11
   1.254750E+04  2.022162E-09  9.559961E-11
   1.256250E+04  2.033212E-09  9.586040E-11
   1.257750E+04  2.010107E-09  9.533812E-11
   1.259250E+04  2.017139E-09  9.548083E-11
   1.260750E+04  1.973441E-09  9.448923E-11
   1.262250E+04  1.940793E-09  9.365686E-11
   1.263750E+04  1.926729E-09  9.331697E-11
   1.265250E+04  1.927231E-09  9.335345E-11
   1.266750E+04  1.856411E-09  9.159860E-11
   1.268250E+04  1.859424E-09  9.167291E-11
   1.269750E+04  1.829790E-09  9.096456E-11
   1.271250E+04  1.851890E-09  9.148703E-11
   1.272750E+04  1.881022E-09  9.220368E-11
   1.274250E+04  1.806183E-09  9.035117E-11
   1.275750E+04  1.803169E-09  9.027578E-11
   1.277250E+04  1.773535E-09  8.953102E-11
   1.278750E+04  1.767508E-09  8.937878E-11
   1.280250E+04  1.818238E-09  9.065212E-11
   1.281750E+04  1.774540E-09  8.958172E-11
   1.283250E+04  1.771526E-09  8.948030E-11
   1.284750E+04  1.688148E-09  8.734957E-11
   1.286250E+04  1.675089E-09  8.701111E-11
   1.287750E+04  1.732851E-09  8.849833E-11
   1.289250E+04  1.685135E-09  8.729760E-11
   1.290750E+04  1.679610E-09  8.712842E-11
   1.292250E+04  1.645455E-09  8.623814E-11
   1.293750E+04  1.636414E-09  8.600094E-11
   1.295250E+04  1.694176E-09  8.750534E-11
   1.296750E+04  1.616323E-09  8.549802E-11
   1.298250E+04  1.639428E-09  8.610645E-11
   1.299750E+04  1.577145E-09  8.445630E-11
   1.301250E+04  1.583675E-09  8.465764E-11
   1.302750E+04  1.560570E-09  8.398465E-11
   1.304250E+04  1.537466E-09  8.336072E-11
   1.305750E+04  1.524406E-09  8.300599E-11
   1.307250E+04  1.470161E-09  8.151596E-11
   1.308750E+04  1.521393E-09  8.292392E-11
   1.310250E+04  1.500297E-09  8.234709E-11
   1.311750E+04  1.486736E-09  8.197412E-11
   1.313250E+04  1.439020E-09  8.067627E-11
   1.314750E+04  1.437010E-09  8.059181E-11
   1.316250E+04  1.411394E-09  7.989880E-11
   1.317750E+04  1.467147E-09  8.143238E-11
   1.319250E+04  1.393312E-09  7.935717E-11
   1.320750E+04  1.364180E-09  7.852329E-11
   1.322250E+04  1.384774E-09  7.911367E-11
   1.323750E+04  1.355140E-09  7.826269E-11
   1.325250E+04  1.374728E-09  7.882623E-11
   1.326750E+04  1.358655E-09  7.836413E-11
   1.328250E+04  1.357651E-09  7.833516E-11
   1.329750E+04  1.298382E-09  7.660644E-11
   1.331250E+04  1.338564E-09  7.778265E-11
   1.332750E+04  1.301396E-09  7.669528E-11
   1.334250E+04  1.254684E-09  7.530645E-11
   1.335750E+04  1.277789E-09  7.599658E-11
   1.337250E+04  1.263725E-09  7.560729E-11
   1.338750E+04  1.236100E-09  7.474673E-11
   1.340250E+04  1.214502E-09  7.409092E-11
   1.341750E+04  1.226055E-09  7.444242E-11
   1.343250E+04  1.176329E-09  7.291739E-11
   1.344750E+04  1.147197E-09  7.200893E-11
   1.346250E+04  1.229068E-09  7.453384E-11
   1.347750E+04  1.132129E-09  7.156624E-11
   1.349250E+04  1.155234E-09  7.226068E-11
   1.350750E+04  1.106011E-09  7.070463E-11
   1.352250E+04  1.129618E-09  7.145513E-11
   1.353750E+04  1.154229E-09  7.222926E-11
   1.355250E+04  1.080897E-09  6.989738E-11
   1.356750E+04  1.142677E-09  7.186693E-11
   1.358250E+04  1.099984E-09  7.051174E-11
   1.359750E+04  1.054779E-09  6.904782E-11
   1.361250E+04  1.059801E-09  6.924481E-11
   1.362750E+04  1.048751E-09  6.885028E-11
   1.364250E+04  1.010076E-09  6.760257E-11
   1.365750E+04  1.052770E-09  6.898204E-11
   1.367250E+04  1.009072E-09  6.753537E-11
   1.368750E+04  1.028158E-09  6.820432E-11
   1.370250E+04  9.935011E-10  6.701234E-11
   1.371750E+04  9.462872E-10  6.540081E-11
   1.373250E+04  9.658760E-10  6.607420E-11
   1.374750E+04  9.362417E-10  6.505278E-11
   1.376250E+04  9.377485E-10  6.513997E-11
   1.377750E+04  8.950551E-10  6.360594E-11
   1.379250E+04  8.935483E-10  6.355238E-11
   1.380750E+04  9.191643E-10  6.445681E-11
   1.382250E+04  8.900323E-10  6.342724E-11
   1.383750E+04  8.729550E-10  6.285198E-11
   1.385250E+04  8.935483E-10  6.355238E-11
   1.386750E+04  8.347820E-10  6.142719E-11
   1.388250E+04  8.483435E-10  6.192409E-11
   1.389750E+04  8.503526E-10  6.199737E-11
   1.391250E+04  8.156956E-10  6.072095E-11
   1.392750E+04  8.146910E-10  6.068355E-11
   1.394250E+04  7.971114E-10  6.002531E-11
   1.395750E+04  7.634589E-10  5.874467E-11
   1.397250E+04  7.669748E-10  5.891832E-11
   1.398750E+04  7.363360E-10  5.769182E-11
   1.400250E+04  7.850567E-10  5.960784E-11
   1.401750E+04  7.579339E-10  5.853174E-11
   1.403250E+04  7.262905E-10  5.729697E-11
   1.404750E+04  7.072040E-10  5.653915E-11
   1.406250E+04  7.333224E-10  5.757365E-11
   1.407750E+04  6.926380E-10  5.595390E-11
   1.409250E+04  6.886198E-10  5.579137E-11
   1.410750E+04  6.745561E-10  5.521876E-11
   1.412250E+04  6.273422E-10  5.325138E-11
   1.413750E+04  6.383923E-10  5.371829E-11
   1.415250E+04  6.464287E-10  5.405533E-11
   1.416750E+04  6.343741E-10  5.354898E-11
   1.418250E+04  6.348763E-10  5.361254E-11
   1.419750E+04  5.931875E-10  5.178159E-11
   1.421250E+04  5.786215E-10  5.114191E-11
   1.422750E+04  6.002193E-10  5.208758E-11
   1.424250E+04  5.670691E-10  5.062884E-11
   1.425750E+04  5.459736E-10  4.967824E-11
   1.427250E+04  5.921829E-10  5.173772E-11
   1.428750E+04  5.735987E-10  5.091947E-11
   1.430250E+04  5.620464E-10  5.040413E-11
   1.431750E+04  5.434622E-10  4.956386E-11
   1.433250E+04  5.143302E-10  4.821721E-11
   1.434750E+04  4.912255E-10  4.712182E-11
   1.436250E+04  4.831891E-10  4.673479E-11
   1.437750E+04  4.686231E-10  4.602501E-11
   1.439250E+04  4.535549E-10  4.527905E-11
   1.440750E+04  4.585776E-10  4.552906E-11
   1.442250E+04  4.369798E-10  4.444403E-11
   1.443750E+04  4.570708E-10  4.545420E-11
   1.445250E+04  3.927795E-10  4.213647E-11
   1.446750E+04  4.053364E-10  4.285769E-11
   1.448250E+04  3.962954E-10  4.232463E-11
   1.449750E+04  3.857477E-10  4.175760E-11
   1.451250E+04  3.636475E-10  4.054382E-11
   1.452750E+04  3.490815E-10  3.972356E-11
   1.454250E+04  3.671635E-10  4.073934E-11
   1.455750E+04  3.274837E-10  3.847512E-11
   1.457250E+04  3.445611E-10  3.946552E-11
   1.458750E+04  3.073927E-10  3.727626E-11
   1.460250E+04  3.209541E-10  3.808963E-11
   1.461750E+04  3.073927E-10  3.727626E-11
   1.463250E+04  2.933289E-10  3.641358E-11
   1.464750E+04  2.857948E-10  3.594291E-11
   1.466250E+04  2.832834E-10  3.578464E-11
   1.467750E+04  2.742425E-10  3.520900E-11
   1.469250E+04  2.586719E-10  3.419490E-11
   1.470750E+04  2.606810E-10  3.432743E-11
   1.472250E+04  2.345627E-10  3.256242E-11
   1.473750E+04  2.491287E-10  3.355821E-11
   1.475250E+04  2.054307E-10  3.047337E-11
   1.476750E+04  2.054307E-10  3.047337E-11
   1.478250E+04  1.682623E-10  2.757923E-11
   1.479750E+04  1.722805E-10  2.790658E-11
   1.481250E+04  1.607282E-10  2.695472E-11
   1.482750E+04  1.677600E-10  2.753803E-11
   1.484250E+04  1.280803E-10  2.406194E-11
   1.485750E+04  1.481713E-10  2.588041E-11
   1.487250E+04  1.285826E-10  2.410907E-11
   1.488750E+04  1.009574E-10  2.136285E-11
   1.490250E+04  9.493009E-11  2.071534E-11
   1.491750E+04  8.940505E-11  2.010349E-11
   1.493250E+04  7.483906E-11  1.839310E-11
   1.494750E+04  7.031858E-11  1.782895E-11
   1.496250E+04  4.470253E-11  1.421534E-11
   1.497750E+04  5.072983E-11  1.514338E-11
   1.499250E+04  4.118660E-11  1.364487E-11
