 #  Results from PENEPMA.
 #  Probability of emission of bremmstrahlung photons.
 #  1st column: E (eV).
 #  2nd and 3rd columns: probability density and STU (1/(eV*sr*electron)).

   1.125000E+02  5.037666E-07  1.391040E-09
   1.275000E+02  4.359720E-07  1.289730E-09
   1.425000E+02  3.834252E-07  1.203702E-09
   1.575000E+02  3.406804E-07  1.067901E-09
   1.725000E+02  3.064638E-07  9.898018E-10
   1.875000E+02  2.789318E-07  9.769091E-10
   2.025000E+02  2.552897E-07  9.136930E-10
   2.175000E+02  2.353437E-07  8.804555E-10
   2.325000E+02  2.176082E-07  8.170233E-10
   2.475000E+02  2.030989E-07  8.079359E-10
   2.625000E+02  1.894571E-07  7.430952E-10
   2.775000E+02  1.780429E-07  7.106304E-10
   2.925000E+02  1.677154E-07  6.850666E-10
   3.075000E+02  1.585262E-07  6.459930E-10
   3.225000E+02  1.499323E-07  5.951848E-10
   3.375000E+02  1.421298E-07  5.466576E-10
   3.525000E+02  1.360230E-07  6.094168E-10
   3.675000E+02  1.290720E-07  4.991253E-10
   3.825000E+02  1.233956E-07  4.969726E-10
   3.975000E+02  1.181966E-07  4.577596E-10
   4.125000E+02  1.133518E-07  4.538727E-10
   4.275000E+02  1.086358E-07  3.943139E-10
   4.425000E+02  1.046819E-07  4.201606E-10
   4.575000E+02  1.006341E-07  3.658670E-10
   4.725000E+02  9.713292E-08  3.742304E-10
   4.875000E+02  9.359524E-08  3.182782E-10
   5.025001E+02  9.045019E-08  2.951606E-10
   5.175001E+02  8.722967E-08  2.766118E-10
   5.325001E+02  8.465145E-08  2.749894E-10
   5.475001E+02  8.210804E-08  2.518616E-10
   5.625001E+02  7.951882E-08  2.263851E-10
   5.775001E+02  7.720639E-08  2.406586E-10
   5.925001E+02  7.508306E-08  2.351300E-10
   6.075001E+02  7.295687E-08  2.252212E-10
   6.225001E+02  7.100641E-08  2.194746E-10
   6.375001E+02  6.922747E-08  2.384597E-10
   6.525001E+02  6.742866E-08  2.448802E-10
   6.675001E+02  6.565895E-08  2.511308E-10
   6.825001E+02  6.422397E-08  2.538014E-10
   6.975001E+02  6.242460E-08  2.208830E-10
   7.125001E+02  6.096239E-08  1.972269E-10
   7.275001E+02  5.959157E-08  2.141674E-10
   7.425001E+02  5.818688E-08  2.040326E-10
   7.575001E+02  5.689300E-08  2.119068E-10
   7.725001E+02  5.566755E-08  2.279237E-10
   7.875001E+02  5.441029E-08  2.007129E-10
   8.025001E+02  5.331839E-08  1.996707E-10
   8.175001E+02  5.214098E-08  1.787380E-10
   8.325001E+02  5.112044E-08  2.068889E-10
   8.475001E+02  5.013064E-08  2.105454E-10
   8.625001E+02  4.921412E-08  2.052580E-10
   8.775001E+02  4.812017E-08  1.849866E-10
   8.925001E+02  4.716351E-08  1.789420E-10
   9.075001E+02  4.619336E-08  1.779166E-10
   9.225001E+02  4.529439E-08  1.417896E-10
   9.375001E+02  4.464820E-08  1.867151E-10
   9.525001E+02  4.375262E-08  1.644169E-10
   9.675001E+02  4.299055E-08  1.635560E-10
   9.825001E+02  4.219208E-08  1.626662E-10
   9.975001E+02  4.148648E-08  1.730801E-10
   1.012500E+03  4.071088E-08  1.489304E-10
   1.027500E+03  4.012431E-08  1.716358E-10
   1.042500E+03  3.934241E-08  1.535060E-10
   1.057500E+03  3.876838E-08  1.588757E-10
   1.072500E+03  3.813600E-08  1.520285E-10
   1.087500E+03  3.759074E-08  1.689580E-10
   1.102500E+03  3.682108E-08  1.374861E-10
   1.117500E+03  3.631995E-08  1.560068E-10
   1.132500E+03  3.567963E-08  1.359705E-10
   1.147500E+03  3.517522E-08  1.420220E-10
   1.162500E+03  3.471174E-08  1.600804E-10
   1.177500E+03  3.414002E-08  1.472405E-10
   1.192500E+03  3.362559E-08  1.400756E-10
   1.207500E+03  3.313353E-08  1.252953E-10
   1.222500E+03  3.271069E-08  1.578304E-10
   1.237500E+03  3.220311E-08  1.382430E-10
   1.252500E+03  3.166375E-08  1.153299E-10
   1.267500E+03  3.125614E-08  1.146395E-10
   1.282500E+03  3.088386E-08  1.364678E-10
   1.297500E+03  3.036153E-08  1.132233E-10
   1.312500E+03  2.996715E-08  1.126077E-10
   1.327500E+03  2.961666E-08  1.348288E-10
   1.342500E+03  2.919599E-08  1.194597E-10
   1.357500E+03  2.876574E-08  1.106453E-10
   1.372500E+03  2.836838E-08  1.011411E-10
   1.387500E+03  2.809282E-08  1.177713E-10
   1.402500E+03  2.764868E-08  9.984668E-11
   1.417500E+03  2.735031E-08  9.928354E-11
   1.432500E+03  2.700276E-08  1.161252E-10
   1.447500E+03  2.663411E-08  1.071439E-10
   1.462500E+03  2.628617E-08  1.065470E-10
   1.477500E+03  2.601140E-08  9.686043E-11
   1.492500E+03  2.559825E-08  1.053386E-10
   1.507500E+03  2.534582E-08  9.556873E-11
   1.522500E+03  2.503402E-08  9.498658E-11
   1.537500E+03  2.473826E-08  1.038988E-10
   1.552500E+03  2.447523E-08  1.121259E-10
   1.567500E+03  2.419942E-08  1.029956E-10
   1.582500E+03  2.386646E-08  9.275850E-11
   1.597500E+03  2.366443E-08  1.020088E-10
   1.612500E+03  2.339450E-08  9.186131E-11
   1.627500E+03  2.308265E-08  9.122641E-11
   1.642500E+03  2.280246E-08  9.067275E-11
   1.657500E+03  2.250865E-08  9.008134E-11
   1.672500E+03  2.228350E-08  8.961207E-11
   1.687500E+03  2.208217E-08  8.921769E-11
   1.702500E+03  2.174362E-08  8.852574E-11
   1.717500E+03  2.157063E-08  8.815990E-11
   1.732500E+03  2.131428E-08  9.772944E-11
   1.747500E+03  2.112898E-08  9.741248E-11
   1.762500E+03  2.091213E-08  8.681819E-11
   1.777500E+03  2.064729E-08  8.627238E-11
   1.792500E+03  2.046819E-08  8.590104E-11
   1.807500E+03  2.022681E-08  8.537915E-11
   1.822500E+03  2.003519E-08  8.498700E-11
   1.837500E+03  1.980409E-08  8.448223E-11
   1.852500E+03  1.963849E-08  8.412382E-11
   1.867500E+03  1.943149E-08  8.369356E-11
   1.882500E+03  1.924771E-08  8.328440E-11
   1.897500E+03  1.907500E-08  8.291949E-11
   1.912500E+03  1.882798E-08  8.237055E-11
   1.927500E+03  1.863797E-08  8.196867E-11
   1.942500E+03  1.850099E-08  8.163872E-11
   1.957500E+03  1.828779E-08  8.121489E-11
   1.972500E+03  1.814282E-08  8.087671E-11
   1.987500E+03  1.798230E-08  8.048456E-11
   2.002500E+03  1.778067E-08  9.098620E-11
   2.017500E+03  1.765187E-08  7.975673E-11
   2.032500E+03  1.748559E-08  1.002340E-10
   2.047500E+03  1.728407E-08  7.892980E-11
   2.062500E+03  1.715149E-08  7.858558E-11
   2.077500E+03  1.697594E-08  7.820290E-11
   2.092500E+03  1.677637E-08  7.774407E-11
   2.107500E+03  1.669237E-08  8.878820E-11
   2.122500E+03  1.650294E-08  7.711570E-11
   2.137500E+03  1.633714E-08  7.671396E-11
   2.152500E+03  1.620488E-08  7.640472E-11
   2.167500E+03  1.605872E-08  7.605614E-11
   2.182500E+03  1.594248E-08  7.577482E-11
   2.197500E+03  1.575876E-08  8.695432E-11
   2.212500E+03  1.565086E-08  7.509558E-11
   2.227500E+03  1.545849E-08  7.462481E-11
   2.242500E+03  1.532011E-08  7.429077E-11
   2.257500E+03  1.522934E-08  7.408868E-11
   2.272500E+03  1.508589E-08  7.373095E-11
   2.287500E+03  1.494376E-08  7.337799E-11
   2.302500E+03  1.490794E-08  7.327757E-11
   2.317500E+03  1.469035E-08  7.275507E-11
   2.332500E+03  1.454514E-08  7.237771E-11
   2.347500E+03  1.447947E-08  7.222310E-11
   2.362500E+03  1.436651E-08  7.192974E-11
   2.377500E+03  1.423293E-08  7.160202E-11
   2.392500E+03  1.412737E-08  7.134387E-11
   2.407500E+03  1.398848E-08  7.099479E-11
   2.422500E+03  1.387404E-08  7.069743E-11
   2.437500E+03  1.377336E-08  7.043773E-11
   2.452500E+03  1.366380E-08  7.014274E-11
   2.467500E+03  1.350440E-08  6.975947E-11
   2.482500E+03  1.344365E-08  6.960509E-11
   2.497500E+03  1.334388E-08  6.932901E-11
   2.512500E+03  1.320239E-08  6.894641E-11
   2.527500E+03  1.308724E-08  6.865598E-11
   2.542500E+03  1.300894E-08  6.844933E-11
   2.557500E+03  1.287920E-08  6.810502E-11
   2.572500E+03  1.279646E-08  6.787314E-11
   2.587500E+03  1.269713E-08  6.762280E-11
   2.602500E+03  1.258278E-08  6.730249E-11
   2.617500E+03  1.252067E-08  6.715698E-11
   2.632500E+03  1.237534E-08  6.676986E-11
   2.647500E+03  1.228121E-08  6.651314E-11
   2.662500E+03  1.222455E-08  7.920568E-11
   2.677500E+03  1.211949E-08  6.607334E-11
   2.692500E+03  1.203295E-08  6.583473E-11
   2.707500E+03  1.192675E-08  6.554837E-11
   2.722500E+03  1.181004E-08  6.520455E-11
   2.737500E+03  1.177535E-08  6.513393E-11
   2.752500E+03  1.168210E-08  6.486029E-11
   2.767500E+03  1.157722E-08  6.456846E-11
   2.782500E+03  1.147390E-08  6.426559E-11
   2.797500E+03  1.141346E-08  6.412466E-11
   2.812500E+03  1.136778E-08  6.399469E-11
   2.827500E+03  1.124223E-08  6.362838E-11
   2.842500E+03  1.114167E-08  6.333405E-11
   2.857500E+03  1.109842E-08  6.322025E-11
   2.872500E+03  1.096564E-08  6.281943E-11
   2.887500E+03  1.090193E-08  6.266245E-11
   2.902500E+03  1.082754E-08  6.245007E-11
   2.917500E+03  1.075504E-08  6.223644E-11
   2.932500E+03  1.070684E-08  6.208987E-11
   2.947500E+03  1.056870E-08  6.169829E-11
   2.962500E+03  1.052681E-08  6.155993E-11
   2.977500E+03  1.043700E-08  6.131964E-11
   2.992500E+03  1.040986E-08  6.123362E-11
   3.007500E+03  1.035890E-08  6.106390E-11
   3.022500E+03  1.027021E-08  6.080632E-11
   3.037500E+03  1.021309E-08  6.063392E-11
   3.052500E+03  1.012755E-08  6.039405E-11
   3.067500E+03  1.005481E-08  6.017180E-11
   3.082500E+03  9.955243E-09  5.986970E-11
   3.097500E+03  9.888574E-09  5.966013E-11
   3.112500E+03  9.825262E-09  5.948990E-11
   3.127500E+03  9.753196E-09  5.927338E-11
   3.142500E+03  9.717863E-09  5.915290E-11
   3.157500E+03  9.592437E-09  5.876912E-11
   3.172500E+03  9.549230E-09  5.863454E-11
   3.187500E+03  9.498628E-09  5.848629E-11
   3.202500E+03  9.419248E-09  5.823665E-11
   3.217500E+03  9.346823E-09  5.801413E-11
   3.232500E+03  9.297180E-09  5.786985E-11
   3.247500E+03  9.226474E-09  5.763412E-11
   3.262500E+03  9.179829E-09  5.748125E-11
   3.277500E+03  9.131825E-09  5.734035E-11
   3.292500E+03  9.040494E-09  5.705974E-11
   3.307500E+03  8.993170E-09  5.690038E-11
   3.322500E+03  8.933415E-09  5.672611E-11
   3.337500E+03  8.865346E-09  5.650176E-11
   3.352500E+03  8.850957E-09  5.645645E-11
   3.367500E+03  8.774335E-09  5.620472E-11
   3.382500E+03  8.692757E-09  5.594677E-11
   3.397500E+03  8.653067E-09  5.582105E-11
   3.412500E+03  8.633162E-09  5.575054E-11
   3.427500E+03  8.560217E-09  5.551569E-11
   3.442500E+03  8.511853E-09  5.536190E-11
   3.457500E+03  8.416325E-09  5.506151E-11
   3.472500E+03  8.369281E-09  5.488443E-11
   3.487500E+03  8.327912E-09  5.477098E-11
   3.502500E+03  8.262282E-09  5.453820E-11
   3.517500E+03  8.257365E-09  5.451125E-11
   3.532500E+03  8.181383E-09  5.426280E-11
   3.547500E+03  8.156881E-09  5.420230E-11
   3.562500E+03  8.091970E-09  5.398424E-11
   3.577500E+03  8.061273E-09  5.387515E-11
   3.592500E+03  7.983532E-09  5.360873E-11
   3.607500E+03  7.916423E-09  5.338628E-11
   3.622500E+03  7.889923E-09  5.330491E-11
   3.637500E+03  7.814915E-09  6.845238E-11
   3.652500E+03  7.752666E-09  5.281876E-11
   3.667500E+03  7.705702E-09  5.268792E-11
   3.682500E+03  7.678762E-09  5.256922E-11
   3.697500E+03  7.605617E-09  5.234629E-11
   3.712500E+03  7.576479E-09  5.221661E-11
   3.727500E+03  7.544344E-09  5.211591E-11
   3.742500E+03  7.493702E-09  5.194251E-11
   3.757500E+03  7.466882E-09  5.184604E-11
   3.772500E+03  7.402211E-09  5.162264E-11
   3.787500E+03  7.357405E-09  5.146669E-11
   3.802500E+03  7.301207E-09  5.126851E-11
   3.817500E+03  7.261038E-09  5.112774E-11
   3.832500E+03  7.245849E-09  5.107385E-11
   3.847500E+03  7.201842E-09  5.090876E-11
   3.862500E+03  7.160753E-09  5.077537E-11
   3.877500E+03  7.085250E-09  5.051004E-11
   3.892500E+03  7.095762E-09  5.052830E-11
   3.907500E+03  7.040764E-09  5.034678E-11
   3.922500E+03  6.998596E-09  5.020088E-11
   3.937500E+03  6.976053E-09  5.011401E-11
   3.952500E+03  6.913660E-09  4.987968E-11
   3.967500E+03  6.875769E-09  4.975998E-11
   3.982500E+03  6.838916E-09  4.961731E-11
   3.997500E+03  6.777643E-09  4.939445E-11
   4.012500E+03  6.748824E-09  4.928624E-11
   4.027500E+03  6.695065E-09  4.909944E-11
   4.042500E+03  6.638708E-09  4.888898E-11
   4.057500E+03  6.623359E-09  4.883961E-11
   4.072500E+03  6.579392E-09  4.866979E-11
   4.087500E+03  6.538143E-09  4.851371E-11
   4.102500E+03  6.507287E-09  4.840077E-11
   4.117500E+03  6.453008E-09  4.820910E-11
   4.132500E+03  6.414877E-09  4.805309E-11
   4.147500E+03  6.400927E-09  4.798402E-11
   4.162500E+03  6.364275E-09  4.787028E-11
   4.177500E+03  6.370350E-09  4.788883E-11
   4.192500E+03  6.309996E-09  4.765922E-11
   4.207500E+03  6.271105E-09  4.751940E-11
   4.222500E+03  6.224900E-09  4.732600E-11
   4.237500E+03  6.175897E-09  4.716000E-11
   4.252500E+03  6.148078E-09  4.704688E-11
   4.267500E+03  6.130211E-09  4.697530E-11
   4.282500E+03  6.090202E-09  4.682699E-11
   4.297500E+03  6.070576E-09  4.675178E-11
   4.312500E+03  6.016537E-09  4.654196E-11
   4.327500E+03  6.018616E-09  4.654184E-11
   4.342500E+03  5.935558E-09  4.622711E-11
   4.357500E+03  5.934559E-09  4.621581E-11
   4.372500E+03  5.875284E-09  4.598362E-11
   4.387500E+03  5.876203E-09  4.599435E-11
   4.402500E+03  5.838232E-09  4.583936E-11
   4.417500E+03  5.791947E-09  4.566132E-11
   4.432500E+03  5.753816E-09  4.550864E-11
   4.447500E+03  5.752736E-09  4.550412E-11
   4.462500E+03  5.716004E-09  4.536112E-11
   4.477500E+03  5.659887E-09  4.514286E-11
   4.492500E+03  5.631668E-09  4.502965E-11
   4.507500E+03  5.601011E-09  4.490365E-11
   4.522500E+03  5.563799E-09  4.475067E-11
   4.537500E+03  5.540257E-09  4.465406E-11
   4.552500E+03  5.513437E-09  4.454902E-11
   4.567500E+03  5.477105E-09  4.440510E-11
   4.582500E+03  5.468991E-09  4.437948E-11
   4.597500E+03  5.445129E-09  4.427231E-11
   4.612500E+03  5.408556E-09  4.410987E-11
   4.627500E+03  5.352279E-09  4.388686E-11
   4.642500E+03  5.346123E-09  4.387999E-11
   4.657500E+03  5.333813E-09  4.380852E-11
   4.672500E+03  5.294442E-09  4.365073E-11
   4.687500E+03  5.253393E-09  4.349145E-11
   4.702500E+03  5.231930E-09  4.340179E-11
   4.717500E+03  5.197835E-09  4.324650E-11
   4.732500E+03  5.152110E-09  4.305640E-11
   4.747500E+03  5.121053E-09  4.293452E-11
   4.762500E+03  5.097631E-09  4.281741E-11
   4.777500E+03  5.091875E-09  4.281134E-11
   4.792500E+03  5.065056E-09  4.269558E-11
   4.807500E+03  5.039795E-09  4.259174E-11
   4.822500E+03  5.007259E-09  4.245079E-11
   4.837500E+03  4.974324E-09  4.232229E-11
   4.852500E+03  4.970207E-09  4.230093E-11
   4.867500E+03  4.967889E-09  4.228881E-11
   4.882500E+03  4.913930E-09  4.204515E-11
   4.897500E+03  4.894105E-09  4.195994E-11
   4.912500E+03  4.883992E-09  4.192465E-11
   4.927500E+03  4.822519E-09  4.165953E-11
   4.942500E+03  4.810288E-09  4.161390E-11
   4.957500E+03  4.799296E-09  4.154653E-11
   4.972500E+03  4.769239E-09  4.143201E-11
   4.987500E+03  4.730668E-09  4.126415E-11
   5.002501E+03  4.721115E-09  4.121880E-11
   5.017501E+03  4.696214E-09  4.110919E-11
   5.032501E+03  4.666517E-09  4.097568E-11
   5.047501E+03  4.662799E-09  4.096657E-11
   5.062501E+03  4.637219E-09  4.084381E-11
   5.077501E+03  4.601126E-09  4.069737E-11
   5.092501E+03  4.569270E-09  4.054450E-11
   5.107501E+03  4.552842E-09  4.048056E-11
   5.122501E+03  4.537974E-09  4.040239E-11
   5.137501E+03  4.495126E-09  4.022767E-11
   5.152501E+03  4.531139E-09  4.038121E-11
   5.167501E+03  4.444324E-09  3.999563E-11
   5.182501E+03  4.437010E-09  3.996813E-11
   5.197501E+03  4.411669E-09  3.985268E-11
   5.212501E+03  4.415546E-09  3.986565E-11
   5.227501E+03  4.390165E-09  3.975551E-11
   5.242501E+03  4.361507E-09  3.960820E-11
   5.257501E+03  4.303231E-09  3.934558E-11
   5.272501E+03  4.316101E-09  3.941906E-11
   5.287501E+03  4.306948E-09  3.936823E-11
   5.302501E+03  4.270256E-09  3.920132E-11
   5.317501E+03  4.240998E-09  3.907897E-11
   5.332501E+03  4.224450E-09  3.899507E-11
   5.347501E+03  4.196072E-09  3.886609E-11
   5.362501E+03  4.186239E-09  3.881400E-11
   5.377501E+03  4.165975E-09  3.872357E-11
   5.392501E+03  4.140754E-09  3.859332E-11
   5.407501E+03  4.142512E-09  3.861186E-11
   5.422501E+03  4.100304E-09  3.841193E-11
   5.437501E+03  4.076442E-09  3.830006E-11
   5.452501E+03  4.042788E-09  3.814256E-11
   5.467501E+03  4.073364E-09  3.828350E-11
   5.482501E+03  4.030837E-09  3.808976E-11
   5.497501E+03  4.008613E-09  3.798536E-11
   5.512501E+03  3.973600E-09  3.781822E-11
   5.527501E+03  3.988668E-09  3.788075E-11
   5.542501E+03  3.953575E-09  3.771047E-11
   5.557501E+03  3.944462E-09  3.768268E-11
   5.572501E+03  3.940065E-09  3.765808E-11
   5.587501E+03  3.913245E-09  3.754483E-11
   5.602501E+03  3.890223E-09  3.743008E-11
   5.617501E+03  3.854570E-09  3.725696E-11
   5.632501E+03  3.833066E-09  3.713814E-11
   5.647501E+03  3.813641E-09  3.703359E-11
   5.662501E+03  3.779426E-09  3.689476E-11
   5.677501E+03  3.782464E-09  3.690242E-11
   5.692501E+03  3.765157E-09  3.680979E-11
   5.707501E+03  3.744573E-09  3.670571E-11
   5.722501E+03  3.736938E-09  3.667452E-11
   5.737501E+03  3.715115E-09  3.656362E-11
   5.752501E+03  3.685098E-09  3.641034E-11
   5.767501E+03  3.685737E-09  3.640675E-11
   5.782501E+03  3.657518E-09  3.629135E-11
   5.797501E+03  3.652083E-09  3.625632E-11
   5.812501E+03  3.638253E-09  3.618471E-11
   5.827501E+03  3.609635E-09  3.605584E-11
   5.842501E+03  3.601761E-09  3.600692E-11
   5.857501E+03  3.588970E-09  3.593355E-11
   5.872501E+03  3.571663E-09  3.584800E-11
   5.887501E+03  3.542285E-09  3.570162E-11
   5.902501E+03  3.536450E-09  3.568336E-11
   5.917501E+03  3.512868E-09  3.556616E-11
   5.932501E+03  3.497160E-09  3.547964E-11
   5.947501E+03  3.474337E-09  3.535867E-11
   5.962501E+03  3.495201E-09  3.545560E-11
   5.977501E+03  3.458948E-09  3.527936E-11
   5.992501E+03  3.442721E-09  3.520746E-11
   6.007501E+03  3.417460E-09  3.507479E-11
   6.022501E+03  3.399833E-09  3.498506E-11
   6.037501E+03  3.377130E-09  3.485223E-11
   6.052501E+03  3.393358E-09  3.493887E-11
   6.067501E+03  3.367817E-09  3.481281E-11
   6.082501E+03  3.326568E-09  3.460750E-11
   6.097501E+03  3.347912E-09  3.470489E-11
   6.112501E+03  3.310660E-09  3.452250E-11
   6.127501E+03  3.294872E-09  3.443081E-11
   6.142501E+03  3.266494E-09  3.427802E-11
   6.157501E+03  3.251265E-09  3.419531E-11
   6.172501E+03  3.244390E-09  3.417037E-11
   6.187501E+03  3.255742E-09  3.423420E-11
   6.202501E+03  3.207538E-09  3.398208E-11
   6.217501E+03  3.202942E-09  3.395625E-11
   6.232501E+03  3.184516E-09  3.385335E-11
   6.247501E+03  3.173724E-09  3.379855E-11
   6.262501E+03  3.149542E-09  3.365698E-11
   6.277501E+03  3.149582E-09  3.366616E-11
   6.292501E+03  3.119245E-09  3.350712E-11
   6.307501E+03  3.120124E-09  3.351223E-11
   6.322501E+03  3.097861E-09  3.338701E-11
   6.337501E+03  3.112610E-09  3.346747E-11
   6.352501E+03  3.086869E-09  3.332303E-11
   6.367501E+03  3.066964E-09  3.322491E-11
   6.382501E+03  3.045900E-09  3.310331E-11
   6.397501E+03  3.043982E-09  3.308775E-11
   6.412501E+03  3.006010E-09  3.289277E-11
   6.427501E+03  2.999735E-09  3.285870E-11
   6.442501E+03  2.993700E-09  3.283159E-11
   6.457501E+03  2.961364E-09  3.264429E-11
   6.472501E+03  2.985426E-09  3.278394E-11
   6.487501E+03  2.943378E-09  3.253871E-11
   6.502501E+03  2.948534E-09  3.256434E-11
   6.517501E+03  2.939740E-09  3.252494E-11
   6.532501E+03  2.919276E-09  3.241374E-11
   6.547501E+03  2.907405E-09  3.234473E-11
   6.562501E+03  2.868874E-09  3.212685E-11
   6.577501E+03  2.866596E-09  3.212403E-11
   6.592501E+03  2.868914E-09  3.212796E-11
   6.607501E+03  2.866036E-09  3.211868E-11
   6.622501E+03  2.818552E-09  3.184546E-11
   6.637501E+03  2.830903E-09  3.192275E-11
   6.652501E+03  2.812476E-09  3.181408E-11
   6.667501E+03  2.772027E-09  3.158300E-11
   6.682501E+03  2.784418E-09  3.165663E-11
   6.697501E+03  2.764792E-09  3.154434E-11
   6.712501E+03  2.765952E-09  3.154954E-11
   6.727501E+03  2.743289E-09  3.142829E-11
   6.742501E+03  2.754161E-09  3.147815E-11
   6.757501E+03  2.729619E-09  3.134133E-11
   6.772501E+03  2.696924E-09  3.115996E-11
   6.787501E+03  2.715590E-09  3.125713E-11
   6.802501E+03  2.697004E-09  3.115350E-11
   6.817501E+03  2.671343E-09  3.099904E-11
   6.832501E+03  2.657753E-09  3.092434E-11
   6.847501E+03  2.648280E-09  3.087236E-11
   6.862501E+03  2.641486E-09  3.082882E-11
   6.877501E+03  2.630454E-09  3.077089E-11
   6.892501E+03  2.625418E-09  3.073228E-11
   6.907501E+03  2.605872E-09  3.061796E-11
   6.922501E+03  2.581091E-09  3.046969E-11
   6.937501E+03  2.584409E-09  3.049998E-11
   6.952501E+03  2.581451E-09  3.048784E-11
   6.967501E+03  2.573737E-09  3.043220E-11
   6.982501E+03  2.541681E-09  3.023957E-11
   6.997501E+03  2.530889E-09  3.018192E-11
   7.012501E+03  2.521576E-09  3.012290E-11
   7.027501E+03  2.499473E-09  2.999243E-11
   7.042501E+03  2.506707E-09  3.003312E-11
   7.057501E+03  2.515141E-09  3.009378E-11
   7.072501E+03  2.491599E-09  2.993683E-11
   7.087501E+03  2.478768E-09  2.986976E-11
   7.102501E+03  2.439158E-09  2.961770E-11
   7.117501E+03  2.448231E-09  2.968064E-11
   7.132501E+03  2.450909E-09  2.969435E-11
   7.147501E+03  2.438359E-09  2.961724E-11
   7.162501E+03  2.431124E-09  2.956285E-11
   7.177501E+03  2.395232E-09  2.935822E-11
   7.192501E+03  2.386278E-09  2.929531E-11
   7.207501E+03  2.404065E-09  2.940854E-11
   7.222501E+03  2.375087E-09  2.923332E-11
   7.237501E+03  2.363575E-09  2.916826E-11
   7.252501E+03  2.353303E-09  2.909732E-11
   7.267501E+03  2.348267E-09  2.906833E-11
   7.282501E+03  2.319249E-09  2.888630E-11
   7.297501E+03  2.320448E-09  2.889521E-11
   7.312501E+03  2.314333E-09  2.885336E-11
   7.327501E+03  2.296066E-09  2.875044E-11
   7.342501E+03  2.280278E-09  2.864855E-11
   7.357501E+03  2.273843E-09  2.860433E-11
   7.372501E+03  2.292589E-09  2.872780E-11
   7.387501E+03  2.261812E-09  2.852146E-11
   7.402501E+03  2.254897E-09  2.848412E-11
   7.417501E+03  2.248662E-09  2.844394E-11
   7.432501E+03  2.250661E-09  2.844993E-11
   7.447501E+03  2.219804E-09  2.826749E-11
   7.462501E+03  2.222722E-09  2.829002E-11
   7.477501E+03  2.227998E-09  2.831117E-11
   7.492501E+03  2.187668E-09  2.805368E-11
   7.507501E+03  2.170721E-09  2.795107E-11
   7.522501E+03  2.169002E-09  2.794007E-11
   7.537501E+03  2.179155E-09  2.800191E-11
   7.552501E+03  2.150536E-09  2.781797E-11
   7.567501E+03  2.152775E-09  2.782927E-11
   7.582501E+03  2.143661E-09  2.777580E-11
   7.597501E+03  2.120559E-09  2.762556E-11
   7.612501E+03  2.108128E-09  2.753816E-11
   7.627501E+03  2.095098E-09  2.744866E-11
   7.642501E+03  2.109088E-09  2.755013E-11
   7.657501E+03  2.088903E-09  2.741978E-11
   7.672501E+03  2.073514E-09  2.731550E-11
   7.687501E+03  2.084786E-09  2.739238E-11
   7.702501E+03  2.064841E-09  2.725863E-11
   7.717501E+03  2.060284E-09  2.722395E-11
   7.732501E+03  2.047374E-09  2.713525E-11
   7.747501E+03  2.038341E-09  2.707615E-11
   7.762501E+03  2.014639E-09  2.691905E-11
   7.777501E+03  2.029787E-09  2.703074E-11
   7.792501E+03  1.991097E-09  2.676853E-11
   7.807501E+03  2.006045E-09  2.686828E-11
   7.822501E+03  2.005406E-09  2.686670E-11
   7.837501E+03  1.976508E-09  2.666435E-11
   7.852501E+03  1.976987E-09  2.666757E-11
   7.867501E+03  1.969313E-09  2.661601E-11
   7.882501E+03  1.973230E-09  2.663856E-11
   7.897501E+03  1.955124E-09  2.653019E-11
   7.912501E+03  1.955164E-09  2.652937E-11
   7.927501E+03  1.934819E-09  2.639067E-11
   7.942501E+03  1.931701E-09  2.636297E-11
   7.957501E+03  1.923108E-09  2.630730E-11
   7.972501E+03  1.912476E-09  2.623376E-11
   7.987501E+03  1.899366E-09  2.613645E-11
   8.002501E+03  1.897248E-09  2.612745E-11
   8.017501E+03  1.892731E-09  2.610475E-11
   8.032501E+03  1.880620E-09  2.601493E-11
   8.047501E+03  1.868949E-09  2.593117E-11
   8.062501E+03  1.868509E-09  2.592647E-11
   8.077501E+03  1.846366E-09  2.577591E-11
   8.092501E+03  1.839651E-09  2.572811E-11
   8.107501E+03  1.830978E-09  2.566544E-11
   8.122501E+03  1.830578E-09  2.566434E-11
   8.137501E+03  1.832896E-09  2.568330E-11
   8.152501E+03  1.822824E-09  2.560176E-11
   8.167501E+03  1.804278E-09  2.547569E-11
   8.182501E+03  1.810753E-09  2.552735E-11
   8.197501E+03  1.778497E-09  2.530464E-11
   8.212501E+03  1.784173E-09  2.534080E-11
   8.227501E+03  1.765987E-09  2.519885E-11
   8.242501E+03  1.761110E-09  2.517046E-11
   8.257501E+03  1.760791E-09  2.517561E-11
   8.272501E+03  1.741805E-09  2.503101E-11
   8.287501E+03  1.735729E-09  2.498521E-11
   8.302501E+03  1.724938E-09  2.490774E-11
   8.317501E+03  1.729414E-09  2.494394E-11
   8.332501E+03  1.710708E-09  2.480696E-11
   8.347501E+03  1.728255E-09  2.493619E-11
   8.362501E+03  1.696199E-09  2.469908E-11
   8.377501E+03  1.688045E-09  2.464164E-11
   8.392501E+03  1.678852E-09  2.458701E-11
   8.407501E+03  1.683489E-09  2.461259E-11
   8.422501E+03  1.676294E-09  2.455725E-11
   8.437501E+03  1.658228E-09  2.442748E-11
   8.452501E+03  1.662385E-09  2.445735E-11
   8.467501E+03  1.649035E-09  2.436057E-11
   8.482501E+03  1.642880E-09  2.431231E-11
   8.497501E+03  1.646837E-09  2.434027E-11
   8.512501E+03  1.606267E-09  2.403925E-11
   8.527501E+03  1.624973E-09  2.417586E-11
   8.542501E+03  1.596475E-09  2.397517E-11
   8.557501E+03  1.616100E-09  2.410824E-11
   8.572501E+03  1.607866E-09  2.404638E-11
   8.587501E+03  1.612103E-09  2.408270E-11
   8.602501E+03  1.586602E-09  2.389346E-11
   8.617501E+03  1.584004E-09  2.387157E-11
   8.632501E+03  1.570974E-09  2.377297E-11
   8.647501E+03  1.568656E-09  2.375913E-11
   8.662501E+03  1.562460E-09  2.370266E-11
   8.677501E+03  1.553947E-09  2.364796E-11
   8.692501E+03  1.537999E-09  2.351887E-11
   8.707501E+03  1.543395E-09  2.355628E-11
   8.722501E+03  1.522091E-09  2.339983E-11
   8.737501E+03  1.535001E-09  2.350215E-11
   8.752501E+03  1.522371E-09  2.339767E-11
   8.767501E+03  1.527766E-09  2.344325E-11
   8.782501E+03  1.497549E-09  2.320805E-11
   8.797501E+03  1.493592E-09  2.318244E-11
   8.812501E+03  1.500867E-09  2.323674E-11
   8.827501E+03  1.487077E-09  2.312519E-11
   8.842501E+03  1.482720E-09  2.309390E-11
   8.857501E+03  1.484919E-09  2.311406E-11
   8.872501E+03  1.465214E-09  2.296266E-11
   8.887501E+03  1.461896E-09  2.293864E-11
   8.902501E+03  1.449266E-09  2.283409E-11
   8.917501E+03  1.454022E-09  2.287390E-11
   8.932501E+03  1.438994E-09  2.275838E-11
   8.947501E+03  1.441951E-09  2.277850E-11
   8.962501E+03  1.440273E-09  2.276339E-11
   8.977501E+03  1.430560E-09  2.268490E-11
   8.992501E+03  1.428681E-09  2.267322E-11
   9.007501E+03  1.420727E-09  2.260836E-11
   9.022501E+03  1.411934E-09  2.253790E-11
   9.037501E+03  1.400023E-09  2.244234E-11
   9.052501E+03  1.392389E-09  2.238065E-11
   9.067501E+03  1.403380E-09  2.247106E-11
   9.082501E+03  1.370765E-09  2.221522E-11
   9.097501E+03  1.370046E-09  2.220034E-11
   9.112501E+03  1.357095E-09  2.209749E-11
   9.127501E+03  1.370885E-09  2.221230E-11
   9.142501E+03  1.375162E-09  2.224161E-11
   9.157501E+03  1.344225E-09  2.199545E-11
   9.172501E+03  1.365169E-09  2.216029E-11
   9.187501E+03  1.324640E-09  2.183460E-11
   9.202501E+03  1.335672E-09  2.191580E-11
   9.217501E+03  1.322162E-09  2.180171E-11
   9.232501E+03  1.311770E-09  2.172272E-11
   9.247501E+03  1.308732E-09  2.170293E-11
   9.262501E+03  1.310491E-09  2.172010E-11
   9.277501E+03  1.316166E-09  2.176293E-11
   9.292501E+03  1.301977E-09  2.164175E-11
   9.307501E+03  1.306454E-09  2.167814E-11
   9.322501E+03  1.288747E-09  2.153588E-11
   9.337501E+03  1.275837E-09  2.142747E-11
   9.352501E+03  1.276276E-09  2.142511E-11
   9.367501E+03  1.264086E-09  2.132352E-11
   9.382501E+03  1.267963E-09  2.135879E-11
   9.397501E+03  1.260608E-09  2.129899E-11
   9.412501E+03  1.258969E-09  2.128114E-11
   9.427501E+03  1.251175E-09  2.122147E-11
   9.442501E+03  1.246379E-09  2.117004E-11
   9.457501E+03  1.242902E-09  2.114193E-11
   9.472501E+03  1.218160E-09  2.093173E-11
   9.487501E+03  1.221957E-09  2.096423E-11
   9.502501E+03  1.226034E-09  2.100661E-11
   9.517501E+03  1.218520E-09  2.093619E-11
   9.532501E+03  1.201773E-09  2.079571E-11
   9.547501E+03  1.209727E-09  2.086418E-11
   9.562501E+03  1.201733E-09  2.079260E-11
   9.577501E+03  1.186664E-09  2.066641E-11
   9.592501E+03  1.193819E-09  2.072701E-11
   9.607501E+03  1.186064E-09  2.066051E-11
   9.622501E+03  1.179909E-09  2.060143E-11
   9.637501E+03  1.160724E-09  2.043233E-11
   9.652501E+03  1.174393E-09  2.055476E-11
   9.667501E+03  1.158405E-09  2.041479E-11
   9.682501E+03  1.160044E-09  2.042778E-11
   9.697501E+03  1.152850E-09  2.036805E-11
   9.712501E+03  1.147334E-09  2.031942E-11
   9.727501E+03  1.138620E-09  2.024095E-11
   9.742501E+03  1.144056E-09  2.028622E-11
   9.757501E+03  1.137022E-09  2.022606E-11
   9.772501E+03  1.125630E-09  2.011623E-11
   9.787501E+03  1.122752E-09  2.010343E-11
   9.802501E+03  1.122592E-09  2.010129E-11
   9.817501E+03  1.112160E-09  2.000224E-11
   9.832501E+03  1.110042E-09  1.998539E-11
   9.847501E+03  1.083342E-09  1.974212E-11
   9.862501E+03  1.085860E-09  1.976572E-11
   9.877501E+03  1.090177E-09  1.980267E-11
   9.892501E+03  1.087339E-09  1.977913E-11
   9.907501E+03  1.073070E-09  1.965003E-11
   9.922501E+03  1.071831E-09  1.963579E-11
   9.937501E+03  1.053565E-09  1.947042E-11
   9.952501E+03  1.075108E-09  1.966790E-11
   9.967501E+03  1.067514E-09  1.959412E-11
   9.982501E+03  1.055963E-09  1.948955E-11
   9.997501E+03  1.043892E-09  1.937887E-11
   1.001250E+04  1.040095E-09  1.934072E-11
   1.002750E+04  1.038336E-09  1.932291E-11
   1.004250E+04  1.023187E-09  1.918475E-11
   1.005750E+04  1.024506E-09  1.919558E-11
   1.007250E+04  1.014554E-09  1.910309E-11
   1.008750E+04  1.018631E-09  1.914735E-11
   1.010250E+04  1.015953E-09  1.911923E-11
   1.011750E+04  1.015633E-09  1.911548E-11
   1.013250E+04  1.005481E-09  1.901996E-11
   1.014750E+04  9.984861E-10  1.894856E-11
   1.016250E+04  9.919710E-10  1.888753E-11
   1.017750E+04  9.928104E-10  1.890006E-11
   1.019250E+04  9.758632E-10  1.873619E-11
   1.020750E+04  9.842568E-10  1.881946E-11
   1.022250E+04  9.763828E-10  1.874194E-11
   1.023750E+04  9.795004E-10  1.877023E-11
   1.025250E+04  9.611143E-10  1.859442E-11
   1.026750E+04  9.697878E-10  1.868023E-11
   1.028250E+04  9.632727E-10  1.861832E-11
   1.029750E+04  9.514816E-10  1.850589E-11
   1.031250E+04  9.466852E-10  1.845310E-11
   1.032750E+04  9.472848E-10  1.846048E-11
   1.034250E+04  9.455261E-10  1.844026E-11
   1.035750E+04  9.375321E-10  1.836936E-11
   1.037250E+04  9.311769E-10  1.830953E-11
   1.038750E+04  9.295382E-10  1.828796E-11
   1.040250E+04  9.171475E-10  1.817309E-11
   1.041750E+04  9.203451E-10  1.819911E-11
   1.043250E+04  9.095133E-10  1.809119E-11
   1.044750E+04  9.151091E-10  1.814344E-11
   1.046250E+04  9.027984E-10  1.802047E-11
   1.047750E+04  9.045570E-10  1.804117E-11
   1.049250E+04  8.898481E-10  1.789265E-11
   1.050750E+04  8.876498E-10  1.787139E-11
   1.052250E+04  8.909673E-10  1.790066E-11
   1.053750E+04  8.814145E-10  1.781109E-11
   1.055250E+04  8.802154E-10  1.779254E-11
   1.056750E+04  8.667056E-10  1.765412E-11
   1.058250E+04  8.639077E-10  1.762565E-11
   1.059750E+04  8.671453E-10  1.766591E-11
   1.061250E+04  8.589515E-10  1.758247E-11
   1.062750E+04  8.573926E-10  1.756983E-11
   1.064250E+04  8.601506E-10  1.759226E-11
   1.065750E+04  8.473202E-10  1.745675E-11
   1.067250E+04  8.456815E-10  1.744649E-11
   1.068750E+04  8.476400E-10  1.745757E-11
   1.070250E+04  8.388067E-10  1.737231E-11
   1.071750E+04  8.416046E-10  1.740119E-11
   1.073250E+04  8.321717E-10  1.730113E-11
   1.074750E+04  8.285344E-10  1.726419E-11
   1.076250E+04  8.158640E-10  1.713447E-11
   1.077750E+04  8.131460E-10  1.710597E-11
   1.079250E+04  8.091091E-10  1.706187E-11
   1.080750E+04  8.069507E-10  1.703831E-11
   1.082250E+04  8.105480E-10  1.707701E-11
   1.083750E+04  7.949997E-10  1.690938E-11
   1.085250E+04  7.987169E-10  1.695219E-11
   1.086750E+04  7.925616E-10  1.689370E-11
   1.088250E+04  7.847675E-10  1.680041E-11
   1.089750E+04  7.848074E-10  1.680340E-11
   1.091250E+04  7.788919E-10  1.673837E-11
   1.092750E+04  7.750548E-10  1.669372E-11
   1.094250E+04  7.582275E-10  1.651439E-11
   1.095750E+04  7.560691E-10  1.649614E-11
   1.097250E+04  7.577479E-10  1.651179E-11
   1.098750E+04  7.531513E-10  1.646349E-11
   1.100250E+04  7.573881E-10  1.650439E-11
   1.101750E+04  7.519922E-10  1.645172E-11
   1.103250E+04  7.474357E-10  1.640192E-11
   1.104750E+04  7.434387E-10  1.635987E-11
   1.106250E+04  7.408406E-10  1.633045E-11
   1.107750E+04  7.507132E-10  1.643775E-11
   1.109250E+04  7.355646E-10  1.626793E-11
   1.110750E+04  7.243331E-10  1.614261E-11
   1.112250E+04  7.324470E-10  1.623349E-11
   1.113750E+04  7.127419E-10  1.601318E-11
   1.115250E+04  7.130616E-10  1.601856E-11
   1.116750E+04  7.113029E-10  1.599703E-11
   1.118250E+04  7.027894E-10  1.590662E-11
   1.119750E+04  7.091046E-10  1.597144E-11
   1.121250E+04  7.026295E-10  1.590481E-11
   1.122750E+04  6.991521E-10  1.586007E-11
   1.124250E+04  6.964342E-10  1.582746E-11
   1.125750E+04  6.934364E-10  1.579887E-11
   1.127250E+04  6.893195E-10  1.574745E-11
   1.128750E+04  6.786076E-10  1.562760E-11
   1.130250E+04  6.806861E-10  1.564870E-11
   1.131750E+04  6.770488E-10  1.560876E-11
   1.133250E+04  6.660171E-10  1.547947E-11
   1.134750E+04  6.650579E-10  1.546648E-11
   1.136250E+04  6.620201E-10  1.543490E-11
   1.137750E+04  6.615005E-10  1.542979E-11
   1.139250E+04  6.585028E-10  1.539299E-11
   1.140750E+04  6.483505E-10  1.526845E-11
   1.142250E+04  6.544659E-10  1.534208E-11
   1.143750E+04  6.556250E-10  1.535845E-11
   1.145250E+04  6.393972E-10  1.516753E-11
   1.146750E+04  6.401966E-10  1.517983E-11
   1.148250E+04  6.455926E-10  1.523692E-11
   1.149750E+04  6.350006E-10  1.511253E-11
   1.151250E+04  6.278060E-10  1.502680E-11
   1.152750E+04  6.260473E-10  1.500672E-11
   1.154250E+04  6.314432E-10  1.506734E-11
   1.155750E+04  6.214908E-10  1.494921E-11
   1.157250E+04  6.164146E-10  1.489390E-11
   1.158750E+04  6.090601E-10  1.480690E-11
   1.160250E+04  6.104191E-10  1.482046E-11
   1.161750E+04  6.115383E-10  1.483499E-11
   1.163250E+04  6.070217E-10  1.477632E-11
   1.164750E+04  5.976687E-10  1.466416E-11
   1.166250E+04  5.948709E-10  1.462789E-11
   1.167750E+04  5.903543E-10  1.457036E-11
   1.169250E+04  5.866770E-10  1.453189E-11
   1.170750E+04  5.868369E-10  1.452991E-11
   1.172250E+04  5.844787E-10  1.449974E-11
   1.173750E+04  5.831597E-10  1.448140E-11
   1.175250E+04  5.722479E-10  1.434944E-11
   1.176750E+04  5.756054E-10  1.439240E-11
   1.178250E+04  5.652932E-10  1.425810E-11
   1.179750E+04  5.660926E-10  1.427018E-11
   1.181250E+04  5.588980E-10  1.418339E-11
   1.182750E+04  5.633746E-10  1.423492E-11
   1.184250E+04  5.573792E-10  1.415805E-11
   1.185750E+04  5.512238E-10  1.407975E-11
   1.187250E+04  5.569395E-10  1.415654E-11
   1.188750E+04  5.470270E-10  1.402611E-11
   1.190250E+04  5.431499E-10  1.398151E-11
   1.191750E+04  5.330375E-10  1.384683E-11
   1.193250E+04  5.456680E-10  1.401074E-11
   1.194750E+04  5.300798E-10  1.381258E-11
   1.196250E+04  5.377939E-10  1.390530E-11
   1.197750E+04  5.324780E-10  1.383957E-11
   1.199250E+04  5.260028E-10  1.375737E-11
   1.200750E+04  5.199674E-10  1.367729E-11
   1.202250E+04  5.072170E-10  1.350773E-11
   1.203750E+04  5.137721E-10  1.359673E-11
   1.205250E+04  5.066974E-10  1.349868E-11
   1.206750E+04  5.108543E-10  1.355919E-11
   1.208250E+04  5.078565E-10  1.351623E-11
   1.209750E+04  5.028204E-10  1.344806E-11
   1.211250E+04  5.020210E-10  1.343738E-11
   1.212750E+04  4.909893E-10  1.329124E-11
   1.214250E+04  4.989832E-10  1.340100E-11
   1.215750E+04  4.873121E-10  1.323819E-11
   1.217250E+04  4.828354E-10  1.318058E-11
   1.218750E+04  4.825157E-10  1.317622E-11
   1.220250E+04  4.691258E-10  1.299127E-11
   1.221750E+04  4.767600E-10  1.309751E-11
   1.223250E+04  4.707246E-10  1.301115E-11
   1.224750E+04  4.763603E-10  1.309093E-11
   1.226250E+04  4.654885E-10  1.294087E-11
   1.227750E+04  4.586537E-10  1.284563E-11
   1.229250E+04  4.630504E-10  1.290586E-11
   1.230750E+04  4.569350E-10  1.281821E-11
   1.232250E+04  4.467027E-10  1.267739E-11
   1.233750E+04  4.562555E-10  1.281205E-11
   1.235250E+04  4.474621E-10  1.268814E-11
   1.236750E+04  4.407872E-10  1.259441E-11
   1.238250E+04  4.362706E-10  1.253211E-11
   1.239750E+04  4.439448E-10  1.263938E-11
   1.241250E+04  4.360308E-10  1.252408E-11
   1.242750E+04  4.316341E-10  1.246085E-11
   1.244250E+04  4.268377E-10  1.239266E-11
   1.245750E+04  4.317140E-10  1.246431E-11
   1.247250E+04  4.279169E-10  1.240945E-11
   1.248750E+04  4.257985E-10  1.237874E-11
   1.250250E+04  4.184441E-10  1.227153E-11
   1.251750E+04  4.194833E-10  1.228557E-11
   1.253250E+04  4.170051E-10  1.224693E-11
   1.254750E+04  4.134478E-10  1.219345E-11
   1.256250E+04  4.130481E-10  1.218991E-11
   1.257750E+04  4.036552E-10  1.205305E-11
   1.259250E+04  3.975398E-10  1.196154E-11
   1.260750E+04  4.015768E-10  1.201964E-11
   1.262250E+04  3.932631E-10  1.189350E-11
   1.263750E+04  3.890662E-10  1.182992E-11
   1.265250E+04  3.888264E-10  1.182628E-11
   1.266750E+04  3.821515E-10  1.172197E-11
   1.268250E+04  3.874275E-10  1.180744E-11
   1.269750E+04  3.790738E-10  1.167715E-11
   1.271250E+04  3.793536E-10  1.168392E-11
   1.272750E+04  3.793935E-10  1.168084E-11
   1.274250E+04  3.747171E-10  1.161363E-11
   1.275750E+04  3.704803E-10  1.154415E-11
   1.277250E+04  3.653641E-10  1.146299E-11
   1.278750E+04  3.594486E-10  1.137114E-11
   1.280250E+04  3.678822E-10  1.150364E-11
   1.281750E+04  3.640451E-10  1.144355E-11
   1.283250E+04  3.582095E-10  1.135154E-11
   1.284750E+04  3.508551E-10  1.123707E-11
   1.286250E+04  3.502156E-10  1.122299E-11
   1.287750E+04  3.491364E-10  1.120570E-11
   1.289250E+04  3.400233E-10  1.105989E-11
   1.290750E+04  3.417819E-10  1.108843E-11
   1.292250E+04  3.414222E-10  1.108130E-11
   1.293750E+04  3.313498E-10  1.091541E-11
   1.295250E+04  3.370255E-10  1.101368E-11
   1.296750E+04  3.344275E-10  1.096989E-11
   1.298250E+04  3.343076E-10  1.096531E-11
   1.299750E+04  3.311899E-10  1.091541E-11
   1.301250E+04  3.270331E-10  1.084808E-11
   1.302750E+04  3.238355E-10  1.079231E-11
   1.304250E+04  3.204381E-10  1.073425E-11
   1.305750E+04  3.138430E-10  1.062867E-11
   1.307250E+04  3.102857E-10  1.056426E-11
   1.308750E+04  3.133234E-10  1.061582E-11
   1.310250E+04  3.064886E-10  1.050084E-11
   1.311750E+04  3.139230E-10  1.062731E-11
   1.313250E+04  3.024516E-10  1.043151E-11
   1.314750E+04  3.003332E-10  1.039910E-11
   1.316250E+04  2.963762E-10  1.032631E-11
   1.317750E+04  3.059290E-10  1.048851E-11
   1.319250E+04  2.911402E-10  1.023336E-11
   1.320750E+04  2.891417E-10  1.019679E-11
   1.322250E+04  2.885421E-10  1.018622E-11
   1.323750E+04  2.876228E-10  1.016998E-11
   1.325250E+04  2.879026E-10  1.017775E-11
   1.326750E+04  2.793491E-10  1.002556E-11
   1.328250E+04  2.784697E-10  1.000691E-11
   1.329750E+04  2.728340E-10  9.908071E-12
   1.331250E+04  2.784697E-10  1.000691E-11
   1.332750E+04  2.723544E-10  9.897914E-12
   1.334250E+04  2.625218E-10  9.716237E-12
   1.335750E+04  2.661590E-10  9.784762E-12
   1.337250E+04  2.610029E-10  9.689583E-12
   1.338750E+04  2.568461E-10  9.610665E-12
   1.340250E+04  2.615225E-10  9.700699E-12
   1.341750E+04  2.544879E-10  9.567961E-12
   1.343250E+04  2.466138E-10  9.418872E-12
   1.344750E+04  2.496115E-10  9.475908E-12
   1.346250E+04  2.550874E-10  9.579218E-12
   1.347750E+04  2.421771E-10  9.335357E-12
   1.349250E+04  2.459343E-10  9.407424E-12
   1.350750E+04  2.429765E-10  9.347661E-12
   1.352250E+04  2.394992E-10  9.283649E-12
   1.353750E+04  2.427767E-10  9.345356E-12
   1.355250E+04  2.317850E-10  9.129910E-12
   1.356750E+04  2.410180E-10  9.309923E-12
   1.358250E+04  2.290271E-10  9.075447E-12
   1.359750E+04  2.233114E-10  8.961519E-12
   1.361250E+04  2.233114E-10  8.964727E-12
   1.362750E+04  2.237511E-10  8.970334E-12
   1.364250E+04  2.171161E-10  8.839623E-12
   1.365750E+04  2.215127E-10  8.925366E-12
   1.367250E+04  2.114004E-10  8.719314E-12
   1.368750E+04  2.145580E-10  8.785811E-12
   1.370250E+04  2.139984E-10  8.772715E-12
   1.371750E+04  2.014879E-10  8.512490E-12
   1.373250E+04  2.027669E-10  8.539459E-12
   1.374750E+04  2.021274E-10  8.525985E-12
   1.376250E+04  2.025271E-10  8.536093E-12
   1.377750E+04  1.937737E-10  8.347985E-12
   1.379250E+04  1.986100E-10  8.453196E-12
   1.380750E+04  1.943732E-10  8.360887E-12
   1.382250E+04  1.909758E-10  8.290982E-12
   1.383750E+04  1.901364E-10  8.271023E-12
   1.385250E+04  1.857797E-10  8.174019E-12
   1.386750E+04  1.827420E-10  8.106932E-12
   1.388250E+04  1.789049E-10  8.021387E-12
   1.389750E+04  1.803838E-10  8.056250E-12
   1.391250E+04  1.783853E-10  8.009733E-12
   1.392750E+04  1.763069E-10  7.964750E-12
   1.394250E+04  1.752277E-10  7.938542E-12
   1.395750E+04  1.671138E-10  7.752607E-12
   1.397250E+04  1.662745E-10  7.734976E-12
   1.398750E+04  1.612383E-10  7.617016E-12
   1.400250E+04  1.655550E-10  7.718235E-12
   1.401750E+04  1.618778E-10  7.630212E-12
   1.403250E+04  1.581206E-10  7.541162E-12
   1.404750E+04  1.532843E-10  7.426897E-12
   1.406250E+04  1.550030E-10  7.466463E-12
   1.407750E+04  1.504464E-10  7.355921E-12
   1.409250E+04  1.510460E-10  7.372511E-12
   1.410750E+04  1.473687E-10  7.280306E-12
   1.412250E+04  1.428521E-10  7.167894E-12
   1.413750E+04  1.424125E-10  7.156857E-12
   1.415250E+04  1.399743E-10  7.097366E-12
   1.416750E+04  1.372963E-10  7.027150E-12
   1.418250E+04  1.369766E-10  7.021012E-12
   1.419750E+04  1.299819E-10  6.839536E-12
   1.421250E+04  1.303816E-10  6.847937E-12
   1.422750E+04  1.279034E-10  6.782556E-12
   1.424250E+04  1.246259E-10  6.695105E-12
   1.425750E+04  1.193499E-10  6.551876E-12
   1.427250E+04  1.233069E-10  6.659587E-12
   1.428750E+04  1.204291E-10  6.581427E-12
   1.430250E+04  1.201093E-10  6.572685E-12
   1.431750E+04  1.169517E-10  6.485726E-12
   1.433250E+04  1.141538E-10  6.407687E-12
   1.434750E+04  1.075988E-10  6.223330E-12
   1.436250E+04  1.076387E-10  6.222174E-12
   1.437750E+04  1.036018E-10  6.104394E-12
   1.439250E+04  1.007639E-10  6.022607E-12
   1.440750E+04  1.005641E-10  6.014247E-12
   1.442250E+04  9.936498E-11  5.978288E-12
   1.443750E+04  9.624733E-11  5.883765E-12
   1.445250E+04  9.364929E-11  5.803820E-12
   1.446750E+04  9.388911E-11  5.816192E-12
   1.448250E+04  9.097131E-11  5.720246E-12
   1.449750E+04  8.573527E-11  5.553204E-12
   1.451250E+04  8.597509E-11  5.560964E-12
   1.452750E+04  8.053919E-11  5.382313E-12
   1.454250E+04  7.894040E-11  5.328628E-12
   1.455750E+04  7.522320E-11  5.201668E-12
   1.457250E+04  7.650224E-11  5.245700E-12
   1.458750E+04  7.358444E-11  5.144702E-12
   1.460250E+04  7.266514E-11  5.112467E-12
   1.461750E+04  6.874809E-11  4.972776E-12
   1.463250E+04  6.882803E-11  4.975666E-12
   1.464750E+04  6.439138E-11  4.812642E-12
   1.466250E+04  6.215307E-11  4.731303E-12
   1.467750E+04  6.071416E-11  4.673215E-12
   1.469250E+04  5.863573E-11  4.592535E-12
   1.470750E+04  5.587781E-11  4.483237E-12
   1.472250E+04  5.276016E-11  4.356382E-12
   1.473750E+04  5.224056E-11  4.334879E-12
   1.475250E+04  4.816363E-11  4.162304E-12
   1.476750E+04  4.728430E-11  4.124135E-12
   1.478250E+04  4.168852E-11  3.872436E-12
   1.479750E+04  3.961009E-11  3.774674E-12
   1.481250E+04  3.753166E-11  3.674312E-12
   1.482750E+04  3.845097E-11  3.719037E-12
   1.484250E+04  3.369456E-11  3.481433E-12
   1.485750E+04  3.165610E-11  3.374484E-12
   1.487250E+04  2.937782E-11  3.250791E-12
   1.488750E+04  2.514102E-11  3.007266E-12
   1.490250E+04  2.150376E-11  2.781242E-12
   1.491750E+04  2.274283E-11  2.860246E-12
   1.493250E+04  1.714705E-11  2.483576E-12
   1.494750E+04  1.558823E-11  2.367999E-12
   1.496250E+04  1.231070E-11  2.104386E-12
   1.497750E+04  1.015233E-11  1.911030E-12
   1.499250E+04  9.472848E-12  1.845972E-12
