 #  Results from PENEPMA.
 #  Probability of emission of characteristic photons. All in 1/(sr*electron).
 #    P = primary photons (from electron interactions);
 #    C = flourescence from characteristic x rays;
 #    B = flourescence from bremsstrahlung quanta;
 #   TF = C+B, total fluorescence;
 #    T = P+C+B, total intensity;
 #  unc = statistical uncertainty (3 sigma).
 #
 # IZ S0 S1  E (eV)      P            unc       C            unc       B            unc       TF           unc       T            unc
   14 L3 M2  1.0063E+02  2.166662E-10 6.50E-10  0.000000E+00 0.00E+00  0.000000E+00 0.00E+00  0.000000E+00 0.00E+00  2.166662E-10 6.50E-10
   51 N2 O1  1.0110E+02  2.166662E-10 6.50E-10  0.000000E+00 0.00E+00  0.000000E+00 0.00E+00  0.000000E+00 0.00E+00  2.166662E-10 6.50E-10
   56 N2 N4  1.0205E+02  4.550590E-09 2.98E-09  2.166662E-10 6.50E-10  4.196832E-12 4.76E-12  2.208631E-10 6.55E-10  4.771453E-09 3.05E-09
   13 L1 M3  1.1418E+02  1.371647E-07 1.64E-08  0.000000E+00 0.00E+00  2.638008E-11 1.19E-11  2.638008E-11 1.19E-11  1.371911E-07 1.64E-08
   38 M5 N3  1.1581E+02  7.020465E-08 1.17E-08  0.000000E+00 0.00E+00  2.757918E-11 1.22E-11  2.757918E-11 1.22E-11  7.023223E-08 1.17E-08
   38 M4 N2  1.1646E+02  4.983623E-08 9.86E-09  0.000000E+00 0.00E+00  1.319004E-11 8.44E-12  1.319004E-11 8.44E-12  4.984942E-08 9.86E-09
   38 M4 N3  1.1773E+02  7.584517E-09 3.85E-09  0.000000E+00 0.00E+00  4.196832E-12 4.76E-12  4.196832E-12 4.76E-12  7.588714E-09 3.85E-09
   26 L1 L3  1.2227E+02  6.499987E-10 1.13E-09  0.000000E+00 0.00E+00  1.798642E-12 3.12E-12  1.798642E-12 3.12E-12  6.517973E-10 1.13E-09
   13 L1 M2  1.2230E+02  6.565346E-08 1.13E-08  0.000000E+00 0.00E+00  1.199095E-11 8.04E-12  1.199095E-11 8.04E-12  6.566545E-08 1.13E-08
   33 M3 N1  1.2592E+02  6.499987E-10 1.13E-09  0.000000E+00 0.00E+00  0.000000E+00 0.00E+00  0.000000E+00 0.00E+00  6.499987E-10 1.13E-09
   33 M2 N1  1.3109E+02  2.166662E-10 6.50E-10  0.000000E+00 0.00E+00  0.000000E+00 0.00E+00  0.000000E+00 0.00E+00  2.166662E-10 6.50E-10
   38 M3 M5  1.3570E+02  1.250254E-07 1.56E-08  4.333324E-10 9.19E-10  8.153844E-11 2.10E-11  5.148709E-10 9.40E-10  1.255403E-07 1.56E-08
   38 M3 M4  1.3570E+02  1.148391E-08 4.73E-09  0.000000E+00 0.00E+00  7.194569E-12 6.23E-12  7.194569E-12 6.23E-12  1.149110E-08 4.73E-09
   50 N1 O3  1.3704E+02  2.166662E-10 6.50E-10  0.000000E+00 0.00E+00  0.000000E+00 0.00E+00  0.000000E+00 0.00E+00  2.166662E-10 6.50E-10
   40 M3 M4  1.3779E+02  6.505982E-10 1.13E-09  0.000000E+00 0.00E+00  0.000000E+00 0.00E+00  0.000000E+00 0.00E+00  6.505982E-10 1.13E-09
   38 M2 M4  1.4470E+02  5.698681E-08 1.05E-08  2.166662E-10 6.50E-10  4.436651E-11 1.55E-11  2.610327E-10 6.65E-10  5.724785E-08 1.06E-08
   14 L1 M3  1.4503E+02  8.695667E-07 4.12E-08  6.499987E-10 1.13E-09  1.708710E-10 3.04E-11  8.208697E-10 1.16E-09  8.703876E-07 4.12E-08
   56 N3 O1  1.4996E+02  8.666649E-10 1.30E-09  0.000000E+00 0.00E+00  5.995474E-13 1.80E-12  5.995474E-13 1.80E-12  8.672644E-10 1.30E-09
   40 M3 M5  1.5330E+02  5.633921E-09 3.31E-09  0.000000E+00 0.00E+00  2.398190E-12 3.60E-12  2.398190E-12 3.60E-12  5.636320E-09 3.31E-09
   40 M5 N3  1.5375E+02  5.199989E-09 3.18E-09  0.000000E+00 0.00E+00  3.597284E-12 4.41E-12  3.597284E-12 4.41E-12  5.203587E-09 3.18E-09
   40 M4 N2  1.5446E+02  6.499987E-10 1.13E-09  0.000000E+00 0.00E+00  0.000000E+00 0.00E+00  0.000000E+00 0.00E+00  6.499987E-10 1.13E-09
   14 L1 M2  1.5524E+02  4.585047E-07 2.99E-08  0.000000E+00 0.00E+00  9.532803E-11 2.27E-11  9.532803E-11 2.27E-11  4.586000E-07 2.99E-08
   40 M4 N3  1.5635E+02  4.333324E-10 9.19E-10  0.000000E+00 0.00E+00  0.000000E+00 0.00E+00  0.000000E+00 0.00E+00  4.333324E-10 9.19E-10
   50 M1 M3  1.5873E+02  4.333324E-10 9.19E-10  0.000000E+00 0.00E+00  1.199095E-12 2.54E-12  1.199095E-12 2.54E-12  4.345315E-10 9.19E-10
   40 M2 M4  1.6170E+02  2.816661E-09 2.34E-09  0.000000E+00 0.00E+00  2.398190E-12 3.60E-12  2.398190E-12 3.60E-12  2.819059E-09 2.34E-09
   56 N2 O1  1.6582E+02  6.499987E-10 1.13E-09  0.000000E+00 0.00E+00  1.199095E-12 2.54E-12  1.199095E-12 2.54E-12  6.511978E-10 1.13E-09
   51 M1 M3  1.6729E+02  0.000000E+00 0.00E+00  0.000000E+00 0.00E+00  5.995474E-13 1.80E-12  5.995474E-13 1.80E-12  5.995474E-13 1.80E-12
   38 L1 L2  1.8800E+02  0.000000E+00 0.00E+00  0.000000E+00 0.00E+00  1.798642E-12 3.12E-12  1.798642E-12 3.12E-12  1.798642E-12 3.12E-12
   33 L1 L3  1.9090E+02  0.000000E+00 0.00E+00  0.000000E+00 0.00E+00  5.995474E-13 1.80E-12  5.995474E-13 1.80E-12  5.995474E-13 1.80E-12
   50 M3 M4  2.0675E+02  4.333324E-10 9.19E-10  0.000000E+00 0.00E+00  5.995474E-13 1.80E-12  5.995474E-13 1.80E-12  4.339320E-10 9.19E-10
   51 M3 M4  2.1390E+02  2.166662E-10 6.50E-10  0.000000E+00 0.00E+00  5.995474E-13 1.80E-12  5.995474E-13 1.80E-12  2.172658E-10 6.50E-10
   56 M1 M3  2.1640E+02  0.000000E+00 0.00E+00  0.000000E+00 0.00E+00  5.995474E-13 1.80E-12  5.995474E-13 1.80E-12  5.995474E-13 1.80E-12
   38 M3 N1  2.2314E+02  4.485351E-08 9.35E-09  0.000000E+00 0.00E+00  2.338235E-11 1.12E-11  2.338235E-11 1.12E-11  4.487689E-08 9.35E-09
   50 M3 M5  2.2870E+02  4.983323E-09 3.12E-09  0.000000E+00 0.00E+00  1.978506E-11 1.03E-11  1.978506E-11 1.03E-11  5.003108E-09 3.12E-09
   56 N1 O2  2.3205E+02  8.666649E-10 1.30E-09  0.000000E+00 0.00E+00  0.000000E+00 0.00E+00  0.000000E+00 0.00E+00  8.666649E-10 1.30E-09
   38 M2 N1  2.3393E+02  1.495057E-08 5.40E-09  0.000000E+00 0.00E+00  1.019231E-11 7.42E-12  1.019231E-11 7.42E-12  1.496076E-08 5.40E-09
   56 N1 O3  2.3435E+02  6.499987E-10 1.13E-09  0.000000E+00 0.00E+00  0.000000E+00 0.00E+00  0.000000E+00 0.00E+00  6.499987E-10 1.13E-09
   51 M3 M5  2.3750E+02  1.516664E-09 1.72E-09  0.000000E+00 0.00E+00  5.995474E-12 5.69E-12  5.995474E-12 5.69E-12  1.522659E-09 1.72E-09
   56 M3 M4  2.5036E+02  4.333324E-10 9.19E-10  0.000000E+00 0.00E+00  0.000000E+00 0.00E+00  0.000000E+00 0.00E+00  4.333324E-10 9.19E-10
   38 L1 L3  2.5770E+02  4.333324E-10 9.19E-10  0.000000E+00 0.00E+00  1.079185E-11 7.63E-12  1.079185E-11 7.63E-12  4.441243E-10 9.19E-10
   50 M2 M4  2.6210E+02  6.066654E-09 3.44E-09  0.000000E+00 0.00E+00  1.139140E-11 7.84E-12  1.139140E-11 7.84E-12  6.078046E-09 3.44E-09
   56 M3 M5  2.6651E+02  1.516664E-09 1.72E-09  0.000000E+00 0.00E+00  9.592758E-12 7.19E-12  9.592758E-12 7.19E-12  1.526256E-09 1.72E-09
   40 M3 N1  2.7092E+02  1.300597E-09 1.59E-09  0.000000E+00 0.00E+00  0.000000E+00 0.00E+00  0.000000E+00 0.00E+00  1.300597E-09 1.59E-09
   51 M2 M4  2.7430E+02  6.505982E-10 1.13E-09  0.000000E+00 0.00E+00  4.196832E-12 4.76E-12  4.196832E-12 4.76E-12  6.547951E-10 1.13E-09
   40 M2 N1  2.8497E+02  6.499987E-10 1.13E-09  0.000000E+00 0.00E+00  5.995474E-13 1.80E-12  5.995474E-13 1.80E-12  6.505982E-10 1.13E-09
   20 L3 M1  3.0269E+02  8.257682E-06 1.27E-07  3.878325E-08 8.70E-09  5.117736E-09 1.66E-10  4.390099E-08 8.86E-09  8.301583E-06 1.27E-07
   20 L2 M1  3.0643E+02  4.274463E-06 9.13E-08  1.928329E-08 6.13E-09  2.688970E-09 1.20E-10  2.197226E-08 6.25E-09  4.296435E-06 9.15E-08
   38 M1 N2  3.2185E+02  6.500586E-09 3.56E-09  0.000000E+00 0.00E+00  3.597284E-12 4.41E-12  3.597284E-12 4.41E-12  6.504184E-09 3.56E-09
   38 M1 N3  3.2312E+02  6.933919E-09 3.68E-09  0.000000E+00 0.00E+00  1.798642E-12 3.12E-12  1.798642E-12 3.12E-12  6.935717E-09 3.68E-09
   20 L3 M2  3.2334E+02  3.899992E-09 2.76E-09  0.000000E+00 0.00E+00  1.798642E-12 3.12E-12  1.798642E-12 3.12E-12  3.901791E-09 2.76E-09
   20 L3 M3  3.2371E+02  3.683326E-09 2.68E-09  0.000000E+00 0.00E+00  2.398190E-12 3.60E-12  2.398190E-12 3.60E-12  3.685724E-09 2.68E-09
   40 M3 N5  3.2436E+02  4.333324E-10 9.19E-10  0.000000E+00 0.00E+00  0.000000E+00 0.00E+00  0.000000E+00 0.00E+00  4.333324E-10 9.19E-10
   56 M2 M4  3.2556E+02  1.949996E-09 1.95E-09  0.000000E+00 0.00E+00  5.995474E-12 5.69E-12  5.995474E-12 5.69E-12  1.955991E-09 1.95E-09
   20 L2 M3  3.2712E+02  3.683326E-09 2.68E-09  0.000000E+00 0.00E+00  0.000000E+00 0.00E+00  0.000000E+00 0.00E+00  3.683326E-09 2.68E-09
   56 L1 L2  3.3050E+02  0.000000E+00 0.00E+00  0.000000E+00 0.00E+00  5.995474E-13 1.80E-12  5.995474E-13 1.80E-12  5.995474E-13 1.80E-12
   20 L3 N1  3.4975E+02  1.848229E-07 1.90E-08  1.083331E-09 1.45E-09  1.037217E-10 2.37E-11  1.187053E-09 1.48E-09  1.860099E-07 1.90E-08
   20 L2 N1  3.5359E+02  9.425281E-08 1.36E-08  6.499987E-10 1.13E-09  5.335972E-11 1.70E-11  7.033584E-10 1.14E-09  9.495616E-08 1.36E-08
   40 M1 N3  3.8532E+02  6.499987E-10 1.13E-09  0.000000E+00 0.00E+00  5.995474E-13 1.80E-12  5.995474E-13 1.80E-12  6.505982E-10 1.13E-09
   22 L3 M1  3.9535E+02  2.946781E-08 7.58E-09  2.166662E-10 6.50E-10  3.117646E-11 1.30E-11  2.478427E-10 6.63E-10  2.971565E-08 7.61E-09
   50 M5 N3  3.9882E+02  1.011897E-07 1.40E-08  1.733330E-09 1.84E-09  1.534841E-10 2.88E-11  1.886814E-09 1.87E-09  1.030765E-07 1.42E-08
   50 M4 N2  3.9993E+02  5.633502E-08 1.05E-08  8.666649E-10 1.30E-09  9.532803E-11 2.27E-11  9.619929E-10 1.32E-09  5.729701E-08 1.06E-08
   22 L2 M1  4.0137E+02  1.581843E-08 5.55E-09  6.499987E-10 1.13E-09  1.438914E-11 8.81E-12  6.643878E-10 1.13E-09  1.648282E-08 5.67E-09
   50 M4 N3  4.0777E+02  1.061784E-08 4.55E-09  2.166662E-10 6.50E-10  1.978506E-11 1.03E-11  2.364513E-10 6.60E-10  1.085430E-08 4.60E-09
   20 L1 M2  4.1543E+02  3.971708E-07 2.78E-08  1.516664E-09 1.72E-09  3.453393E-10 4.32E-11  1.862003E-09 1.76E-09  3.990328E-07 2.79E-08
   20 L1 M3  4.1580E+02  5.952205E-07 3.41E-08  3.466660E-09 2.60E-09  4.934275E-10 5.16E-11  3.960087E-09 2.65E-09  5.991806E-07 3.42E-08
   22 L3 M2  4.2050E+02  0.000000E+00 0.00E+00  0.000000E+00 0.00E+00  5.995474E-13 1.80E-12  5.995474E-13 1.80E-12  5.995474E-13 1.80E-12
   51 M5 N3  4.2973E+02  3.770232E-08 8.57E-09  2.166662E-10 6.50E-10  5.515836E-11 1.73E-11  2.718246E-10 6.67E-10  3.797415E-08 8.60E-09
   51 M4 N2  4.3077E+02  2.210055E-08 6.56E-09  0.000000E+00 0.00E+00  3.297511E-11 1.33E-11  3.297511E-11 1.33E-11  2.213353E-08 6.56E-09
   51 M4 N3  4.3967E+02  3.900592E-09 2.76E-09  0.000000E+00 0.00E+00  8.993211E-12 6.97E-12  8.993211E-12 6.97E-12  3.909585E-09 2.76E-09
   22 L3 M5  4.5216E+02  2.601194E-09 2.25E-09  2.166662E-10 6.50E-10  5.995474E-13 1.80E-12  2.172658E-10 6.52E-10  2.818460E-09 2.34E-09
   22 L2 M4  4.5835E+02  1.949996E-09 1.95E-09  0.000000E+00 0.00E+00  5.995474E-13 1.80E-12  5.995474E-13 1.80E-12  1.950596E-09 1.95E-09
   22 L3 N1  4.5896E+02  6.499987E-10 1.13E-09  0.000000E+00 0.00E+00  0.000000E+00 0.00E+00  0.000000E+00 0.00E+00  6.499987E-10 1.13E-09
   22 L2 N1  4.6494E+02  8.666649E-10 1.30E-09  0.000000E+00 0.00E+00  0.000000E+00 0.00E+00  0.000000E+00 0.00E+00  8.666649E-10 1.30E-09
   50 M5 O3  4.8885E+02  1.949996E-09 1.95E-09  0.000000E+00 0.00E+00  2.398190E-12 3.60E-12  2.398190E-12 3.60E-12  1.952394E-09 1.95E-09
   50 M4 O2  4.9729E+02  1.516664E-09 1.72E-09  0.000000E+00 0.00E+00  0.000000E+00 0.00E+00  0.000000E+00 0.00E+00  1.516664E-09 1.72E-09
   50 M4 O3  4.9780E+02  2.166662E-10 6.50E-10  0.000000E+00 0.00E+00  5.995474E-13 1.80E-12  5.995474E-13 1.80E-12  2.172658E-10 6.50E-10
   50 L1 L3  5.1350E+02  0.000000E+00 0.00E+00  0.000000E+00 0.00E+00  3.597284E-12 4.41E-12  3.597284E-12 4.41E-12  3.597284E-12 4.41E-12
    8  K L2  5.2309E+02  1.134047E-04 4.70E-07  1.382331E-07 1.64E-08  6.740135E-08 8.86E-10  2.056344E-07 1.73E-08  1.136103E-04 4.71E-07
    8  K L3  5.2313E+02  2.259599E-04 6.65E-07  2.745161E-07 2.31E-08  1.350202E-07 1.55E-09  4.095363E-07 2.47E-08  2.263695E-04 6.65E-07
   22 L1 M2  5.2630E+02  1.083931E-09 1.45E-09  0.000000E+00 0.00E+00  0.000000E+00 0.00E+00  0.000000E+00 0.00E+00  1.083931E-09 1.45E-09
   22 L1 M3  5.2990E+02  1.949996E-09 1.95E-09  0.000000E+00 0.00E+00  1.199095E-12 2.54E-12  1.199095E-12 2.54E-12  1.951195E-09 1.95E-09
   51 M5 O3  5.3083E+02  1.083331E-09 1.45E-09  0.000000E+00 0.00E+00  1.798642E-12 3.12E-12  1.798642E-12 3.12E-12  1.085130E-09 1.45E-09
   51 M4 O2  5.4006E+02  6.499987E-10 1.13E-09  0.000000E+00 0.00E+00  0.000000E+00 0.00E+00  0.000000E+00 0.00E+00  6.499987E-10 1.13E-09
   51 M4 O3  5.4077E+02  2.166662E-10 6.50E-10  0.000000E+00 0.00E+00  0.000000E+00 0.00E+00  0.000000E+00 0.00E+00  2.166662E-10 6.50E-10
   51 L1 L3  5.4320E+02  0.000000E+00 0.00E+00  0.000000E+00 0.00E+00  5.995474E-13 1.80E-12  5.995474E-13 1.80E-12  5.995474E-13 1.80E-12
   50 M3 N1  5.6751E+02  7.800584E-09 3.90E-09  0.000000E+00 0.00E+00  1.618778E-11 9.35E-12  1.618778E-11 9.35E-12  7.816771E-09 3.90E-09
   56 M5 N3  6.0214E+02  9.576947E-08 1.37E-08  0.000000E+00 0.00E+00  2.757918E-10 3.86E-11  2.757918E-10 3.86E-11  9.604526E-08 1.37E-08
   56 M4 N2  6.0243E+02  5.806775E-08 1.06E-08  4.333324E-10 9.19E-10  1.912556E-10 3.21E-11  6.245881E-10 9.51E-10  5.869234E-08 1.07E-08
   51 M3 N1  6.0342E+02  2.383928E-09 2.16E-09  0.000000E+00 0.00E+00  3.597284E-12 4.41E-12  3.597284E-12 4.41E-12  2.387525E-09 2.16E-09
   50 M2 N1  6.1055E+02  3.033927E-09 2.43E-09  0.000000E+00 0.00E+00  5.395926E-12 5.40E-12  5.395926E-12 5.40E-12  3.039323E-09 2.43E-09
   26 L3 M1  6.1530E+02  7.366891E-08 1.20E-08  4.333324E-10 9.19E-10  1.241063E-10 2.59E-11  5.574388E-10 9.45E-10  7.422635E-08 1.20E-08
   56 M4 N3  6.1829E+02  9.099981E-09 4.21E-09  0.000000E+00 0.00E+00  2.398190E-11 1.14E-11  2.398190E-11 1.14E-11  9.123963E-09 4.21E-09
   26 L2 M1  6.2780E+02  2.860054E-08 7.47E-09  0.000000E+00 0.00E+00  5.815610E-11 1.77E-11  5.815610E-11 1.77E-11  2.865870E-08 7.47E-09
   26 L3 M2  6.5010E+02  2.166662E-10 6.50E-10  0.000000E+00 0.00E+00  0.000000E+00 0.00E+00  0.000000E+00 0.00E+00  2.166662E-10 6.50E-10
   51 M2 N1  6.5089E+02  8.666649E-10 1.30E-09  0.000000E+00 0.00E+00  1.199095E-12 2.54E-12  1.199095E-12 2.54E-12  8.678640E-10 1.30E-09
   26 L2 M3  6.7040E+02  2.166662E-10 6.50E-10  0.000000E+00 0.00E+00  5.995474E-13 1.80E-12  5.995474E-13 1.80E-12  2.172658E-10 6.50E-10
   50 M3 N4  6.7683E+02  1.516664E-09 1.72E-09  0.000000E+00 0.00E+00  7.794116E-12 6.49E-12  7.794116E-12 6.49E-12  1.524458E-09 1.72E-09
   50 M3 N5  6.7793E+02  2.036722E-08 6.30E-09  0.000000E+00 0.00E+00  5.036198E-11 1.65E-11  5.036198E-11 1.65E-11  2.041759E-08 6.30E-09
   50 M3 O1  6.9693E+02  4.333324E-10 9.19E-10  0.000000E+00 0.00E+00  1.199095E-12 2.54E-12  1.199095E-12 2.54E-12  4.345315E-10 9.19E-10
   26 L3 M4  7.0480E+02  2.816661E-09 2.34E-09  0.000000E+00 0.00E+00  5.395926E-12 5.40E-12  5.395926E-12 5.40E-12  2.822057E-09 2.34E-09
   26 L3 M5  7.0480E+02  2.426662E-08 6.88E-09  0.000000E+00 0.00E+00  3.717194E-11 1.42E-11  3.717194E-11 1.42E-11  2.430379E-08 6.88E-09
   26 L3 N1  7.1316E+02  1.516664E-09 1.72E-09  0.000000E+00 0.00E+00  2.997737E-12 4.02E-12  2.997737E-12 4.02E-12  1.519661E-09 1.72E-09
   56 L1 L3  7.1740E+02  2.166662E-10 6.50E-10  0.000000E+00 0.00E+00  6.595021E-12 5.97E-12  6.595021E-12 5.97E-12  2.232612E-10 6.50E-10
   26 L2 M4  7.1832E+02  1.516783E-08 5.44E-09  2.166662E-10 6.50E-10  2.458144E-11 1.15E-11  2.412477E-10 6.62E-10  1.540908E-08 5.48E-09
   51 M3 N4  7.1982E+02  6.499987E-10 1.13E-09  0.000000E+00 0.00E+00  1.798642E-12 3.12E-12  1.798642E-12 3.12E-12  6.517973E-10 1.13E-09
   50 M2 N4  7.1987E+02  8.016650E-09 3.95E-09  0.000000E+00 0.00E+00  1.798642E-11 9.85E-12  1.798642E-11 9.85E-12  8.034637E-09 3.95E-09
   51 M3 N5  7.2113E+02  4.983323E-09 3.12E-09  0.000000E+00 0.00E+00  1.858597E-11 1.00E-11  1.858597E-11 1.00E-11  5.001909E-09 3.12E-09
   26 L2 N1  7.2602E+02  8.666649E-10 1.30E-09  0.000000E+00 0.00E+00  1.199095E-12 2.54E-12  1.199095E-12 2.54E-12  8.678640E-10 1.30E-09
   50 M2 O1  7.3997E+02  4.333324E-10 9.19E-10  0.000000E+00 0.00E+00  1.798642E-12 3.12E-12  1.798642E-12 3.12E-12  4.351311E-10 9.19E-10
   51 M3 O1  7.4577E+02  2.166662E-10 6.50E-10  0.000000E+00 0.00E+00  5.995474E-13 1.80E-12  5.995474E-13 1.80E-12  2.172658E-10 6.50E-10
   50 M1 N2  7.6541E+02  1.299997E-09 1.59E-09  0.000000E+00 0.00E+00  2.398190E-12 3.60E-12  2.398190E-12 3.60E-12  1.302396E-09 1.59E-09
   51 M2 N4  7.6729E+02  2.599995E-09 2.25E-09  0.000000E+00 0.00E+00  7.194569E-12 6.23E-12  7.194569E-12 6.23E-12  2.607189E-09 2.25E-09
   56 M5 O3  7.6849E+02  1.386664E-08 5.20E-09  4.333324E-10 9.19E-10  4.496605E-11 1.56E-11  4.782985E-10 9.35E-10  1.434494E-08 5.28E-09
   50 M1 N3  7.7325E+02  1.299997E-09 1.59E-09  0.000000E+00 0.00E+00  1.798642E-12 3.12E-12  1.798642E-12 3.12E-12  1.301796E-09 1.59E-09
   56 M4 O2  7.8234E+02  9.316648E-09 4.26E-09  0.000000E+00 0.00E+00  2.158371E-11 1.08E-11  2.158371E-11 1.08E-11  9.338231E-09 4.26E-09
   56 M4 O3  7.8464E+02  1.949996E-09 1.95E-09  0.000000E+00 0.00E+00  3.597284E-12 4.41E-12  3.597284E-12 4.41E-12  1.953593E-09 1.95E-09
   26 L1 M3  7.9220E+02  4.116658E-09 2.83E-09  0.000000E+00 0.00E+00  8.393663E-12 6.73E-12  8.393663E-12 6.73E-12  4.125052E-09 2.83E-09
   26 L1 M2  7.9220E+02  2.599995E-09 2.25E-09  0.000000E+00 0.00E+00  5.395926E-12 5.40E-12  5.395926E-12 5.40E-12  2.605391E-09 2.25E-09
   51 M2 O1  7.9324E+02  0.000000E+00 0.00E+00  0.000000E+00 0.00E+00  5.995474E-13 1.80E-12  5.995474E-13 1.80E-12  5.995474E-13 1.80E-12
   56 M3 N1  8.0065E+02  3.899992E-09 2.76E-09  0.000000E+00 0.00E+00  1.498868E-11 8.99E-12  1.498868E-11 8.99E-12  3.914981E-09 2.76E-09
   51 M1 N3  8.2086E+02  2.166662E-10 6.50E-10  0.000000E+00 0.00E+00  2.398190E-12 3.60E-12  2.398190E-12 3.60E-12  2.190644E-10 6.50E-10
   56 M2 N1  8.7585E+02  1.083331E-09 1.45E-09  0.000000E+00 0.00E+00  6.595021E-12 5.97E-12  6.595021E-12 5.97E-12  1.089926E-09 1.45E-09
   56 M3 N4  9.5484E+02  2.383328E-09 2.16E-09  0.000000E+00 0.00E+00  9.592758E-12 7.19E-12  9.592758E-12 7.19E-12  2.392921E-09 2.16E-09
   56 M3 N5  9.5754E+02  1.256724E-08 4.95E-09  2.166662E-10 6.50E-10  6.654976E-11 1.89E-11  2.832160E-10 6.69E-10  1.285046E-08 4.99E-09
   56 M3 O1  1.0186E+03  1.299997E-09 1.59E-09  0.000000E+00 0.00E+00  1.798642E-12 3.12E-12  1.798642E-12 3.12E-12  1.301796E-09 1.59E-09
   56 M2 N4  1.0300E+03  4.983323E-09 3.12E-09  0.000000E+00 0.00E+00  3.057692E-11 1.28E-11  3.057692E-11 1.28E-11  5.013900E-09 3.12E-09
   56 M1 N2  1.0692E+03  6.499987E-10 1.13E-09  0.000000E+00 0.00E+00  4.796379E-12 5.09E-12  4.796379E-12 5.09E-12  6.547951E-10 1.13E-09
   56 M1 N3  1.0850E+03  2.166662E-10 6.50E-10  0.000000E+00 0.00E+00  7.794116E-12 6.49E-12  7.794116E-12 6.49E-12  2.244603E-10 6.50E-10
   56 M2 O1  1.0938E+03  2.166662E-10 6.50E-10  0.000000E+00 0.00E+00  5.995474E-13 1.80E-12  5.995474E-13 1.80E-12  2.172658E-10 6.50E-10
   33 L3 M1  1.1198E+03  1.625117E-08 5.63E-09  0.000000E+00 0.00E+00  6.654976E-11 1.89E-11  6.654976E-11 1.89E-11  1.631772E-08 5.63E-09
   33 L2 M1  1.1550E+03  5.199989E-09 3.18E-09  0.000000E+00 0.00E+00  3.477375E-11 1.37E-11  3.477375E-11 1.37E-11  5.234763E-09 3.18E-09
   33 L2 M3  1.2193E+03  2.166662E-10 6.50E-10  0.000000E+00 0.00E+00  0.000000E+00 0.00E+00  0.000000E+00 0.00E+00  2.166662E-10 6.50E-10
   56 M1 O2  1.2491E+03  2.166662E-10 6.50E-10  0.000000E+00 0.00E+00  0.000000E+00 0.00E+00  0.000000E+00 0.00E+00  2.166662E-10 6.50E-10
   12  K L2  1.2534E+03  1.338606E-06 5.11E-08  2.708328E-08 7.27E-09  4.579343E-09 1.57E-10  3.166262E-08 7.42E-09  1.370269E-06 5.16E-08
   12  K L3  1.2537E+03  2.704500E-06 7.26E-08  4.766657E-08 9.64E-09  9.166480E-09 2.22E-10  5.683305E-08 9.86E-09  2.761333E-06 7.32E-08
   33 L3 M5  1.2820E+03  3.726779E-08 8.52E-09  8.666649E-10 1.30E-09  1.265045E-10 2.61E-11  9.931694E-10 1.33E-09  3.826096E-08 8.62E-09
   33 L3 M4  1.2820E+03  3.901191E-09 2.76E-09  0.000000E+00 0.00E+00  1.319004E-11 8.44E-12  1.319004E-11 8.44E-12  3.914381E-09 2.76E-09
   33 L3 N1  1.3104E+03  6.499987E-10 1.13E-09  0.000000E+00 0.00E+00  0.000000E+00 0.00E+00  0.000000E+00 0.00E+00  6.499987E-10 1.13E-09
   33 L2 M4  1.3170E+03  1.733330E-08 5.81E-09  8.666649E-10 1.30E-09  7.074659E-11 1.95E-11  9.374115E-10 1.32E-09  1.827071E-08 5.96E-09
   33 L2 N1  1.3478E+03  6.499987E-10 1.13E-09  0.000000E+00 0.00E+00  1.199095E-12 2.54E-12  1.199095E-12 2.54E-12  6.511978E-10 1.13E-09
   33 L1 M3  1.3885E+03  8.666649E-10 1.30E-09  4.333324E-10 9.19E-10  4.796379E-12 5.09E-12  4.381288E-10 9.24E-10  1.304794E-09 1.59E-09
   33 L1 M2  1.3885E+03  1.516664E-09 1.72E-09  0.000000E+00 0.00E+00  2.997737E-12 4.02E-12  2.997737E-12 4.02E-12  1.519661E-09 1.72E-09
   13  K L2  1.4863E+03  1.390168E-05 1.65E-07  3.063660E-07 2.44E-08  6.088044E-08 5.74E-10  3.672465E-07 2.50E-08  1.426892E-05 1.66E-07
   13  K L3  1.4867E+03  2.780204E-05 2.33E-07  6.122988E-07 3.46E-08  1.209833E-07 8.08E-10  7.332820E-07 3.54E-08  2.853532E-05 2.35E-07
   33 L1 N2  1.5111E+03  2.166662E-10 6.50E-10  0.000000E+00 0.00E+00  0.000000E+00 0.00E+00  0.000000E+00 0.00E+00  2.166662E-10 6.50E-10
   13  K M2  1.5576E+03  9.468674E-08 1.36E-08  2.166662E-09 2.06E-09  3.561311E-10 4.38E-11  2.522793E-09 2.10E-09  9.720953E-08 1.37E-08
   13  K M3  1.5576E+03  1.661860E-07 1.80E-08  2.599995E-09 2.25E-09  7.368437E-10 6.31E-11  3.336838E-09 2.31E-09  1.695228E-07 1.81E-08
   38 L3 M1  1.5822E+03  2.060550E-07 2.00E-08  6.499987E-10 1.13E-09  1.191900E-09 8.02E-11  1.841899E-09 1.21E-09  2.078969E-07 2.01E-08
   38 L2 M1  1.6493E+03  7.388498E-08 1.20E-08  0.000000E+00 0.00E+00  3.963008E-10 4.62E-11  3.963008E-10 4.62E-11  7.428128E-08 1.20E-08
   38 L3 M2  1.6614E+03  8.666649E-10 1.30E-09  0.000000E+00 0.00E+00  5.395926E-12 5.40E-12  5.395926E-12 5.40E-12  8.720608E-10 1.30E-09
   38 L3 M3  1.6715E+03  8.666649E-10 1.30E-09  0.000000E+00 0.00E+00  3.597284E-12 4.41E-12  3.597284E-12 4.41E-12  8.702622E-10 1.30E-09
   38 L2 M3  1.7383E+03  0.000000E+00 0.00E+00  0.000000E+00 0.00E+00  2.997737E-12 4.02E-12  2.997737E-12 4.02E-12  2.997737E-12 4.02E-12
   14  K L2  1.7394E+03  4.290610E-05 2.89E-07  4.051658E-08 8.89E-09  2.381498E-07 1.13E-09  2.786664E-07 1.00E-08  4.318476E-05 2.90E-07
   14  K L3  1.7400E+03  8.552467E-05 4.09E-07  8.774982E-08 1.31E-08  4.713042E-07 1.60E-09  5.590540E-07 1.47E-08  8.608372E-05 4.09E-07
   40 L3 M1  1.7921E+03  4.333324E-09 2.91E-09  0.000000E+00 0.00E+00  3.717194E-11 1.42E-11  3.717194E-11 1.42E-11  4.370496E-09 2.91E-09
   38 L3 M4  1.8048E+03  1.018349E-07 1.41E-08  0.000000E+00 0.00E+00  6.283257E-10 5.82E-11  6.283257E-10 5.82E-11  1.024632E-07 1.41E-08
   38 L3 M5  1.8066E+03  9.999440E-07 4.42E-08  8.666649E-10 1.30E-09  5.888155E-09 1.78E-10  6.754820E-09 1.48E-09  1.006699E-06 4.42E-08
   14  K M2  1.8360E+03  7.178326E-07 3.74E-08  6.499987E-10 1.13E-09  4.116492E-09 1.49E-10  4.766491E-09 1.27E-09  7.225991E-07 3.74E-08
   14  K M3  1.8360E+03  1.470111E-06 5.35E-08  1.083331E-09 1.45E-09  8.023143E-09 2.08E-10  9.106474E-09 1.66E-09  1.479217E-06 5.36E-08
   38 L2 M4  1.8717E+03  4.461224E-07 2.95E-08  1.299997E-09 1.59E-09  2.796289E-09 1.23E-10  4.096286E-09 1.71E-09  4.502186E-07 2.95E-08
   40 L2 M1  1.8766E+03  6.499987E-10 1.13E-09  0.000000E+00 0.00E+00  1.438914E-11 8.81E-12  1.438914E-11 8.81E-12  6.643878E-10 1.13E-09
   40 L3 M2  1.8792E+03  0.000000E+00 0.00E+00  0.000000E+00 0.00E+00  5.995474E-13 1.80E-12  5.995474E-13 1.80E-12  5.995474E-13 1.80E-12
   38 L3 N1  1.8960E+03  8.016650E-09 3.95E-09  0.000000E+00 0.00E+00  5.335972E-11 1.70E-11  5.335972E-11 1.70E-11  8.070010E-09 3.95E-09
   38 L1 M2  1.9364E+03  1.820116E-08 5.96E-09  0.000000E+00 0.00E+00  1.648755E-10 2.98E-11  1.648755E-10 2.98E-11  1.836604E-08 5.96E-09
   38 L1 M3  1.9472E+03  3.314993E-08 8.04E-09  0.000000E+00 0.00E+00  2.536085E-10 3.70E-11  2.536085E-10 3.70E-11  3.340354E-08 8.04E-09
   38 L2 N1  1.9657E+03  3.900592E-09 2.76E-09  0.000000E+00 0.00E+00  2.757918E-11 1.22E-11  2.757918E-11 1.22E-11  3.928171E-09 2.76E-09
   40 L3 M4  2.0402E+03  1.733330E-09 1.84E-09  0.000000E+00 0.00E+00  2.578054E-11 1.18E-11  2.578054E-11 1.18E-11  1.759110E-09 1.84E-09
   40 L3 M5  2.0425E+03  2.860114E-08 7.47E-09  2.166662E-10 6.50E-10  2.500113E-10 3.67E-11  4.666775E-10 6.87E-10  2.906782E-08 7.50E-09
   38 L1 M4  2.0805E+03  2.166662E-10 6.50E-10  0.000000E+00 0.00E+00  5.995474E-13 1.80E-12  5.995474E-13 1.80E-12  2.172658E-10 6.50E-10
   38 L1 M5  2.0822E+03  4.333324E-10 9.19E-10  0.000000E+00 0.00E+00  0.000000E+00 0.00E+00  0.000000E+00 0.00E+00  4.333324E-10 9.19E-10
   40 L2 M4  2.1244E+03  1.234997E-08 4.91E-09  0.000000E+00 0.00E+00  1.013235E-10 2.34E-11  1.013235E-10 2.34E-11  1.245130E-08 4.91E-09
   40 L3 N1  2.1648E+03  2.166662E-10 6.50E-10  0.000000E+00 0.00E+00  2.398190E-12 3.60E-12  2.398190E-12 3.60E-12  2.190644E-10 6.50E-10
   38 L1 N2  2.1716E+03  6.499987E-10 1.13E-09  0.000000E+00 0.00E+00  2.038461E-11 1.05E-11  2.038461E-11 1.05E-11  6.703833E-10 1.13E-09
   38 L1 N3  2.1729E+03  3.033327E-09 2.43E-09  0.000000E+00 0.00E+00  2.757918E-11 1.22E-11  2.757918E-11 1.22E-11  3.060906E-09 2.43E-09
   40 L1 M2  2.1877E+03  8.666649E-10 1.30E-09  0.000000E+00 0.00E+00  7.794116E-12 6.49E-12  7.794116E-12 6.49E-12  8.744590E-10 1.30E-09
   40 L1 M3  2.2011E+03  1.083331E-09 1.45E-09  0.000000E+00 0.00E+00  1.079185E-11 7.63E-12  1.079185E-11 7.63E-12  1.094123E-09 1.45E-09
   40 L3 N4  2.2181E+03  0.000000E+00 0.00E+00  0.000000E+00 0.00E+00  5.995474E-13 1.80E-12  5.995474E-13 1.80E-12  5.995474E-13 1.80E-12
   40 L3 N5  2.2183E+03  4.333324E-10 9.19E-10  0.000000E+00 0.00E+00  2.398190E-12 3.60E-12  2.398190E-12 3.60E-12  4.357306E-10 9.19E-10
   40 L2 N1  2.2522E+03  0.000000E+00 0.00E+00  0.000000E+00 0.00E+00  1.199095E-12 2.54E-12  1.199095E-12 2.54E-12  1.199095E-12 2.54E-12
   40 L2 N4  2.3055E+03  0.000000E+00 0.00E+00  0.000000E+00 0.00E+00  5.995474E-13 1.80E-12  5.995474E-13 1.80E-12  5.995474E-13 1.80E-12
   40 L1 N2  2.4760E+03  0.000000E+00 0.00E+00  0.000000E+00 0.00E+00  5.995474E-13 1.80E-12  5.995474E-13 1.80E-12  5.995474E-13 1.80E-12
   40 L1 N3  2.4779E+03  4.333324E-10 9.19E-10  0.000000E+00 0.00E+00  1.798642E-12 3.12E-12  1.798642E-12 3.12E-12  4.351311E-10 9.19E-10
   50 L3 M1  3.0450E+03  8.450582E-09 4.06E-09  0.000000E+00 0.00E+00  2.793891E-10 3.88E-11  2.793891E-10 3.88E-11  8.729971E-09 4.06E-09
   50 L3 M2  3.1734E+03  0.000000E+00 0.00E+00  0.000000E+00 0.00E+00  1.798642E-12 3.12E-12  1.798642E-12 3.12E-12  1.798642E-12 3.12E-12
   51 L3 M1  3.1886E+03  2.166662E-09 2.06E-09  0.000000E+00 0.00E+00  8.093890E-11 2.09E-11  8.093890E-11 2.09E-11  2.247601E-09 2.06E-09
   50 L3 M3  3.2150E+03  0.000000E+00 0.00E+00  0.000000E+00 0.00E+00  5.995474E-13 1.80E-12  5.995474E-13 1.80E-12  5.995474E-13 1.80E-12
   50 L2 M1  3.2724E+03  2.166662E-09 2.06E-09  0.000000E+00 0.00E+00  7.914025E-11 2.07E-11  7.914025E-11 2.07E-11  2.245803E-09 2.06E-09
   51 L3 M2  3.3213E+03  0.000000E+00 0.00E+00  0.000000E+00 0.00E+00  5.995474E-13 1.80E-12  5.995474E-13 1.80E-12  5.995474E-13 1.80E-12
   51 L2 M1  3.4367E+03  6.499987E-10 1.13E-09  0.000000E+00 0.00E+00  2.098416E-11 1.06E-11  2.098416E-11 1.06E-11  6.709828E-10 1.13E-09
   50 L3 M4  3.4374E+03  9.533913E-09 4.31E-09  0.000000E+00 0.00E+00  2.422171E-10 3.62E-11  2.422171E-10 3.62E-11  9.776131E-09 4.31E-09
   50 L2 M3  3.4421E+03  4.333324E-10 9.19E-10  0.000000E+00 0.00E+00  1.199095E-12 2.54E-12  1.199095E-12 2.54E-12  4.345315E-10 9.19E-10
   50 L3 M5  3.4440E+03  8.363436E-08 1.28E-08  0.000000E+00 0.00E+00  2.152975E-09 1.08E-10  2.152975E-09 1.08E-10  8.578734E-08 1.28E-08
   51 L3 M4  3.5954E+03  1.516664E-09 1.72E-09  0.000000E+00 0.00E+00  8.633482E-11 2.16E-11  8.633482E-11 2.16E-11  1.602998E-09 1.72E-09
   51 L3 M5  3.6048E+03  2.686661E-08 7.24E-09  0.000000E+00 0.00E+00  7.704184E-10 6.45E-11  7.704184E-10 6.45E-11  2.763703E-08 7.24E-09
   50 L2 M4  3.6628E+03  3.553386E-08 8.32E-09  0.000000E+00 0.00E+00  1.184106E-09 7.99E-11  1.184106E-09 7.99E-11  3.671797E-08 8.32E-09
   20  K L2  3.6881E+03  2.300581E-06 6.70E-08  4.333324E-10 9.19E-10  8.607342E-08 6.82E-10  8.650675E-08 1.60E-09  2.387088E-06 6.70E-08
   20  K L3  3.6917E+03  4.560879E-06 9.43E-08  1.299997E-09 1.59E-09  1.702583E-07 9.59E-10  1.715583E-07 2.55E-09  4.732437E-06 9.44E-08
   50 L1 M2  3.7083E+03  3.466660E-09 2.60E-09  0.000000E+00 0.00E+00  1.588801E-10 2.93E-11  1.588801E-10 2.93E-11  3.625540E-09 2.60E-09
   50 L1 M3  3.7504E+03  5.633921E-09 3.31E-09  0.000000E+00 0.00E+00  2.572058E-10 3.73E-11  2.572058E-10 3.73E-11  5.891127E-09 3.31E-09
   50 L3 N1  3.7840E+03  2.166662E-10 6.50E-10  0.000000E+00 0.00E+00  2.398190E-11 1.14E-11  2.398190E-11 1.14E-11  2.406481E-10 6.50E-10
   51 L2 M4  3.8436E+03  1.039998E-08 4.50E-09  0.000000E+00 0.00E+00  4.118890E-10 4.71E-11  4.118890E-10 4.71E-11  1.081187E-08 4.50E-09
   51 L1 M2  3.8864E+03  1.083331E-09 1.45E-09  0.000000E+00 0.00E+00  5.216062E-11 1.68E-11  5.216062E-11 1.68E-11  1.135492E-09 1.45E-09
   50 L3 N4  3.8933E+03  8.666649E-10 1.30E-09  0.000000E+00 0.00E+00  2.877827E-11 1.25E-11  2.877827E-11 1.25E-11  8.954432E-10 1.30E-09
   50 L3 N5  3.8944E+03  8.449983E-09 4.06E-09  0.000000E+00 0.00E+00  2.703959E-10 3.82E-11  2.703959E-10 3.82E-11  8.720379E-09 4.06E-09
   50 L3 O1  3.9134E+03  0.000000E+00 0.00E+00  0.000000E+00 0.00E+00  4.196832E-12 4.76E-12  4.196832E-12 4.76E-12  4.196832E-12 4.76E-12
   51 L1 M3  3.9327E+03  2.167262E-09 2.06E-09  0.000000E+00 0.00E+00  1.067194E-10 2.40E-11  1.067194E-10 2.40E-11  2.273981E-09 2.06E-09
   56 L3 M1  3.9542E+03  3.467259E-09 2.60E-09  0.000000E+00 0.00E+00  2.691968E-10 3.81E-11  2.691968E-10 3.81E-11  3.736456E-09 2.60E-09
   50 L1 M4  3.9716E+03  0.000000E+00 0.00E+00  0.000000E+00 0.00E+00  5.995474E-13 1.80E-12  5.995474E-13 1.80E-12  5.995474E-13 1.80E-12
   51 L3 N1  3.9722E+03  0.000000E+00 0.00E+00  0.000000E+00 0.00E+00  5.995474E-12 5.69E-12  5.995474E-12 5.69E-12  5.995474E-12 5.69E-12
   50 L1 M5  3.9800E+03  0.000000E+00 0.00E+00  0.000000E+00 0.00E+00  5.995474E-12 5.69E-12  5.995474E-12 5.69E-12  5.995474E-12 5.69E-12
   20  K M3  4.0128E+03  4.972538E-07 3.11E-08  2.166662E-10 6.50E-10  1.830718E-08 3.14E-10  1.852385E-08 9.64E-10  5.157776E-07 3.11E-08
   20  K M2  4.0128E+03  2.524209E-07 2.22E-08  0.000000E+00 0.00E+00  9.169478E-09 2.23E-10  9.169478E-09 2.23E-10  2.615904E-07 2.22E-08
   50 L2 N1  4.0180E+03  2.166662E-10 6.50E-10  0.000000E+00 0.00E+00  1.259049E-11 8.24E-12  1.259049E-11 8.24E-12  2.292567E-10 6.50E-10
   51 L3 N4  4.0886E+03  4.333324E-10 9.19E-10  0.000000E+00 0.00E+00  7.794116E-12 6.49E-12  7.794116E-12 6.49E-12  4.411266E-10 9.19E-10
   51 L3 N5  4.0899E+03  3.249993E-09 2.52E-09  0.000000E+00 0.00E+00  8.513573E-11 2.14E-11  8.513573E-11 2.14E-11  3.335129E-09 2.52E-09
   56 L3 M2  4.1111E+03  0.000000E+00 0.00E+00  0.000000E+00 0.00E+00  2.398190E-12 3.60E-12  2.398190E-12 3.60E-12  2.398190E-12 3.60E-12
   51 L3 O1  4.1146E+03  2.166662E-10 6.50E-10  0.000000E+00 0.00E+00  5.995474E-13 1.80E-12  5.995474E-13 1.80E-12  2.172658E-10 6.50E-10
   50 L2 N4  4.1273E+03  2.816661E-09 2.34E-09  0.000000E+00 0.00E+00  1.342986E-10 2.69E-11  1.342986E-10 2.69E-11  2.950960E-09 2.34E-09
   50 L2 O1  4.1474E+03  2.166662E-10 6.50E-10  0.000000E+00 0.00E+00  1.199095E-12 2.54E-12  1.199095E-12 2.54E-12  2.178653E-10 6.50E-10
   51 L1 M4  4.1616E+03  0.000000E+00 0.00E+00  0.000000E+00 0.00E+00  1.798642E-12 3.12E-12  1.798642E-12 3.12E-12  1.798642E-12 3.12E-12
   51 L1 M5  4.1708E+03  0.000000E+00 0.00E+00  0.000000E+00 0.00E+00  1.199095E-12 2.54E-12  1.199095E-12 2.54E-12  1.199095E-12 2.54E-12
   56 L3 M3  4.1846E+03  0.000000E+00 0.00E+00  0.000000E+00 0.00E+00  2.398190E-12 3.60E-12  2.398190E-12 3.60E-12  2.398190E-12 3.60E-12
   51 L2 N1  4.2277E+03  2.166662E-10 6.50E-10  0.000000E+00 0.00E+00  2.398190E-12 3.60E-12  2.398190E-12 3.60E-12  2.190644E-10 6.50E-10
   56 L2 M1  4.3310E+03  1.083331E-09 1.45E-09  0.000000E+00 0.00E+00  6.954750E-11 1.94E-11  6.954750E-11 1.94E-11  1.152879E-09 1.45E-09
   50 L1 N2  4.3367E+03  8.666649E-10 1.30E-09  0.000000E+00 0.00E+00  4.136877E-11 1.49E-11  4.136877E-11 1.49E-11  9.080337E-10 1.30E-09
   51 L2 N4  4.3441E+03  6.499987E-10 1.13E-09  0.000000E+00 0.00E+00  5.216062E-11 1.68E-11  5.216062E-11 1.68E-11  7.021593E-10 1.13E-09
   50 L1 N3  4.3445E+03  1.949996E-09 1.95E-09  0.000000E+00 0.00E+00  4.856334E-11 1.62E-11  4.856334E-11 1.62E-11  1.998559E-09 1.95E-09
   51 L2 O1  4.3701E+03  0.000000E+00 0.00E+00  0.000000E+00 0.00E+00  5.995474E-13 1.80E-12  5.995474E-13 1.80E-12  5.995474E-13 1.80E-12
   50 L1 N4  4.4068E+03  0.000000E+00 0.00E+00  0.000000E+00 0.00E+00  1.199095E-12 2.54E-12  1.199095E-12 2.54E-12  1.199095E-12 2.54E-12
   50 L1 O2  4.4340E+03  0.000000E+00 0.00E+00  0.000000E+00 0.00E+00  5.995474E-13 1.80E-12  5.995474E-13 1.80E-12  5.995474E-13 1.80E-12
   50 L1 O3  4.4345E+03  0.000000E+00 0.00E+00  0.000000E+00 0.00E+00  5.995474E-13 1.80E-12  5.995474E-13 1.80E-12  5.995474E-13 1.80E-12
   56 L3 M4  4.4509E+03  3.249993E-09 2.52E-09  0.000000E+00 0.00E+00  3.063687E-10 4.07E-11  3.063687E-10 4.07E-11  3.556362E-09 2.52E-09
   56 L3 M5  4.4663E+03  4.788324E-08 9.66E-09  0.000000E+00 0.00E+00  2.547477E-09 1.17E-10  2.547477E-09 1.17E-10  5.043071E-08 9.66E-09
   22  K L2  4.5049E+03  6.283321E-09 3.50E-09  0.000000E+00 0.00E+00  3.903053E-10 4.59E-11  3.903053E-10 4.59E-11  6.673626E-09 3.50E-09
   22  K L3  4.5109E+03  1.104998E-08 4.64E-09  0.000000E+00 0.00E+00  7.266514E-10 6.26E-11  7.266514E-10 6.26E-11  1.177663E-08 4.64E-09
   51 L1 N2  4.5567E+03  4.333324E-10 9.19E-10  0.000000E+00 0.00E+00  1.618778E-11 9.35E-12  1.618778E-11 9.35E-12  4.495202E-10 9.19E-10
   56 L2 M3  4.5609E+03  0.000000E+00 0.00E+00  0.000000E+00 0.00E+00  1.199095E-12 2.54E-12  1.199095E-12 2.54E-12  1.199095E-12 2.54E-12
   51 L1 N3  4.5656E+03  8.666649E-10 1.30E-09  0.000000E+00 0.00E+00  1.498868E-11 8.99E-12  1.498868E-11 8.99E-12  8.816536E-10 1.30E-09
   51 L1 O2  4.6660E+03  0.000000E+00 0.00E+00  0.000000E+00 0.00E+00  5.995474E-13 1.80E-12  5.995474E-13 1.80E-12  5.995474E-13 1.80E-12
   56 L2 M4  4.8276E+03  2.036722E-08 6.30E-09  0.000000E+00 0.00E+00  1.392749E-09 8.67E-11  1.392749E-09 8.67E-11  2.175997E-08 6.30E-09
   56 L1 M2  4.8520E+03  2.816661E-09 2.34E-09  0.000000E+00 0.00E+00  1.558823E-10 2.90E-11  1.558823E-10 2.90E-11  2.972543E-09 2.34E-09
   56 L1 M3  4.9270E+03  2.166662E-09 2.06E-09  0.000000E+00 0.00E+00  2.416176E-10 3.61E-11  2.416176E-10 3.61E-11  2.408280E-09 2.06E-09
   22  K M2  4.9318E+03  4.333324E-10 9.19E-10  0.000000E+00 0.00E+00  4.916289E-11 1.63E-11  4.916289E-11 1.63E-11  4.824953E-10 9.19E-10
   22  K M3  4.9318E+03  2.383328E-09 2.16E-09  0.000000E+00 0.00E+00  7.854071E-11 2.06E-11  7.854071E-11 2.06E-11  2.461869E-09 2.16E-09
   56 L3 N1  4.9871E+03  6.499987E-10 1.13E-09  0.000000E+00 0.00E+00  3.057692E-11 1.28E-11  3.057692E-11 1.28E-11  6.805756E-10 1.13E-09
   56 L3 N4  5.1412E+03  6.499987E-10 1.13E-09  0.000000E+00 0.00E+00  4.556560E-11 1.57E-11  4.556560E-11 1.57E-11  6.955643E-10 1.13E-09
   56 L3 N5  5.1439E+03  7.799984E-09 3.90E-09  0.000000E+00 0.00E+00  3.753167E-10 4.50E-11  3.753167E-10 4.50E-11  8.175301E-09 3.90E-09
   56 L1 M4  5.1943E+03  2.166662E-10 6.50E-10  0.000000E+00 0.00E+00  5.995474E-12 5.69E-12  5.995474E-12 5.69E-12  2.226617E-10 6.50E-10
   56 L3 O1  5.2050E+03  0.000000E+00 0.00E+00  0.000000E+00 0.00E+00  4.196832E-12 4.76E-12  4.196832E-12 4.76E-12  4.196832E-12 4.76E-12
   56 L1 M5  5.2172E+03  0.000000E+00 0.00E+00  0.000000E+00 0.00E+00  7.194569E-12 6.23E-12  7.194569E-12 6.23E-12  7.194569E-12 6.23E-12
   56 L2 N1  5.3739E+03  4.333324E-10 9.19E-10  0.000000E+00 0.00E+00  8.393663E-12 6.73E-12  8.393663E-12 6.73E-12  4.417261E-10 9.19E-10
   56 L2 N3  5.4419E+03  2.166662E-10 6.50E-10  0.000000E+00 0.00E+00  0.000000E+00 0.00E+00  0.000000E+00 0.00E+00  2.166662E-10 6.50E-10
   56 L2 N4  5.5281E+03  1.299997E-09 1.59E-09  0.000000E+00 0.00E+00  2.134389E-10 3.39E-11  2.134389E-10 3.39E-11  1.513436E-09 1.59E-09
   56 L2 O1  5.5919E+03  0.000000E+00 0.00E+00  0.000000E+00 0.00E+00  1.798642E-12 3.12E-12  1.798642E-12 3.12E-12  1.798642E-12 3.12E-12
   56 L1 N2  5.7566E+03  4.333324E-10 9.19E-10  0.000000E+00 0.00E+00  4.676470E-11 1.59E-11  4.676470E-11 1.59E-11  4.800971E-10 9.19E-10
   56 L1 N3  5.7724E+03  6.499987E-10 1.13E-09  0.000000E+00 0.00E+00  5.875564E-11 1.78E-11  5.875564E-11 1.78E-11  7.087543E-10 1.13E-09
   56 L1 N4  5.8586E+03  2.166662E-10 6.50E-10  0.000000E+00 0.00E+00  0.000000E+00 0.00E+00  0.000000E+00 0.00E+00  2.166662E-10 6.50E-10
   56 L1 N5  5.8613E+03  0.000000E+00 0.00E+00  0.000000E+00 0.00E+00  5.995474E-13 1.80E-12  5.995474E-13 1.80E-12  5.995474E-13 1.80E-12
   56 L1 O2  5.9365E+03  2.166662E-10 6.50E-10  0.000000E+00 0.00E+00  8.993211E-12 6.97E-12  8.993211E-12 6.97E-12  2.256594E-10 6.50E-10
   56 L1 O3  5.9388E+03  4.333324E-10 9.19E-10  0.000000E+00 0.00E+00  7.194569E-12 6.23E-12  7.194569E-12 6.23E-12  4.405270E-10 9.19E-10
   26  K L2  6.3910E+03  6.716653E-09 3.62E-09  0.000000E+00 0.00E+00  1.126550E-09 7.80E-11  1.126550E-09 7.80E-11  7.843202E-09 3.62E-09
   26  K L3  6.4040E+03  1.213331E-08 4.86E-09  0.000000E+00 0.00E+00  2.143981E-09 1.08E-10  2.143981E-09 1.08E-10  1.427729E-08 4.87E-09
   26  K M2  7.0582E+03  6.499987E-10 1.13E-09  0.000000E+00 0.00E+00  1.330995E-10 2.68E-11  1.330995E-10 2.68E-11  7.830982E-10 1.13E-09
   26  K M3  7.0582E+03  1.733330E-09 1.84E-09  0.000000E+00 0.00E+00  2.590045E-10 3.74E-11  2.590045E-10 3.74E-11  1.992334E-09 1.84E-09
   26  K M5  7.1083E+03  0.000000E+00 0.00E+00  0.000000E+00 0.00E+00  5.995474E-13 1.80E-12  5.995474E-13 1.80E-12  5.995474E-13 1.80E-12
   33  K L2  1.0508E+04  2.166662E-10 6.50E-10  0.000000E+00 0.00E+00  2.685972E-10 3.81E-11  2.685972E-10 3.81E-11  4.852635E-10 6.51E-10
   33  K L3  1.0543E+04  6.499987E-10 1.13E-09  0.000000E+00 0.00E+00  4.976243E-10 5.18E-11  4.976243E-10 5.18E-11  1.147623E-09 1.13E-09
   33  K M2  1.1720E+04  2.166662E-10 6.50E-10  0.000000E+00 0.00E+00  3.537330E-11 1.38E-11  3.537330E-11 1.38E-11  2.520395E-10 6.50E-10
   33  K M3  1.1726E+04  2.166662E-10 6.50E-10  0.000000E+00 0.00E+00  7.554297E-11 2.02E-11  7.554297E-11 2.02E-11  2.922092E-10 6.50E-10
   33  K N3  1.1821E+04  0.000000E+00 0.00E+00  0.000000E+00 0.00E+00  2.997737E-12 4.02E-12  2.997737E-12 4.02E-12  2.997737E-12 4.02E-12
