 #  Results from PENEPMA. Output from photon detector #  1
 #
 #  Angular intervals : theta_1 = 4.500000E+01,  theta_2 = 5.500000E+01
 #                        phi_1 = 0.000000E+00,    phi_2 = 3.600000E+02
 #
 #  Intensities of characteristic lines. All in 1/(sr*electron).
 #    P = primary photons (from electron interactions);
 #    C = flourescence from characteristic x rays;
 #    B = flourescence from bremsstrahlung quanta;
 #   TF = C+B, total fluorescence;
 #  unc = statistical uncertainty (3 sigma).
 #
 # IZ S0 S1  E (eV)      P            unc       C            unc       B            unc       TF           unc       T            unc
   56 N2 N4  1.0205E+02  3.245198E-09 9.74E-09  0.000000E+00 0.00E+00  0.000000E+00 0.00E+00  0.000000E+00 0.00E+00  3.245198E-09 9.74E-09
   13 L1 M3  1.1418E+02  6.490397E-09 1.38E-08  0.000000E+00 0.00E+00  0.000000E+00 0.00E+00  0.000000E+00 0.00E+00  6.490397E-09 1.38E-08
   38 M4 N2  1.1646E+02  3.245198E-09 9.74E-09  0.000000E+00 0.00E+00  0.000000E+00 0.00E+00  0.000000E+00 0.00E+00  3.245198E-09 9.74E-09
   13 L1 M2  1.2230E+02  3.245198E-09 9.74E-09  0.000000E+00 0.00E+00  0.000000E+00 0.00E+00  0.000000E+00 0.00E+00  3.245198E-09 9.74E-09
   38 M2 M4  1.4470E+02  3.245198E-09 9.74E-09  0.000000E+00 0.00E+00  8.979942E-12 2.69E-11  8.979942E-12 2.69E-11  3.254178E-09 9.74E-09
   14 L1 M3  1.4503E+02  2.920678E-08 2.92E-08  0.000000E+00 0.00E+00  0.000000E+00 0.00E+00  0.000000E+00 0.00E+00  2.920678E-08 2.92E-08
   40 M5 N3  1.5375E+02  3.245198E-09 9.74E-09  0.000000E+00 0.00E+00  0.000000E+00 0.00E+00  0.000000E+00 0.00E+00  3.245198E-09 9.74E-09
   14 L1 M2  1.5524E+02  3.245198E-09 9.74E-09  0.000000E+00 0.00E+00  0.000000E+00 0.00E+00  0.000000E+00 0.00E+00  3.245198E-09 9.74E-09
   38 M3 N1  2.2314E+02  6.490397E-09 1.38E-08  0.000000E+00 0.00E+00  0.000000E+00 0.00E+00  0.000000E+00 0.00E+00  6.490397E-09 1.38E-08
   50 M3 M5  2.2870E+02  3.245198E-09 9.74E-09  0.000000E+00 0.00E+00  0.000000E+00 0.00E+00  0.000000E+00 0.00E+00  3.245198E-09 9.74E-09
   20 L3 M1  3.0269E+02  7.788566E-07 1.51E-07  0.000000E+00 0.00E+00  2.244986E-10 1.35E-10  2.244986E-10 1.35E-10  7.790811E-07 1.51E-07
   20 L2 M1  3.0643E+02  4.738079E-07 1.18E-07  0.000000E+00 0.00E+00  1.346991E-10 1.04E-10  1.346991E-10 1.04E-10  4.739426E-07 1.18E-07
   20 L3 N1  3.4975E+02  1.622599E-08 2.18E-08  0.000000E+00 0.00E+00  8.979942E-12 2.69E-11  8.979942E-12 2.69E-11  1.623497E-08 2.18E-08
   20 L2 N1  3.5359E+02  9.735595E-09 1.69E-08  0.000000E+00 0.00E+00  0.000000E+00 0.00E+00  0.000000E+00 0.00E+00  9.735595E-09 1.69E-08
   22 L3 M1  3.9535E+02  3.245198E-09 9.74E-09  0.000000E+00 0.00E+00  0.000000E+00 0.00E+00  0.000000E+00 0.00E+00  3.245198E-09 9.74E-09
   50 M5 N3  3.9882E+02  1.298079E-08 1.95E-08  0.000000E+00 0.00E+00  3.591977E-11 5.39E-11  3.591977E-11 5.39E-11  1.301671E-08 1.95E-08
   50 M4 N2  3.9993E+02  6.490397E-09 1.38E-08  0.000000E+00 0.00E+00  8.979942E-12 2.69E-11  8.979942E-12 2.69E-11  6.499377E-09 1.38E-08
   22 L2 M1  4.0137E+02  3.245198E-09 9.74E-09  0.000000E+00 0.00E+00  8.979942E-12 2.69E-11  8.979942E-12 2.69E-11  3.254178E-09 9.74E-09
   20 L1 M2  4.1543E+02  7.139436E-08 4.57E-08  0.000000E+00 0.00E+00  3.591977E-11 5.39E-11  3.591977E-11 5.39E-11  7.143028E-08 4.57E-08
   20 L1 M3  4.1580E+02  1.265627E-07 6.08E-08  0.000000E+00 0.00E+00  4.489971E-11 6.02E-11  4.489971E-11 6.02E-11  1.266076E-07 6.08E-08
   51 M5 N3  4.2973E+02  6.499377E-09 1.38E-08  0.000000E+00 0.00E+00  8.979942E-12 2.69E-11  8.979942E-12 2.69E-11  6.508357E-09 1.38E-08
   51 M4 N2  4.3077E+02  9.735595E-09 1.69E-08  0.000000E+00 0.00E+00  8.979942E-12 2.69E-11  8.979942E-12 2.69E-11  9.744575E-09 1.69E-08
    8  K L2  5.2309E+02  3.686261E-05 1.04E-06  1.622599E-08 2.18E-08  1.491568E-08 1.10E-09  3.114168E-08 2.29E-08  3.689375E-05 1.04E-06
    8  K L3  5.2313E+02  7.260222E-05 1.46E-06  3.245198E-08 3.08E-08  2.954401E-08 1.55E-09  6.199599E-08 3.23E-08  7.266422E-05 1.46E-06
   56 M5 N3  6.0214E+02  1.622599E-08 2.18E-08  0.000000E+00 0.00E+00  8.979942E-12 2.69E-11  8.979942E-12 2.69E-11  1.623497E-08 2.18E-08
   56 M4 N2  6.0243E+02  1.298079E-08 1.95E-08  0.000000E+00 0.00E+00  8.979942E-12 2.69E-11  8.979942E-12 2.69E-11  1.298977E-08 1.95E-08
   26 L3 M1  6.1530E+02  3.245198E-09 9.74E-09  0.000000E+00 0.00E+00  8.979942E-12 2.69E-11  8.979942E-12 2.69E-11  3.254178E-09 9.74E-09
   56 M4 N3  6.1829E+02  0.000000E+00 0.00E+00  0.000000E+00 0.00E+00  8.979942E-12 2.69E-11  8.979942E-12 2.69E-11  8.979942E-12 2.69E-11
   26 L2 M1  6.2780E+02  3.245198E-09 9.74E-09  0.000000E+00 0.00E+00  0.000000E+00 0.00E+00  0.000000E+00 0.00E+00  3.245198E-09 9.74E-09
   50 M3 N5  6.7793E+02  9.735595E-09 1.69E-08  0.000000E+00 0.00E+00  0.000000E+00 0.00E+00  0.000000E+00 0.00E+00  9.735595E-09 1.69E-08
   26 L3 M4  7.0480E+02  3.245198E-09 9.74E-09  0.000000E+00 0.00E+00  0.000000E+00 0.00E+00  0.000000E+00 0.00E+00  3.245198E-09 9.74E-09
   26 L3 M5  7.0480E+02  9.735595E-09 1.69E-08  0.000000E+00 0.00E+00  0.000000E+00 0.00E+00  0.000000E+00 0.00E+00  9.735595E-09 1.69E-08
   56 L1 L3  7.1740E+02  3.245198E-09 9.74E-09  0.000000E+00 0.00E+00  0.000000E+00 0.00E+00  0.000000E+00 0.00E+00  3.245198E-09 9.74E-09
   26 L2 M4  7.1832E+02  6.490397E-09 1.38E-08  0.000000E+00 0.00E+00  0.000000E+00 0.00E+00  0.000000E+00 0.00E+00  6.490397E-09 1.38E-08
   51 M2 N4  7.6729E+02  3.245198E-09 9.74E-09  0.000000E+00 0.00E+00  0.000000E+00 0.00E+00  0.000000E+00 0.00E+00  3.245198E-09 9.74E-09
   56 M5 O3  7.6849E+02  3.245198E-09 9.74E-09  0.000000E+00 0.00E+00  0.000000E+00 0.00E+00  0.000000E+00 0.00E+00  3.245198E-09 9.74E-09
   56 M4 O2  7.8234E+02  3.245198E-09 9.74E-09  0.000000E+00 0.00E+00  0.000000E+00 0.00E+00  0.000000E+00 0.00E+00  3.245198E-09 9.74E-09
   56 M4 O3  7.8464E+02  3.245198E-09 9.74E-09  0.000000E+00 0.00E+00  0.000000E+00 0.00E+00  0.000000E+00 0.00E+00  3.245198E-09 9.74E-09
   26 L1 M3  7.9220E+02  0.000000E+00 0.00E+00  0.000000E+00 0.00E+00  1.795988E-11 3.81E-11  1.795988E-11 3.81E-11  1.795988E-11 3.81E-11
   56 M3 N1  8.0065E+02  3.245198E-09 9.74E-09  0.000000E+00 0.00E+00  8.979942E-12 2.69E-11  8.979942E-12 2.69E-11  3.254178E-09 9.74E-09
   56 M3 N4  9.5484E+02  3.245198E-09 9.74E-09  0.000000E+00 0.00E+00  0.000000E+00 0.00E+00  0.000000E+00 0.00E+00  3.245198E-09 9.74E-09
   56 M3 N5  9.5754E+02  3.245198E-09 9.74E-09  0.000000E+00 0.00E+00  8.979942E-12 2.69E-11  8.979942E-12 2.69E-11  3.254178E-09 9.74E-09
   56 M3 O1  1.0186E+03  0.000000E+00 0.00E+00  0.000000E+00 0.00E+00  8.979942E-12 2.69E-11  8.979942E-12 2.69E-11  8.979942E-12 2.69E-11
   33 L3 M1  1.1198E+03  3.245198E-09 9.74E-09  0.000000E+00 0.00E+00  0.000000E+00 0.00E+00  0.000000E+00 0.00E+00  3.245198E-09 9.74E-09
   33 L2 M1  1.1550E+03  0.000000E+00 0.00E+00  0.000000E+00 0.00E+00  3.591977E-11 5.39E-11  3.591977E-11 5.39E-11  3.591977E-11 5.39E-11
   12  K L2  1.2534E+03  7.853470E-07 1.51E-07  9.735595E-09 1.69E-08  1.490670E-09 3.47E-10  1.122627E-08 1.72E-08  7.965732E-07 1.52E-07
   12  K L3  1.2537E+03  1.788113E-06 2.29E-07  3.569718E-08 3.23E-08  2.891541E-09 4.83E-10  3.858872E-08 3.28E-08  1.826702E-06 2.31E-07
   33 L3 M5  1.2820E+03  1.298079E-08 1.95E-08  0.000000E+00 0.00E+00  4.489971E-11 6.02E-11  4.489971E-11 6.02E-11  1.302569E-08 1.95E-08
   33 L3 M4  1.2820E+03  3.245198E-09 9.74E-09  0.000000E+00 0.00E+00  8.979942E-12 2.69E-11  8.979942E-12 2.69E-11  3.254178E-09 9.74E-09
   33 L2 M4  1.3170E+03  1.622599E-08 2.18E-08  0.000000E+00 0.00E+00  1.795988E-11 3.81E-11  1.795988E-11 3.81E-11  1.624395E-08 2.18E-08
   33 L1 M3  1.3885E+03  3.245198E-09 9.74E-09  0.000000E+00 0.00E+00  0.000000E+00 0.00E+00  0.000000E+00 0.00E+00  3.245198E-09 9.74E-09
   33 L1 M2  1.3885E+03  3.245198E-09 9.74E-09  0.000000E+00 0.00E+00  0.000000E+00 0.00E+00  0.000000E+00 0.00E+00  3.245198E-09 9.74E-09
   13  K L2  1.4863E+03  1.031003E-05 5.49E-07  1.395435E-07 6.38E-08  2.291681E-08 1.36E-09  1.624603E-07 6.52E-08  1.047249E-05 5.52E-07
   13  K L3  1.4867E+03  2.023389E-05 7.69E-07  2.758419E-07 8.98E-08  4.630058E-08 1.93E-09  3.221424E-07 9.17E-08  2.055603E-05 7.74E-07
   13  K M2  1.5576E+03  4.218758E-08 3.51E-08  3.245198E-09 9.74E-09  1.885788E-10 1.23E-10  3.433777E-09 9.86E-09  4.562136E-08 3.64E-08
   13  K M3  1.5576E+03  1.006011E-07 5.42E-08  3.245198E-09 9.74E-09  2.155186E-10 1.32E-10  3.460717E-09 9.87E-09  1.040619E-07 5.51E-08
   38 L3 M1  1.5822E+03  1.817311E-07 7.29E-08  0.000000E+00 0.00E+00  3.591977E-10 1.70E-10  3.591977E-10 1.70E-10  1.820903E-07 7.29E-08
   38 L2 M1  1.6493E+03  5.192317E-08 3.89E-08  0.000000E+00 0.00E+00  1.526590E-10 1.11E-10  1.526590E-10 1.11E-10  5.207583E-08 3.89E-08
   38 L3 M3  1.6715E+03  0.000000E+00 0.00E+00  0.000000E+00 0.00E+00  8.979942E-12 2.69E-11  8.979942E-12 2.69E-11  8.979942E-12 2.69E-11
   14  K L2  1.7394E+03  3.215354E-05 9.69E-07  1.947119E-08 2.38E-08  8.358530E-08 2.60E-09  1.030565E-07 2.64E-08  3.225660E-05 9.70E-07
   14  K L3  1.7400E+03  6.427458E-05 1.37E-06  3.245198E-08 3.08E-08  1.703944E-07 3.71E-09  2.028464E-07 3.45E-08  6.447742E-05 1.37E-06
   40 L3 M1  1.7921E+03  6.490397E-09 1.38E-08  0.000000E+00 0.00E+00  1.795988E-11 3.81E-11  1.795988E-11 3.81E-11  6.508357E-09 1.38E-08
   38 L3 M4  1.8048E+03  1.038463E-07 5.51E-08  0.000000E+00 0.00E+00  2.155186E-10 1.32E-10  2.155186E-10 1.32E-10  1.040619E-07 5.51E-08
   38 L3 M5  1.8066E+03  7.236792E-07 1.45E-07  0.000000E+00 0.00E+00  2.227026E-09 4.24E-10  2.227026E-09 4.24E-10  7.259062E-07 1.45E-07
   14  K M2  1.8360E+03  6.003617E-07 1.32E-07  0.000000E+00 0.00E+00  1.607410E-09 3.60E-10  1.607410E-09 3.60E-10  6.019691E-07 1.32E-07
   14  K M3  1.8360E+03  1.207214E-06 1.88E-07  0.000000E+00 0.00E+00  3.412378E-09 5.25E-10  3.412378E-09 5.25E-10  1.210626E-06 1.88E-07
   38 L2 M4  1.8717E+03  2.693515E-07 8.87E-08  0.000000E+00 0.00E+00  6.914555E-10 2.36E-10  6.914555E-10 2.36E-10  2.700429E-07 8.87E-08
   40 L2 M1  1.8766E+03  3.245198E-09 9.74E-09  0.000000E+00 0.00E+00  0.000000E+00 0.00E+00  0.000000E+00 0.00E+00  3.245198E-09 9.74E-09
   38 L3 N1  1.8960E+03  3.245198E-09 9.74E-09  0.000000E+00 0.00E+00  0.000000E+00 0.00E+00  0.000000E+00 0.00E+00  3.245198E-09 9.74E-09
   38 L1 M2  1.9364E+03  6.490397E-09 1.38E-08  0.000000E+00 0.00E+00  2.693983E-11 4.67E-11  2.693983E-11 4.67E-11  6.517336E-09 1.38E-08
   38 L1 M3  1.9472E+03  2.596159E-08 2.75E-08  0.000000E+00 0.00E+00  8.979942E-12 2.69E-11  8.979942E-12 2.69E-11  2.597057E-08 2.75E-08
   38 L2 N1  1.9657E+03  0.000000E+00 0.00E+00  0.000000E+00 0.00E+00  8.979942E-12 2.69E-11  8.979942E-12 2.69E-11  8.979942E-12 2.69E-11
   40 L3 M4  2.0402E+03  3.245198E-09 9.74E-09  0.000000E+00 0.00E+00  0.000000E+00 0.00E+00  0.000000E+00 0.00E+00  3.245198E-09 9.74E-09
   40 L3 M5  2.0425E+03  1.947119E-08 2.38E-08  0.000000E+00 0.00E+00  4.489971E-11 6.02E-11  4.489971E-11 6.02E-11  1.951609E-08 2.38E-08
   40 L2 M4  2.1244E+03  1.622599E-08 2.18E-08  0.000000E+00 0.00E+00  4.489971E-11 6.02E-11  4.489971E-11 6.02E-11  1.627089E-08 2.18E-08
   38 L1 N3  2.1729E+03  0.000000E+00 0.00E+00  0.000000E+00 0.00E+00  1.795988E-11 3.81E-11  1.795988E-11 3.81E-11  1.795988E-11 3.81E-11
   50 L3 M1  3.0450E+03  3.245198E-09 9.74E-09  0.000000E+00 0.00E+00  4.489971E-11 6.02E-11  4.489971E-11 6.02E-11  3.290098E-09 9.74E-09
   51 L3 M1  3.1886E+03  3.245198E-09 9.74E-09  0.000000E+00 0.00E+00  8.979942E-12 2.69E-11  8.979942E-12 2.69E-11  3.254178E-09 9.74E-09
   50 L2 M1  3.2724E+03  0.000000E+00 0.00E+00  0.000000E+00 0.00E+00  8.979942E-12 2.69E-11  8.979942E-12 2.69E-11  8.979942E-12 2.69E-11
   50 L3 M4  3.4374E+03  6.490397E-09 1.38E-08  0.000000E+00 0.00E+00  8.979942E-11 8.52E-11  8.979942E-11 8.52E-11  6.580196E-09 1.38E-08
   50 L3 M5  3.4440E+03  5.841357E-08 4.13E-08  0.000000E+00 0.00E+00  8.261547E-10 2.58E-10  8.261547E-10 2.58E-10  5.923972E-08 4.13E-08
   51 L3 M4  3.5954E+03  0.000000E+00 0.00E+00  0.000000E+00 0.00E+00  8.979942E-12 2.69E-11  8.979942E-12 2.69E-11  8.979942E-12 2.69E-11
   51 L3 M5  3.6048E+03  1.947119E-08 2.38E-08  0.000000E+00 0.00E+00  2.244986E-10 1.35E-10  2.244986E-10 1.35E-10  1.969569E-08 2.38E-08
   50 L2 M4  3.6628E+03  3.245198E-08 3.08E-08  0.000000E+00 0.00E+00  3.142980E-10 1.59E-10  3.142980E-10 1.59E-10  3.276628E-08 3.08E-08
   20  K L2  3.6881E+03  2.174283E-06 2.52E-07  0.000000E+00 0.00E+00  2.860112E-08 1.52E-09  2.860112E-08 1.52E-09  2.202884E-06 2.52E-07
   20  K L3  3.6917E+03  4.192805E-06 3.50E-07  0.000000E+00 0.00E+00  5.667241E-08 2.14E-09  5.667241E-08 2.14E-09  4.249478E-06 3.50E-07
   50 L1 M2  3.7083E+03  6.490397E-09 1.38E-08  0.000000E+00 0.00E+00  3.591977E-11 5.39E-11  3.591977E-11 5.39E-11  6.526316E-09 1.38E-08
   50 L1 M3  3.7504E+03  6.490397E-09 1.38E-08  0.000000E+00 0.00E+00  7.183954E-11 7.62E-11  7.183954E-11 7.62E-11  6.562236E-09 1.38E-08
   50 L3 N1  3.7840E+03  0.000000E+00 0.00E+00  0.000000E+00 0.00E+00  8.979942E-12 2.69E-11  8.979942E-12 2.69E-11  8.979942E-12 2.69E-11
   51 L2 M4  3.8436E+03  3.245198E-09 9.74E-09  0.000000E+00 0.00E+00  2.155186E-10 1.32E-10  2.155186E-10 1.32E-10  3.460717E-09 9.74E-09
   51 L1 M2  3.8864E+03  3.245198E-09 9.74E-09  0.000000E+00 0.00E+00  8.979942E-12 2.69E-11  8.979942E-12 2.69E-11  3.254178E-09 9.74E-09
   50 L3 N5  3.8944E+03  0.000000E+00 0.00E+00  0.000000E+00 0.00E+00  1.077593E-10 9.33E-11  1.077593E-10 9.33E-11  1.077593E-10 9.33E-11
   51 L1 M3  3.9327E+03  0.000000E+00 0.00E+00  0.000000E+00 0.00E+00  3.591977E-11 5.39E-11  3.591977E-11 5.39E-11  3.591977E-11 5.39E-11
   56 L3 M1  3.9542E+03  6.490397E-09 1.38E-08  0.000000E+00 0.00E+00  6.285959E-11 7.13E-11  6.285959E-11 7.13E-11  6.553256E-09 1.38E-08
   20  K M3  4.0128E+03  4.900339E-07 1.20E-07  0.000000E+00 0.00E+00  6.761896E-09 7.39E-10  6.761896E-09 7.39E-10  4.967958E-07 1.20E-07
   20  K M2  4.0128E+03  2.206735E-07 8.03E-08  0.000000E+00 0.00E+00  3.511157E-09 5.33E-10  3.511157E-09 5.33E-10  2.241846E-07 8.03E-08
   51 L3 N4  4.0886E+03  3.245198E-09 9.74E-09  0.000000E+00 0.00E+00  0.000000E+00 0.00E+00  0.000000E+00 0.00E+00  3.245198E-09 9.74E-09
   51 L3 N5  4.0899E+03  0.000000E+00 0.00E+00  0.000000E+00 0.00E+00  8.979942E-12 2.69E-11  8.979942E-12 2.69E-11  8.979942E-12 2.69E-11
   50 L2 N4  4.1273E+03  3.245198E-09 9.74E-09  0.000000E+00 0.00E+00  4.489971E-11 6.02E-11  4.489971E-11 6.02E-11  3.290098E-09 9.74E-09
   56 L2 M1  4.3310E+03  3.245198E-09 9.74E-09  0.000000E+00 0.00E+00  1.795988E-11 3.81E-11  1.795988E-11 3.81E-11  3.263158E-09 9.74E-09
   50 L1 N2  4.3367E+03  0.000000E+00 0.00E+00  0.000000E+00 0.00E+00  1.795988E-11 3.81E-11  1.795988E-11 3.81E-11  1.795988E-11 3.81E-11
   51 L2 N4  4.3441E+03  0.000000E+00 0.00E+00  0.000000E+00 0.00E+00  3.591977E-11 5.39E-11  3.591977E-11 5.39E-11  3.591977E-11 5.39E-11
   50 L1 N4  4.4068E+03  0.000000E+00 0.00E+00  0.000000E+00 0.00E+00  8.979942E-12 2.69E-11  8.979942E-12 2.69E-11  8.979942E-12 2.69E-11
   56 L3 M4  4.4509E+03  6.490397E-09 1.38E-08  0.000000E+00 0.00E+00  8.081948E-11 8.08E-11  8.081948E-11 8.08E-11  6.571216E-09 1.38E-08
   56 L3 M5  4.4663E+03  2.920678E-08 2.92E-08  0.000000E+00 0.00E+00  9.069741E-10 2.71E-10  9.069741E-10 2.71E-10  3.011376E-08 2.92E-08
   22  K L2  4.5049E+03  0.000000E+00 0.00E+00  0.000000E+00 0.00E+00  6.285959E-11 7.13E-11  6.285959E-11 7.13E-11  6.285959E-11 7.13E-11
   22  K L3  4.5109E+03  1.298079E-08 1.95E-08  0.000000E+00 0.00E+00  2.334785E-10 1.37E-10  2.334785E-10 1.37E-10  1.321427E-08 1.95E-08
   51 L1 N2  4.5567E+03  3.245198E-09 9.74E-09  0.000000E+00 0.00E+00  8.979942E-12 2.69E-11  8.979942E-12 2.69E-11  3.254178E-09 9.74E-09
   56 L2 M4  4.8276E+03  1.947119E-08 2.38E-08  0.000000E+00 0.00E+00  3.771576E-10 1.75E-10  3.771576E-10 1.75E-10  1.984835E-08 2.38E-08
   56 L1 M2  4.8520E+03  9.735595E-09 1.69E-08  0.000000E+00 0.00E+00  8.979942E-12 2.69E-11  8.979942E-12 2.69E-11  9.744575E-09 1.69E-08
   56 L1 M3  4.9270E+03  0.000000E+00 0.00E+00  0.000000E+00 0.00E+00  7.183954E-11 7.62E-11  7.183954E-11 7.62E-11  7.183954E-11 7.62E-11
   22  K M2  4.9318E+03  0.000000E+00 0.00E+00  0.000000E+00 0.00E+00  2.693983E-11 4.67E-11  2.693983E-11 4.67E-11  2.693983E-11 4.67E-11
   22  K M3  4.9318E+03  3.245198E-09 9.74E-09  0.000000E+00 0.00E+00  0.000000E+00 0.00E+00  0.000000E+00 0.00E+00  3.245198E-09 9.74E-09
   56 L3 N1  4.9871E+03  0.000000E+00 0.00E+00  0.000000E+00 0.00E+00  1.795988E-11 3.81E-11  1.795988E-11 3.81E-11  1.795988E-11 3.81E-11
   56 L3 N4  5.1412E+03  3.245198E-09 9.74E-09  0.000000E+00 0.00E+00  0.000000E+00 0.00E+00  0.000000E+00 0.00E+00  3.245198E-09 9.74E-09
   56 L3 N5  5.1439E+03  1.298079E-08 1.95E-08  0.000000E+00 0.00E+00  1.436791E-10 1.08E-10  1.436791E-10 1.08E-10  1.312447E-08 1.95E-08
   56 L2 N4  5.5281E+03  0.000000E+00 0.00E+00  0.000000E+00 0.00E+00  1.077593E-10 9.33E-11  1.077593E-10 9.33E-11  1.077593E-10 9.33E-11
   56 L1 N3  5.7724E+03  0.000000E+00 0.00E+00  0.000000E+00 0.00E+00  2.693983E-11 4.67E-11  2.693983E-11 4.67E-11  2.693983E-11 4.67E-11
   26  K L2  6.3910E+03  3.245198E-09 9.74E-09  0.000000E+00 0.00E+00  5.208366E-10 2.05E-10  5.208366E-10 2.05E-10  3.766035E-09 9.74E-09
   26  K L3  6.4040E+03  9.735595E-09 1.69E-08  0.000000E+00 0.00E+00  9.249340E-10 2.73E-10  9.249340E-10 2.73E-10  1.066053E-08 1.69E-08
   26  K M2  7.0582E+03  0.000000E+00 0.00E+00  0.000000E+00 0.00E+00  4.489971E-11 6.02E-11  4.489971E-11 6.02E-11  4.489971E-11 6.02E-11
   26  K M3  7.0582E+03  3.245198E-09 9.74E-09  0.000000E+00 0.00E+00  8.979942E-11 8.52E-11  8.979942E-11 8.52E-11  3.334998E-09 9.74E-09
   33  K L2  1.0508E+04  0.000000E+00 0.00E+00  0.000000E+00 0.00E+00  1.526590E-10 1.11E-10  1.526590E-10 1.11E-10  1.526590E-10 1.11E-10
   33  K L3  1.0543E+04  0.000000E+00 0.00E+00  0.000000E+00 0.00E+00  1.706189E-10 1.17E-10  1.706189E-10 1.17E-10  1.706189E-10 1.17E-10
   33  K M2  1.1720E+04  0.000000E+00 0.00E+00  0.000000E+00 0.00E+00  1.795988E-11 3.81E-11  1.795988E-11 3.81E-11  1.795988E-11 3.81E-11
   33  K M3  1.1726E+04  0.000000E+00 0.00E+00  0.000000E+00 0.00E+00  4.489971E-11 6.02E-11  4.489971E-11 6.02E-11  4.489971E-11 6.02E-11
   33  K N3  1.1821E+04  0.000000E+00 0.00E+00  0.000000E+00 0.00E+00  1.795988E-11 3.81E-11  1.795988E-11 3.81E-11  1.795988E-11 3.81E-11
