 #  Results from PENEPMA. Output from photon detector #  1
 #
 #  Angular intervals : theta_1 = 4.500000E+01,  theta_2 = 5.500000E+01
 #                        phi_1 = 0.000000E+00,    phi_2 = 3.600000E+02
 #  Energy window = ( 0.00000E+00, 2.00000E+04) eV, no. of channels =  1000
 #  Channel width = 2.000000E+01 eV
 #
 #  Whole spectrum. Characteristic peaks and background.
 #  1st column: photon energy (eV).
 #  2nd column: probability density (1/(eV*sr*electron)).
 #  3rd column: statistical uncertainty (3 sigma).
 #
   1.000000E+01  1.000000E-35  1.000000E-35
   3.000000E+01  1.000000E-35  1.000000E-35
   5.000001E+01  1.000000E-35  1.000000E-35
   7.000001E+01  1.000000E-35  1.000000E-35
   9.000001E+01  1.000000E-35  1.000000E-35
   1.100000E+02  9.331468E-09  1.104203E-09
   1.300000E+02  7.449377E-09  8.596655E-10
   1.500000E+02  9.081854E-09  1.763130E-09
   1.700000E+02  7.387072E-09  5.159293E-10
   1.900000E+02  7.814966E-09  5.175714E-10
   2.100000E+02  8.999936E-09  9.907680E-10
   2.300000E+02  1.003577E-08  9.928499E-10
   2.500000E+02  1.079603E-08  7.185212E-10
   2.700000E+02  1.172466E-08  2.178074E-10
   2.900000E+02  1.355826E-08  7.262536E-10
   3.100000E+02  7.735017E-08  9.579228E-09
   3.300000E+02  1.628709E-08  5.497314E-10
   3.500000E+02  1.806111E-08  1.483147E-09
   3.700000E+02  1.664197E-08  7.348007E-10
   3.900000E+02  1.884292E-08  1.315425E-09
   4.100000E+02  2.914042E-08  3.873553E-09
   4.300000E+02  2.121075E-08  1.226176E-09
   4.500000E+02  2.119643E-08  5.675203E-10
   4.700000E+02  2.243099E-08  3.013535E-10
   4.900000E+02  2.371917E-08  3.096507E-10
   5.100001E+02  2.497688E-08  8.999343E-10
   5.300001E+02  5.501719E-06  8.944577E-08
   5.500001E+02  7.565151E-09  1.748636E-10
   5.700001E+02  8.153232E-09  7.110209E-10
   5.900001E+02  8.160073E-09  1.817158E-10
   6.100001E+02  1.001929E-08  1.550316E-09
   6.300001E+02  9.151181E-09  5.227796E-10
   6.500001E+02  9.608260E-09  5.245672E-10
   6.700001E+02  1.042129E-08  8.666167E-10
   6.900001E+02  1.047016E-08  2.057839E-10
   7.100001E+02  1.207042E-08  1.392539E-09
   7.300001E+02  1.126758E-08  2.135618E-10
   7.500001E+02  1.200546E-08  5.337190E-10
   7.700001E+02  1.260953E-08  7.236096E-10
   7.900001E+02  1.300824E-08  7.246888E-10
   8.100001E+02  1.356068E-08  8.739067E-10
   8.300001E+02  1.369009E-08  5.400239E-10
   8.500001E+02  1.389062E-08  2.369125E-10
   8.700001E+02  1.451939E-08  5.431047E-10
   8.900001E+02  1.470600E-08  2.438051E-10
   9.100001E+02  1.504859E-08  2.466920E-10
   9.300001E+02  1.526186E-08  2.483172E-10
   9.500001E+02  1.588541E-08  7.326582E-10
   9.700001E+02  1.581233E-08  2.528345E-10
   9.900001E+02  1.604671E-08  2.546512E-10
   1.010000E+03  1.644766E-08  2.579210E-10
   1.030000E+03  1.651411E-08  2.584391E-10
   1.050000E+03  1.663489E-08  2.593712E-10
   1.070000E+03  1.679249E-08  2.605914E-10
   1.090000E+03  1.708120E-08  2.627290E-10
   1.110000E+03  1.728701E-08  5.533641E-10
   1.130000E+03  1.724418E-08  2.640090E-10
   1.150000E+03  1.744039E-08  2.654596E-10
   1.170000E+03  1.766461E-08  5.547096E-10
   1.190000E+03  1.752795E-08  2.661907E-10
   1.210000E+03  1.748215E-08  2.658579E-10
   1.230000E+03  1.755713E-08  2.664044E-10
   1.250000E+03  1.487604E-07  1.383056E-08
   1.270000E+03  1.773898E-08  2.677678E-10
   1.290000E+03  1.877073E-08  1.121314E-09
   1.310000E+03  1.848068E-08  1.120789E-09
   1.330000E+03  1.748215E-08  2.658920E-10
   1.350000E+03  1.764783E-08  2.669800E-10
   1.370000E+03  1.744578E-08  2.655141E-10
   1.390000E+03  1.767242E-08  7.375613E-10
   1.410000E+03  1.730794E-08  2.645083E-10
   1.430000E+03  1.720512E-08  2.637042E-10
   1.450000E+03  1.714899E-08  2.632203E-10
   1.470000E+03  1.723358E-08  5.531238E-10
   1.490000E+03  1.568320E-06  4.754964E-08
   1.510000E+03  1.692539E-08  2.614772E-10
   1.530000E+03  1.685445E-08  2.609444E-10
   1.550000E+03  2.413028E-08  3.311670E-09
   1.570000E+03  1.538488E-08  2.493564E-10
   1.590000E+03  2.409697E-08  3.651024E-09
   1.610000E+03  1.493140E-08  2.456967E-10
   1.630000E+03  1.495026E-08  2.457331E-10
   1.650000E+03  1.735334E-08  1.962362E-09
   1.670000E+03  1.470376E-08  2.437493E-10
   1.690000E+03  1.459600E-08  2.429022E-10
   1.710000E+03  1.460902E-08  2.429131E-10
   1.730000E+03  4.851221E-06  8.394085E-08
   1.750000E+03  1.456771E-08  2.426302E-10
   1.770000E+03  1.449677E-08  2.421231E-10
   1.790000E+03  1.463720E-08  7.291998E-10
   1.810000E+03  5.571859E-08  7.776890E-09
   1.830000E+03  1.048167E-07  1.149074E-08
   1.850000E+03  1.153833E-08  2.158580E-10
   1.870000E+03  2.451577E-08  4.466315E-09
   1.890000E+03  1.105493E-08  5.300630E-10
   1.910000E+03  1.072025E-08  2.081058E-10
   1.930000E+03  1.109102E-08  7.193129E-10
   1.950000E+03  1.208613E-08  1.392562E-09
   1.970000E+03  1.080107E-08  2.089392E-10
   1.990000E+03  1.069735E-08  2.079363E-10
   2.010000E+03  1.066817E-08  2.076357E-10
   2.030000E+03  1.050923E-08  2.060693E-10
   2.050000E+03  1.169533E-08  1.304357E-09
   2.070000E+03  1.055682E-08  2.065870E-10
   2.090000E+03  1.052853E-08  2.062581E-10
   2.110000E+03  1.046657E-08  2.056428E-10
   2.130000E+03  1.118268E-08  1.107548E-09
   2.150000E+03  1.045445E-08  2.055328E-10
   2.170000E+03  1.033097E-08  2.043005E-10
   2.190000E+03  1.031301E-08  2.041587E-10
   2.210000E+03  1.020885E-08  2.031187E-10
   2.230000E+03  1.018146E-08  2.028377E-10
   2.250000E+03  1.022636E-08  2.032477E-10
   2.270000E+03  1.001219E-08  2.011033E-10
   2.290000E+03  1.016215E-08  2.026636E-10
   2.310000E+03  1.006651E-08  2.016831E-10
   2.330000E+03  1.002745E-08  2.012923E-10
   2.350000E+03  9.926427E-09  2.003142E-10
   2.370000E+03  9.872996E-09  1.997031E-10
   2.390000E+03  9.780503E-09  1.988219E-10
   2.410000E+03  9.811035E-09  1.991677E-10
   2.430000E+03  9.762992E-09  1.986443E-10
   2.450000E+03  9.658376E-09  1.975888E-10
   2.470000E+03  9.551963E-09  1.965554E-10
   2.490000E+03  9.554657E-09  1.965184E-10
   2.510000E+03  9.454082E-09  1.954375E-10
   2.530000E+03  9.463511E-09  1.955440E-10
   2.550000E+03  9.362487E-09  1.944436E-10
   2.570000E+03  9.401998E-09  1.949180E-10
   2.590000E+03  9.226890E-09  1.930794E-10
   2.610000E+03  9.060761E-09  1.913556E-10
   2.630000E+03  9.117783E-09  1.919650E-10
   2.650000E+03  9.099374E-09  1.917715E-10
   2.670000E+03  9.081863E-09  1.915778E-10
   2.690000E+03  8.996105E-09  1.906921E-10
   2.710000E+03  8.873529E-09  1.893723E-10
   2.730000E+03  8.735687E-09  1.879181E-10
   2.750000E+03  8.834466E-09  1.889271E-10
   2.770000E+03  8.707400E-09  1.876143E-10
   2.790000E+03  8.720870E-09  1.877107E-10
   2.810000E+03  8.637805E-09  1.868260E-10
   2.830000E+03  8.534536E-09  1.856884E-10
   2.850000E+03  8.583926E-09  1.862435E-10
   2.870000E+03  8.492330E-09  1.852491E-10
   2.890000E+03  8.348202E-09  1.836832E-10
   2.910000E+03  8.233259E-09  1.823771E-10
   2.930000E+03  8.377836E-09  1.839886E-10
   2.950000E+03  8.114724E-09  1.810916E-10
   2.970000E+03  8.109785E-09  1.810366E-10
   2.990000E+03  8.097213E-09  1.808965E-10
   3.010000E+03  8.085539E-09  1.807261E-10
   3.030000E+03  8.072518E-09  1.806310E-10
   3.050000E+03  8.176857E-09  5.189657E-10
   3.070000E+03  7.919410E-09  1.789031E-10
   3.090000E+03  7.800875E-09  1.776026E-10
   3.110000E+03  7.849367E-09  1.781219E-10
   3.130000E+03  7.773486E-09  1.772299E-10
   3.150000E+03  7.693116E-09  1.763437E-10
   3.170000E+03  7.658992E-09  1.759117E-10
   3.190000E+03  7.743126E-09  5.172879E-10
   3.210000E+03  7.527885E-09  1.744436E-10
   3.230000E+03  7.439881E-09  1.733916E-10
   3.250000E+03  7.426860E-09  1.732296E-10
   3.270000E+03  7.427758E-09  1.732191E-10
   3.290000E+03  7.298447E-09  1.717384E-10
   3.310000E+03  7.223914E-09  1.708713E-10
   3.330000E+03  7.176769E-09  1.702712E-10
   3.350000E+03  7.093705E-09  1.693271E-10
   3.370000E+03  7.085623E-09  1.693165E-10
   3.390000E+03  6.997170E-09  1.681515E-10
   3.410000E+03  7.113011E-09  1.695249E-10
   3.430000E+03  7.404754E-09  7.088945E-10
   3.450000E+03  9.949278E-09  2.072093E-09
   3.470000E+03  6.854838E-09  1.664461E-10
   3.490000E+03  6.857083E-09  1.665060E-10
   3.510000E+03  6.803203E-09  1.658191E-10
   3.530000E+03  6.755610E-09  1.652720E-10
   3.550000E+03  6.621809E-09  1.635640E-10
   3.570000E+03  6.548173E-09  1.626643E-10
   3.590000E+03  6.601155E-09  1.633201E-10
   3.610000E+03  7.490303E-09  1.203893E-09
   3.630000E+03  6.504171E-09  1.621400E-10
   3.650000E+03  6.473640E-09  1.617372E-10
   3.670000E+03  8.149220E-09  1.547874E-09
   3.690000E+03  3.289112E-07  2.156156E-08
   3.710000E+03  6.559293E-09  7.064742E-10
   3.730000E+03  6.252733E-09  1.589462E-10
   3.750000E+03  6.563334E-09  7.064986E-10
   3.770000E+03  6.203343E-09  1.583066E-10
   3.790000E+03  6.107258E-09  1.571233E-10
   3.810000E+03  6.136892E-09  1.574689E-10
   3.830000E+03  5.992315E-09  1.555936E-10
   3.850000E+03  6.277600E-09  5.115407E-10
   3.870000E+03  5.959987E-09  1.552323E-10
   3.890000E+03  6.172535E-09  5.111155E-10
   3.910000E+03  5.847738E-09  1.537191E-10
   3.930000E+03  5.845942E-09  1.537191E-10
   3.950000E+03  6.090540E-09  7.051290E-10
   3.970000E+03  5.830227E-09  1.534772E-10
   3.990000E+03  5.653322E-09  1.511454E-10
   4.010000E+03  4.169875E-08  7.205357E-09
   4.030000E+03  5.544216E-09  1.497059E-10
   4.050000E+03  5.483152E-09  1.488439E-10
   4.070000E+03  5.533889E-09  1.495424E-10
   4.090000E+03  5.596022E-09  5.088380E-10
   4.110000E+03  5.431517E-09  1.481912E-10
   4.130000E+03  5.553817E-09  5.086670E-10
   4.150000E+03  5.328697E-09  1.467472E-10
   4.170000E+03  5.241592E-09  1.455195E-10
   4.190000E+03  5.182324E-09  1.447454E-10
   4.210000E+03  5.132934E-09  1.440047E-10
   4.230000E+03  5.138322E-09  1.441557E-10
   4.250000E+03  5.028318E-09  1.425183E-10
   4.270000E+03  5.020236E-09  1.424420E-10
   4.290000E+03  5.094770E-09  1.434562E-10
   4.310000E+03  5.080851E-09  1.432729E-10
   4.330000E+03  5.204946E-09  5.072703E-10
   4.350000E+03  4.937172E-09  1.412216E-10
   4.370000E+03  4.922355E-09  1.410612E-10
   4.390000E+03  4.902599E-09  1.407396E-10
   4.410000E+03  4.841984E-09  1.398546E-10
   4.430000E+03  4.913375E-09  1.409326E-10
   4.450000E+03  5.238344E-09  7.026809E-10
   4.470000E+03  6.243056E-09  1.466940E-09
   4.490000E+03  4.686182E-09  1.376142E-10
   4.510000E+03  5.350937E-09  9.832680E-10
   4.530000E+03  4.660589E-09  1.372647E-10
   4.550000E+03  4.798155E-09  5.056672E-10
   4.570000E+03  4.632752E-09  1.368415E-10
   4.590000E+03  4.582913E-09  1.360778E-10
   4.610000E+03  4.551034E-09  1.356308E-10
   4.630000E+03  4.496257E-09  1.347728E-10
   4.650000E+03  4.460786E-09  1.342540E-10
   4.670000E+03  4.546544E-09  1.355372E-10
   4.690000E+03  4.415886E-09  1.335909E-10
   4.710000E+03  4.281636E-09  1.315329E-10
   4.730000E+03  4.382211E-09  1.330674E-10
   4.750000E+03  4.400620E-09  1.333600E-10
   4.770000E+03  4.300943E-09  1.318151E-10
   4.790000E+03  4.289269E-09  1.316500E-10
   4.810000E+03  4.207102E-09  1.303702E-10
   4.830000E+03  5.203112E-09  1.199505E-09
   4.850000E+03  4.826785E-09  8.534666E-10
   4.870000E+03  4.226409E-09  1.307104E-10
   4.890000E+03  4.159509E-09  1.296452E-10
   4.910000E+03  4.176571E-09  1.299106E-10
   4.930000E+03  4.246786E-09  5.034435E-10
   4.950000E+03  3.981257E-09  1.268250E-10
   4.970000E+03  4.028851E-09  1.275803E-10
   4.990000E+03  3.983951E-09  1.269108E-10
   5.010001E+03  3.946684E-09  1.262879E-10
   5.030001E+03  3.976318E-09  1.267607E-10
   5.050001E+03  3.932765E-09  1.260508E-10
   5.070001E+03  3.919744E-09  1.258421E-10
   5.090001E+03  3.813781E-09  1.241160E-10
   5.110001E+03  3.785494E-09  1.236991E-10
   5.130001E+03  3.839374E-09  1.245753E-10
   5.150001E+03  4.616550E-09  1.095515E-09
   5.170001E+03  3.790882E-09  1.238163E-10
   5.190001E+03  3.779208E-09  1.235965E-10
   5.210001E+03  3.701532E-09  1.222915E-10
   5.230001E+03  3.718145E-09  1.225654E-10
   5.250001E+03  3.691654E-09  1.221431E-10
   5.270001E+03  3.711410E-09  1.224692E-10
   5.290001E+03  3.667408E-09  1.217119E-10
   5.310001E+03  3.615324E-09  1.208600E-10
   5.330001E+03  3.557404E-09  1.199339E-10
   5.350001E+03  3.549322E-09  1.197524E-10
   5.370001E+03  3.527770E-09  1.193885E-10
   5.390001E+03  3.512953E-09  1.191529E-10
   5.410001E+03  3.530015E-09  1.194720E-10
   5.430001E+03  3.598711E-09  1.205972E-10
   5.450001E+03  3.401602E-09  1.172510E-10
   5.470001E+03  3.490503E-09  1.187719E-10
   5.490001E+03  3.353110E-09  1.163818E-10
   5.510001E+03  3.402500E-09  1.172664E-10
   5.530001E+03  3.430338E-09  1.177447E-10
   5.550001E+03  3.334252E-09  1.160698E-10
   5.570001E+03  3.299230E-09  1.154591E-10
   5.590001E+03  3.318986E-09  1.158197E-10
   5.610001E+03  3.245800E-09  1.145051E-10
   5.630001E+03  3.294740E-09  1.154277E-10
   5.650001E+03  3.221105E-09  1.141165E-10
   5.670001E+03  3.231432E-09  1.142991E-10
   5.690001E+03  3.164980E-09  1.130710E-10
   5.710001E+03  3.143877E-09  1.127097E-10
   5.730001E+03  3.154204E-09  1.128945E-10
   5.750001E+03  3.189675E-09  1.135591E-10
   5.770001E+03  3.080120E-09  1.115779E-10
   5.790001E+03  3.102121E-09  1.119753E-10
   5.810001E+03  3.098529E-09  1.118781E-10
   5.830001E+03  3.073385E-09  1.114234E-10
   5.850001E+03  3.103917E-09  1.120077E-10
   5.870001E+03  3.074283E-09  1.114397E-10
   5.890001E+03  3.007382E-09  1.102703E-10
   5.910001E+03  2.942727E-09  1.090467E-10
   5.930001E+03  2.933298E-09  1.088553E-10
   5.950001E+03  3.003790E-09  1.101716E-10
   5.970001E+03  2.973708E-09  1.096519E-10
   5.990001E+03  2.947666E-09  1.091215E-10
   6.010001E+03  2.952605E-09  1.092294E-10
   6.030001E+03  2.927012E-09  1.087553E-10
   6.050001E+03  2.904113E-09  1.083293E-10
   6.070001E+03  2.792313E-09  1.062250E-10
   6.090001E+03  2.910848E-09  1.084715E-10
   6.110001E+03  2.852478E-09  1.073626E-10
   6.130001E+03  2.721820E-09  1.048765E-10
   6.150001E+03  2.790517E-09  1.062079E-10
   6.170001E+03  2.717779E-09  1.048159E-10
   6.190001E+03  2.781088E-09  1.060114E-10
   6.210001E+03  2.755944E-09  1.055314E-10
   6.230001E+03  2.670186E-09  1.038601E-10
   6.250001E+03  2.716881E-09  1.047640E-10
   6.270001E+03  2.606877E-09  1.026218E-10
   6.290001E+03  2.631572E-09  1.031066E-10
   6.310001E+03  2.634715E-09  1.032033E-10
   6.330001E+03  2.605530E-09  1.026130E-10
   6.350001E+03  2.596550E-09  1.024184E-10
   6.370001E+03  2.561528E-09  1.017791E-10
   6.390001E+03  2.716155E-09  4.972712E-10
   6.410001E+03  3.095004E-09  8.493563E-10
   6.430001E+03  2.517975E-09  1.008573E-10
   6.450001E+03  2.494179E-09  1.003797E-10
   6.470001E+03  2.535935E-09  1.012342E-10
   6.490001E+03  2.468137E-09  9.987262E-11
   6.510001E+03  2.452871E-09  9.954525E-11
   6.530001E+03  2.456014E-09  9.960899E-11
   6.550001E+03  2.489689E-09  1.002893E-10
   6.570001E+03  2.454218E-09  9.957257E-11
   6.590001E+03  2.484750E-09  1.001899E-10
   6.610001E+03  2.435360E-09  9.918939E-11
   6.630001E+03  2.359480E-09  9.765089E-11
   6.650001E+03  2.331642E-09  9.705481E-11
   6.670001E+03  2.282252E-09  9.605943E-11
   6.690001E+03  2.258006E-09  9.551036E-11
   6.710001E+03  2.278660E-09  9.596498E-11
   6.730001E+03  2.316825E-09  9.674602E-11
   6.750001E+03  2.319070E-09  9.679287E-11
   6.770001E+03  2.273721E-09  9.584206E-11
   6.790001E+03  2.248128E-09  9.530128E-11
   6.810001E+03  2.257557E-09  9.550087E-11
   6.830001E+03  2.244536E-09  9.524418E-11
   6.850001E+03  2.250822E-09  9.543442E-11
   6.870001E+03  2.217147E-09  9.464250E-11
   6.890001E+03  2.225678E-09  9.482436E-11
   6.910001E+03  2.148451E-09  9.320406E-11
   6.930001E+03  2.183024E-09  9.391155E-11
   6.950001E+03  2.156084E-09  9.334986E-11
   6.970001E+03  2.155186E-09  9.331099E-11
   6.990001E+03  2.083346E-09  9.174300E-11
   7.010001E+03  2.085591E-09  9.179241E-11
   7.030001E+03  2.175391E-09  9.376661E-11
   7.050001E+03  2.275240E-09  4.954701E-10
   7.070001E+03  2.118817E-09  9.252052E-11
   7.090001E+03  2.025875E-09  9.048907E-11
   7.110001E+03  2.051917E-09  9.104850E-11
   7.130001E+03  2.086040E-09  9.180228E-11
   7.150001E+03  2.035753E-09  9.068926E-11
   7.170001E+03  2.034855E-09  9.068927E-11
   7.190001E+03  1.944157E-09  8.862603E-11
   7.210001E+03  2.051917E-09  9.104850E-11
   7.230001E+03  1.958076E-09  8.894265E-11
   7.250001E+03  1.963015E-09  8.905472E-11
   7.270001E+03  1.918564E-09  8.804089E-11
   7.290001E+03  1.986812E-09  8.959276E-11
   7.310001E+03  1.987261E-09  8.964337E-11
   7.330001E+03  1.891176E-09  8.741034E-11
   7.350001E+03  1.913625E-09  8.794815E-11
   7.370001E+03  1.947300E-09  8.869762E-11
   7.390001E+03  1.883992E-09  8.724420E-11
   7.410001E+03  1.857950E-09  8.666019E-11
   7.430001E+03  1.871420E-09  8.697354E-11
   7.450001E+03  1.820234E-09  8.575555E-11
   7.470001E+03  1.908237E-09  8.780367E-11
   7.490001E+03  1.804519E-09  8.538464E-11
   7.510001E+03  1.809458E-09  8.550138E-11
   7.530001E+03  1.882645E-09  8.721301E-11
   7.550001E+03  1.813948E-09  8.560738E-11
   7.570001E+03  1.812152E-09  8.556500E-11
   7.590001E+03  1.789253E-09  8.502278E-11
   7.610001E+03  1.772191E-09  8.463795E-11
   7.630001E+03  1.719210E-09  8.334231E-11
   7.650001E+03  1.766803E-09  8.448781E-11
   7.670001E+03  1.719210E-09  8.334231E-11
   7.690001E+03  1.793294E-09  8.511871E-11
   7.710001E+03  1.712026E-09  8.316803E-11
   7.730001E+03  1.676106E-09  8.229110E-11
   7.750001E+03  1.670718E-09  8.215875E-11
   7.770001E+03  1.699454E-09  8.286216E-11
   7.790001E+03  1.639737E-09  8.139358E-11
   7.810001E+03  1.628512E-09  8.111456E-11
   7.830001E+03  1.644227E-09  8.150492E-11
   7.850001E+03  1.662636E-09  8.200410E-11
   7.870001E+03  1.644676E-09  8.151605E-11
   7.890001E+03  1.608756E-09  8.062114E-11
   7.910001E+03  1.620430E-09  8.093549E-11
   7.930001E+03  1.573735E-09  7.976168E-11
   7.950001E+03  1.586307E-09  8.005674E-11
   7.970001E+03  1.605613E-09  8.056488E-11
   7.990001E+03  1.527039E-09  7.854722E-11
   8.010001E+03  1.541407E-09  7.891582E-11
   8.030001E+03  1.571939E-09  7.973894E-11
   8.050001E+03  1.540509E-09  7.889283E-11
   8.070001E+03  1.554428E-09  7.929415E-11
   8.090001E+03  1.485731E-09  7.747773E-11
   8.110001E+03  1.538713E-09  7.884684E-11
   8.130001E+03  1.542754E-09  7.895029E-11
   8.150001E+03  1.489772E-09  7.758301E-11
   8.170001E+03  1.477200E-09  7.727850E-11
   8.190001E+03  1.464179E-09  7.691383E-11
   8.210001E+03  1.487078E-09  7.751284E-11
   8.230001E+03  1.448465E-09  7.650003E-11
   8.250001E+03  1.441281E-09  7.631012E-11
   8.270001E+03  1.403565E-09  7.530521E-11
   8.290001E+03  1.394136E-09  7.507605E-11
   8.310001E+03  1.408953E-09  7.544959E-11
   8.330001E+03  1.388748E-09  7.490673E-11
   8.350001E+03  1.410749E-09  7.549765E-11
   8.370001E+03  1.397728E-09  7.517262E-11
   8.390001E+03  1.354175E-09  7.396860E-11
   8.410001E+03  1.364053E-09  7.431113E-11
   8.430001E+03  1.384707E-09  7.482194E-11
   8.450001E+03  1.366298E-09  7.429890E-11
   8.470001E+03  1.314214E-09  7.286921E-11
   8.490001E+03  1.286377E-09  7.209343E-11
   8.510001E+03  1.311071E-09  7.278204E-11
   8.530001E+03  1.281887E-09  7.196752E-11
   8.550001E+03  1.316459E-09  7.293141E-11
   8.570001E+03  1.355073E-09  7.399312E-11
   8.590001E+03  1.317357E-09  7.295628E-11
   8.610001E+03  1.281887E-09  7.196752E-11
   8.630001E+03  1.296704E-09  7.240725E-11
   8.650001E+03  1.301642E-09  7.254490E-11
   8.670001E+03  1.266621E-09  7.153777E-11
   8.690001E+03  1.258539E-09  7.130921E-11
   8.710001E+03  1.286377E-09  7.209343E-11
   8.730001E+03  1.215884E-09  7.009054E-11
   8.750001E+03  1.207353E-09  6.984426E-11
   8.770001E+03  1.226660E-09  7.042618E-11
   8.790001E+03  1.194332E-09  6.946666E-11
   8.810001E+03  1.226660E-09  7.040041E-11
   8.830001E+03  1.149881E-09  6.816187E-11
   8.850001E+03  1.203312E-09  6.975331E-11
   8.870001E+03  1.167841E-09  6.869205E-11
   8.890001E+03  1.140902E-09  6.789523E-11
   8.910001E+03  1.137759E-09  6.780166E-11
   8.930001E+03  1.184454E-09  6.917884E-11
   8.950001E+03  1.157065E-09  6.837443E-11
   8.970001E+03  1.175474E-09  6.891613E-11
   8.990001E+03  1.118901E-09  6.723749E-11
   9.010001E+03  1.137310E-09  6.778828E-11
   9.030001E+03  1.146289E-09  6.805534E-11
   9.050001E+03  1.175923E-09  6.892929E-11
   9.070001E+03  1.091961E-09  6.642322E-11
   9.090001E+03  1.120697E-09  6.729142E-11
   9.110001E+03  1.095104E-09  6.651873E-11
   9.130001E+03  1.150330E-09  6.820178E-11
   9.150001E+03  1.088369E-09  6.631389E-11
   9.170001E+03  1.072205E-09  6.581968E-11
   9.190001E+03  1.076246E-09  6.594358E-11
   9.210001E+03  1.033142E-09  6.460972E-11
   9.230001E+03  1.057388E-09  6.536337E-11
   9.250001E+03  1.041673E-09  6.487589E-11
   9.270001E+03  1.038979E-09  6.479196E-11
   9.290001E+03  1.036734E-09  6.472193E-11
   9.310001E+03  1.046163E-09  6.501554E-11
   9.330001E+03  1.018774E-09  6.415894E-11
   9.350001E+03  1.046163E-09  6.501554E-11
   9.370001E+03  1.021917E-09  6.425782E-11
   9.390001E+03  9.774666E-10  6.284491E-11
   9.410001E+03  9.684867E-10  6.258460E-11
   9.430001E+03  1.026407E-09  6.442698E-11
   9.450001E+03  9.859975E-10  6.311853E-11
   9.470001E+03  9.922835E-10  6.334803E-11
   9.490001E+03  9.909365E-10  6.327640E-11
   9.510001E+03  9.514248E-10  6.200219E-11
   9.530001E+03  9.572617E-10  6.219207E-11
   9.550001E+03  9.532208E-10  6.206068E-11
   9.570001E+03  9.424448E-10  6.170893E-11
   9.590001E+03  9.195460E-10  6.098447E-11
   9.610001E+03  9.397508E-10  6.162067E-11
   9.630001E+03  9.177500E-10  6.089517E-11
   9.650001E+03  9.397508E-10  6.162067E-11
   9.670001E+03  9.101170E-10  6.067134E-11
   9.690001E+03  9.226890E-10  6.105879E-11
   9.710001E+03  8.759933E-10  5.949384E-11
   9.730001E+03  8.697073E-10  5.928002E-11
   9.750001E+03  8.580334E-10  5.888086E-11
   9.770001E+03  8.836262E-10  5.975245E-11
   9.790001E+03  8.961981E-10  6.017598E-11
   9.810001E+03  8.984431E-10  6.025130E-11
   9.830001E+03  8.903612E-10  5.997971E-11
   9.850001E+03  8.813812E-10  5.967651E-11
   9.870001E+03  8.189706E-10  5.752508E-11
   9.890001E+03  8.396245E-10  5.824586E-11
   9.910001E+03  8.355835E-10  5.810554E-11
   9.930001E+03  7.920308E-10  5.660318E-11
   9.950001E+03  8.602784E-10  5.898860E-11
   9.970001E+03  8.665643E-10  5.917282E-11
   9.990001E+03  8.319915E-10  5.798053E-11
   1.001000E+04  8.095417E-10  5.719300E-11
   1.003000E+04  8.095417E-10  5.722471E-11
   1.005000E+04  7.866428E-10  5.637838E-11
   1.007000E+04  7.920308E-10  5.657111E-11
   1.009000E+04  8.081947E-10  5.714540E-11
   1.011000E+04  7.718259E-10  5.584495E-11
   1.013000E+04  7.803569E-10  5.615270E-11
   1.015000E+04  7.579070E-10  5.533915E-11
   1.017000E+04  7.677850E-10  5.569857E-11
   1.019000E+04  7.579070E-10  5.533915E-11
   1.021000E+04  7.646420E-10  5.558446E-11
   1.023000E+04  7.381512E-10  5.461320E-11
   1.025000E+04  7.390492E-10  5.464641E-11
   1.027000E+04  7.763159E-10  5.600713E-11
   1.029000E+04  7.516211E-10  5.510921E-11
   1.031000E+04  7.291712E-10  5.428002E-11
   1.033000E+04  7.345592E-10  5.448017E-11
   1.035000E+04  7.354572E-10  5.451346E-11
   1.037000E+04  7.026804E-10  5.328498E-11
   1.039000E+04  7.125583E-10  5.365817E-11
   1.041000E+04  7.174973E-10  5.384379E-11
   1.043000E+04  7.035784E-10  5.331901E-11
   1.045000E+04  7.089664E-10  5.352276E-11
   1.047000E+04  6.959454E-10  5.302902E-11
   1.049000E+04  6.963944E-10  5.304613E-11
   1.051000E+04  6.932515E-10  5.292630E-11
   1.053000E+04  6.470048E-10  5.116608E-11
   1.055000E+04  6.874145E-10  5.270303E-11
   1.057000E+04  6.488007E-10  5.120152E-11
   1.059000E+04  6.905575E-10  5.282337E-11
   1.061000E+04  6.393718E-10  5.082813E-11
   1.063000E+04  6.443108E-10  5.102406E-11
   1.065000E+04  6.699036E-10  5.202748E-11
   1.067000E+04  6.568827E-10  5.151941E-11
   1.069000E+04  6.290449E-10  5.045199E-11
   1.071000E+04  6.137790E-10  4.980054E-11
   1.073000E+04  6.389228E-10  5.081028E-11
   1.075000E+04  6.335348E-10  5.059561E-11
   1.077000E+04  6.160240E-10  4.989153E-11
   1.079000E+04  5.868392E-10  4.869543E-11
   1.081000E+04  5.931251E-10  4.895552E-11
   1.083000E+04  6.182689E-10  4.998235E-11
   1.085000E+04  6.425148E-10  5.095290E-11
   1.087000E+04  5.774102E-10  4.830267E-11
   1.089000E+04  5.881861E-10  4.875128E-11
   1.091000E+04  5.908801E-10  4.886279E-11
   1.093000E+04  5.634913E-10  4.771697E-11
   1.095000E+04  5.576543E-10  4.746920E-11
   1.097000E+04  5.747162E-10  4.822750E-11
   1.099000E+04  5.607973E-10  4.760278E-11
   1.101000E+04  5.720223E-10  4.807680E-11
   1.103000E+04  5.625933E-10  4.767894E-11
   1.105000E+04  5.756142E-10  4.822750E-11
   1.107000E+04  5.334085E-10  4.642586E-11
   1.109000E+04  5.405925E-10  4.673743E-11
   1.111000E+04  5.320615E-10  4.636721E-11
   1.113000E+04  5.495724E-10  4.712399E-11
   1.115000E+04  5.163466E-10  4.567737E-11
   1.117000E+04  5.136526E-10  4.555806E-11
   1.119000E+04  5.329595E-10  4.640632E-11
   1.121000E+04  5.145506E-10  4.559787E-11
   1.123000E+04  4.912028E-10  4.455141E-11
   1.125000E+04  5.087137E-10  4.533852E-11
   1.127000E+04  5.069177E-10  4.525842E-11
   1.129000E+04  5.019787E-10  4.503741E-11
   1.131000E+04  4.732429E-10  4.372940E-11
   1.133000E+04  5.158976E-10  4.565751E-11
   1.135000E+04  5.123056E-10  4.549829E-11
   1.137000E+04  4.709979E-10  4.362556E-11
   1.139000E+04  4.822228E-10  4.414232E-11
   1.141000E+04  4.503440E-10  4.265837E-11
   1.143000E+04  4.974887E-10  4.487600E-11
   1.145000E+04  4.732429E-10  4.372940E-11
   1.147000E+04  4.772839E-10  4.391569E-11
   1.149000E+04  4.516910E-10  4.272211E-11
   1.151000E+04  4.723449E-10  4.368789E-11
   1.153000E+04  4.647120E-10  4.333348E-11
   1.155000E+04  4.759369E-10  4.385368E-11
   1.157000E+04  4.651610E-10  4.335441E-11
   1.159000E+04  4.341802E-10  4.188586E-11
   1.161000E+04  4.274452E-10  4.155974E-11
   1.163000E+04  4.633650E-10  4.327064E-11
   1.165000E+04  4.359761E-10  4.197239E-11
   1.167000E+04  4.247512E-10  4.142857E-11
   1.169000E+04  4.269962E-10  4.153791E-11
   1.171000E+04  4.090363E-10  4.065500E-11
   1.173000E+04  4.130773E-10  4.085532E-11
   1.175000E+04  4.180163E-10  4.109882E-11
   1.177000E+04  4.301392E-10  4.169049E-11
   1.179000E+04  4.090363E-10  4.065500E-11
   1.181000E+04  4.189143E-10  4.114294E-11
   1.183000E+04  3.982604E-10  4.011593E-11
   1.185000E+04  3.928724E-10  3.984366E-11
   1.187000E+04  4.081383E-10  4.061035E-11
   1.189000E+04  3.942194E-10  3.991190E-11
   1.191000E+04  3.834435E-10  3.936265E-11
   1.193000E+04  3.955664E-10  3.998002E-11
   1.195000E+04  3.906274E-10  3.972966E-11
   1.197000E+04  3.915254E-10  3.977530E-11
   1.199000E+04  3.767085E-10  3.901544E-11
   1.201000E+04  3.493197E-10  3.757042E-11
   1.203000E+04  3.785045E-10  3.910833E-11
   1.205000E+04  3.735656E-10  3.885235E-11
   1.207000E+04  3.542587E-10  3.783508E-11
   1.209000E+04  3.609936E-10  3.819302E-11
   1.211000E+04  3.542587E-10  3.783508E-11
   1.213000E+04  3.578507E-10  3.802640E-11
   1.215000E+04  3.686266E-10  3.859467E-11
   1.217000E+04  3.389928E-10  3.701093E-11
   1.219000E+04  3.300128E-10  3.651744E-11
   1.221000E+04  3.286658E-10  3.644285E-11
   1.223000E+04  3.214819E-10  3.604238E-11
   1.225000E+04  3.349518E-10  3.678968E-11
   1.227000E+04  3.219309E-10  3.606754E-11
   1.229000E+04  3.380948E-10  3.696187E-11
   1.231000E+04  3.210329E-10  3.601720E-11
   1.233000E+04  3.318088E-10  3.661667E-11
   1.235000E+04  3.053180E-10  3.512463E-11
   1.237000E+04  3.021750E-10  3.494338E-11
   1.239000E+04  3.080120E-10  3.527925E-11
   1.241000E+04  2.949911E-10  3.452552E-11
   1.243000E+04  2.774802E-10  3.348515E-11
   1.245000E+04  2.878071E-10  3.410254E-11
   1.247000E+04  2.999300E-10  3.481334E-11
   1.249000E+04  2.900521E-10  3.423528E-11
   1.251000E+04  2.878071E-10  3.410254E-11
   1.253000E+04  2.667043E-10  3.282853E-11
   1.255000E+04  2.896031E-10  3.420878E-11
   1.257000E+04  2.815212E-10  3.372808E-11
   1.259000E+04  2.734392E-10  3.324044E-11
   1.261000E+04  2.680512E-10  3.291133E-11
   1.263000E+04  2.905011E-10  3.426177E-11
   1.265000E+04  2.514384E-10  3.187518E-11
   1.267000E+04  2.348255E-10  3.080420E-11
   1.269000E+04  2.523363E-10  3.193205E-11
   1.271000E+04  2.415604E-10  3.124280E-11
   1.273000E+04  2.442544E-10  3.141653E-11
   1.275000E+04  2.581733E-10  3.229925E-11
   1.277000E+04  2.599693E-10  3.241139E-11
   1.279000E+04  2.451524E-10  3.147423E-11
   1.281000E+04  2.442544E-10  3.141653E-11
   1.283000E+04  2.285395E-10  3.038912E-11
   1.285000E+04  2.298865E-10  3.047854E-11
   1.287000E+04  2.218045E-10  2.993800E-11
   1.289000E+04  2.312335E-10  3.056770E-11
   1.291000E+04  2.316825E-10  3.059736E-11
   1.293000E+04  2.209066E-10  2.987734E-11
   1.295000E+04  2.325805E-10  3.065660E-11
   1.297000E+04  2.195596E-10  2.978611E-11
   1.299000E+04  2.253965E-10  3.017944E-11
   1.301000E+04  2.204576E-10  2.984696E-11
   1.303000E+04  2.128246E-10  2.932572E-11
   1.305000E+04  2.298865E-10  3.047854E-11
   1.307000E+04  1.863338E-10  2.744001E-11
   1.309000E+04  2.083346E-10  2.901474E-11
   1.311000E+04  1.899258E-10  2.770322E-11
   1.313000E+04  1.921707E-10  2.786647E-11
   1.315000E+04  1.854358E-10  2.737381E-11
   1.317000E+04  1.912727E-10  2.780129E-11
   1.319000E+04  1.849868E-10  2.734065E-11
   1.321000E+04  1.827418E-10  2.717425E-11
   1.323000E+04  1.876808E-10  2.753901E-11
   1.325000E+04  1.881298E-10  2.757193E-11
   1.327000E+04  1.827418E-10  2.717425E-11
   1.329000E+04  1.647819E-10  2.580440E-11
   1.331000E+04  1.706189E-10  2.625744E-11
   1.333000E+04  1.674759E-10  2.601448E-11
   1.335000E+04  1.629859E-10  2.566339E-11
   1.337000E+04  1.535570E-10  2.491002E-11
   1.339000E+04  1.652309E-10  2.583953E-11
   1.341000E+04  1.697209E-10  2.618825E-11
   1.343000E+04  1.656799E-10  2.587461E-11
   1.345000E+04  1.647819E-10  2.580440E-11
   1.347000E+04  1.495160E-10  2.458008E-11
   1.349000E+04  1.472710E-10  2.439485E-11
   1.351000E+04  1.391891E-10  2.371604E-11
   1.353000E+04  1.575980E-10  2.523565E-11
   1.355000E+04  1.436791E-10  2.409552E-11
   1.357000E+04  1.499650E-10  2.461695E-11
   1.359000E+04  1.342501E-10  2.329148E-11
   1.361000E+04  1.450260E-10  2.420820E-11
   1.363000E+04  1.369441E-10  2.352401E-11
   1.365000E+04  1.378421E-10  2.360101E-11
   1.367000E+04  1.320051E-10  2.309592E-11
   1.369000E+04  1.454750E-10  2.424564E-11
   1.371000E+04  1.180862E-10  2.184438E-11
   1.373000E+04  1.364951E-10  2.348541E-11
   1.375000E+04  1.275152E-10  2.269974E-11
   1.377000E+04  1.068613E-10  2.078024E-11
   1.379000E+04  1.212292E-10  2.213317E-11
   1.381000E+04  1.095553E-10  2.104055E-11
   1.383000E+04  1.176372E-10  2.180281E-11
   1.385000E+04  1.086573E-10  2.095414E-11
   1.387000E+04  1.144942E-10  2.150959E-11
   1.389000E+04  1.014733E-10  2.024960E-11
   1.391000E+04  9.922835E-11  2.002435E-11
   1.393000E+04  1.086573E-10  2.095414E-11
   1.395000E+04  1.050653E-10  2.060488E-11
   1.397000E+04  9.967735E-11  2.006960E-11
   1.399000E+04  9.833036E-11  1.993354E-11
   1.401000E+04  9.563637E-11  1.965858E-11
   1.403000E+04  8.665643E-11  1.871291E-11
   1.405000E+04  9.518738E-11  1.961238E-11
   1.407000E+04  8.575844E-11  1.861570E-11
   1.409000E+04  8.665643E-11  1.871291E-11
   1.411000E+04  7.588050E-11  1.751081E-11
   1.413000E+04  8.216646E-11  1.822167E-11
   1.415000E+04  8.755443E-11  1.880962E-11
   1.417000E+04  7.139053E-11  1.698484E-11
   1.419000E+04  8.171746E-11  1.817182E-11
   1.421000E+04  6.734956E-11  1.649714E-11
   1.423000E+04  7.588050E-11  1.751081E-11
   1.425000E+04  6.869655E-11  1.666130E-11
   1.427000E+04  7.947248E-11  1.792047E-11
   1.429000E+04  6.690056E-11  1.644206E-11
   1.431000E+04  7.363552E-11  1.724983E-11
   1.433000E+04  7.049254E-11  1.687768E-11
   1.435000E+04  6.510457E-11  1.621986E-11
   1.437000E+04  5.926761E-11  1.547570E-11
   1.439000E+04  5.881861E-11  1.541697E-11
   1.441000E+04  5.657363E-11  1.511989E-11
   1.443000E+04  5.702263E-11  1.517977E-11
   1.445000E+04  4.714469E-11  1.380252E-11
   1.447000E+04  5.028767E-11  1.425517E-11
   1.449000E+04  4.534870E-11  1.353706E-11
   1.451000E+04  5.028767E-11  1.425517E-11
   1.453000E+04  4.355271E-11  1.326629E-11
   1.455000E+04  3.636876E-11  1.212290E-11
   1.457000E+04  3.816475E-11  1.241862E-11
   1.459000E+04  3.636876E-11  1.212290E-11
   1.461000E+04  2.918481E-11  1.085977E-11
   1.463000E+04  3.187879E-11  1.134993E-11
   1.465000E+04  2.963381E-11  1.094299E-11
   1.467000E+04  3.547077E-11  1.197230E-11
   1.469000E+04  3.412378E-11  1.174277E-11
   1.471000E+04  3.502177E-11  1.189628E-11
   1.473000E+04  2.559283E-11  1.016955E-11
   1.475000E+04  3.367478E-11  1.166526E-11
   1.477000E+04  2.244985E-11  9.524654E-12
   1.479000E+04  1.751089E-11  8.411949E-12
   1.481000E+04  2.065386E-11  9.135728E-12
   1.483000E+04  2.334785E-11  9.713279E-12
   1.485000E+04  1.751089E-11  8.411949E-12
   1.487000E+04  1.302091E-11  7.253764E-12
   1.489000E+04  9.877935E-12  6.317945E-12
   1.491000E+04  1.077593E-11  6.598878E-12
   1.493000E+04  8.530944E-12  5.871396E-12
   1.495000E+04  5.836962E-12  4.856644E-12
   1.497000E+04  7.183953E-12  5.387963E-12
   1.499000E+04  7.183953E-12  5.387963E-12
   1.501000E+04  1.000000E-35  1.000000E-35
   1.503000E+04  1.000000E-35  1.000000E-35
   1.505000E+04  1.000000E-35  1.000000E-35
   1.507000E+04  1.000000E-35  1.000000E-35
   1.509000E+04  1.000000E-35  1.000000E-35
   1.511000E+04  1.000000E-35  1.000000E-35
   1.513000E+04  1.000000E-35  1.000000E-35
   1.515000E+04  1.000000E-35  1.000000E-35
   1.517000E+04  1.000000E-35  1.000000E-35
   1.519000E+04  1.000000E-35  1.000000E-35
   1.521000E+04  1.000000E-35  1.000000E-35
   1.523000E+04  1.000000E-35  1.000000E-35
   1.525000E+04  1.000000E-35  1.000000E-35
   1.527000E+04  1.000000E-35  1.000000E-35
   1.529000E+04  1.000000E-35  1.000000E-35
   1.531000E+04  1.000000E-35  1.000000E-35
   1.533000E+04  1.000000E-35  1.000000E-35
   1.535000E+04  1.000000E-35  1.000000E-35
   1.537000E+04  1.000000E-35  1.000000E-35
   1.539000E+04  1.000000E-35  1.000000E-35
   1.541000E+04  1.000000E-35  1.000000E-35
   1.543000E+04  1.000000E-35  1.000000E-35
   1.545000E+04  1.000000E-35  1.000000E-35
   1.547000E+04  1.000000E-35  1.000000E-35
   1.549000E+04  1.000000E-35  1.000000E-35
   1.551000E+04  1.000000E-35  1.000000E-35
   1.553000E+04  1.000000E-35  1.000000E-35
   1.555000E+04  1.000000E-35  1.000000E-35
   1.557000E+04  1.000000E-35  1.000000E-35
   1.559000E+04  1.000000E-35  1.000000E-35
   1.561000E+04  1.000000E-35  1.000000E-35
   1.563000E+04  1.000000E-35  1.000000E-35
   1.565000E+04  1.000000E-35  1.000000E-35
   1.567000E+04  1.000000E-35  1.000000E-35
   1.569000E+04  1.000000E-35  1.000000E-35
   1.571000E+04  1.000000E-35  1.000000E-35
   1.573000E+04  1.000000E-35  1.000000E-35
   1.575000E+04  1.000000E-35  1.000000E-35
   1.577000E+04  1.000000E-35  1.000000E-35
   1.579000E+04  1.000000E-35  1.000000E-35
   1.581000E+04  1.000000E-35  1.000000E-35
   1.583000E+04  1.000000E-35  1.000000E-35
   1.585000E+04  1.000000E-35  1.000000E-35
   1.587000E+04  1.000000E-35  1.000000E-35
   1.589000E+04  1.000000E-35  1.000000E-35
   1.591000E+04  1.000000E-35  1.000000E-35
   1.593000E+04  1.000000E-35  1.000000E-35
   1.595000E+04  1.000000E-35  1.000000E-35
   1.597000E+04  1.000000E-35  1.000000E-35
   1.599000E+04  1.000000E-35  1.000000E-35
   1.601000E+04  1.000000E-35  1.000000E-35
   1.603000E+04  1.000000E-35  1.000000E-35
   1.605000E+04  1.000000E-35  1.000000E-35
   1.607000E+04  1.000000E-35  1.000000E-35
   1.609000E+04  1.000000E-35  1.000000E-35
   1.611000E+04  1.000000E-35  1.000000E-35
   1.613000E+04  1.000000E-35  1.000000E-35
   1.615000E+04  1.000000E-35  1.000000E-35
   1.617000E+04  1.000000E-35  1.000000E-35
   1.619000E+04  1.000000E-35  1.000000E-35
   1.621000E+04  1.000000E-35  1.000000E-35
   1.623000E+04  1.000000E-35  1.000000E-35
   1.625000E+04  1.000000E-35  1.000000E-35
   1.627000E+04  1.000000E-35  1.000000E-35
   1.629000E+04  1.000000E-35  1.000000E-35
   1.631000E+04  1.000000E-35  1.000000E-35
   1.633000E+04  1.000000E-35  1.000000E-35
   1.635000E+04  1.000000E-35  1.000000E-35
   1.637000E+04  1.000000E-35  1.000000E-35
   1.639000E+04  1.000000E-35  1.000000E-35
   1.641000E+04  1.000000E-35  1.000000E-35
   1.643000E+04  1.000000E-35  1.000000E-35
   1.645000E+04  1.000000E-35  1.000000E-35
   1.647000E+04  1.000000E-35  1.000000E-35
   1.649000E+04  1.000000E-35  1.000000E-35
   1.651000E+04  1.000000E-35  1.000000E-35
   1.653000E+04  1.000000E-35  1.000000E-35
   1.655000E+04  1.000000E-35  1.000000E-35
   1.657000E+04  1.000000E-35  1.000000E-35
   1.659000E+04  1.000000E-35  1.000000E-35
   1.661000E+04  1.000000E-35  1.000000E-35
   1.663000E+04  1.000000E-35  1.000000E-35
   1.665000E+04  1.000000E-35  1.000000E-35
   1.667000E+04  1.000000E-35  1.000000E-35
   1.669000E+04  1.000000E-35  1.000000E-35
   1.671000E+04  1.000000E-35  1.000000E-35
   1.673000E+04  1.000000E-35  1.000000E-35
   1.675000E+04  1.000000E-35  1.000000E-35
   1.677000E+04  1.000000E-35  1.000000E-35
   1.679000E+04  1.000000E-35  1.000000E-35
   1.681000E+04  1.000000E-35  1.000000E-35
   1.683000E+04  1.000000E-35  1.000000E-35
   1.685000E+04  1.000000E-35  1.000000E-35
   1.687000E+04  1.000000E-35  1.000000E-35
   1.689000E+04  1.000000E-35  1.000000E-35
   1.691000E+04  1.000000E-35  1.000000E-35
   1.693000E+04  1.000000E-35  1.000000E-35
   1.695000E+04  1.000000E-35  1.000000E-35
   1.697000E+04  1.000000E-35  1.000000E-35
   1.699000E+04  1.000000E-35  1.000000E-35
   1.701000E+04  1.000000E-35  1.000000E-35
   1.703000E+04  1.000000E-35  1.000000E-35
   1.705000E+04  1.000000E-35  1.000000E-35
   1.707000E+04  1.000000E-35  1.000000E-35
   1.709000E+04  1.000000E-35  1.000000E-35
   1.711000E+04  1.000000E-35  1.000000E-35
   1.713000E+04  1.000000E-35  1.000000E-35
   1.715000E+04  1.000000E-35  1.000000E-35
   1.717000E+04  1.000000E-35  1.000000E-35
   1.719000E+04  1.000000E-35  1.000000E-35
   1.721000E+04  1.000000E-35  1.000000E-35
   1.723000E+04  1.000000E-35  1.000000E-35
   1.725000E+04  1.000000E-35  1.000000E-35
   1.727000E+04  1.000000E-35  1.000000E-35
   1.729000E+04  1.000000E-35  1.000000E-35
   1.731000E+04  1.000000E-35  1.000000E-35
   1.733000E+04  1.000000E-35  1.000000E-35
   1.735000E+04  1.000000E-35  1.000000E-35
   1.737000E+04  1.000000E-35  1.000000E-35
   1.739000E+04  1.000000E-35  1.000000E-35
   1.741000E+04  1.000000E-35  1.000000E-35
   1.743000E+04  1.000000E-35  1.000000E-35
   1.745000E+04  1.000000E-35  1.000000E-35
   1.747000E+04  1.000000E-35  1.000000E-35
   1.749000E+04  1.000000E-35  1.000000E-35
   1.751000E+04  1.000000E-35  1.000000E-35
   1.753000E+04  1.000000E-35  1.000000E-35
   1.755000E+04  1.000000E-35  1.000000E-35
   1.757000E+04  1.000000E-35  1.000000E-35
   1.759000E+04  1.000000E-35  1.000000E-35
   1.761000E+04  1.000000E-35  1.000000E-35
   1.763000E+04  1.000000E-35  1.000000E-35
   1.765000E+04  1.000000E-35  1.000000E-35
   1.767000E+04  1.000000E-35  1.000000E-35
   1.769000E+04  1.000000E-35  1.000000E-35
   1.771000E+04  1.000000E-35  1.000000E-35
   1.773000E+04  1.000000E-35  1.000000E-35
   1.775000E+04  1.000000E-35  1.000000E-35
   1.777000E+04  1.000000E-35  1.000000E-35
   1.779000E+04  1.000000E-35  1.000000E-35
   1.781000E+04  1.000000E-35  1.000000E-35
   1.783000E+04  1.000000E-35  1.000000E-35
   1.785000E+04  1.000000E-35  1.000000E-35
   1.787000E+04  1.000000E-35  1.000000E-35
   1.789000E+04  1.000000E-35  1.000000E-35
   1.791000E+04  1.000000E-35  1.000000E-35
   1.793000E+04  1.000000E-35  1.000000E-35
   1.795000E+04  1.000000E-35  1.000000E-35
   1.797000E+04  1.000000E-35  1.000000E-35
   1.799000E+04  1.000000E-35  1.000000E-35
   1.801000E+04  1.000000E-35  1.000000E-35
   1.803000E+04  1.000000E-35  1.000000E-35
   1.805000E+04  1.000000E-35  1.000000E-35
   1.807000E+04  1.000000E-35  1.000000E-35
   1.809000E+04  1.000000E-35  1.000000E-35
   1.811000E+04  1.000000E-35  1.000000E-35
   1.813000E+04  1.000000E-35  1.000000E-35
   1.815000E+04  1.000000E-35  1.000000E-35
   1.817000E+04  1.000000E-35  1.000000E-35
   1.819000E+04  1.000000E-35  1.000000E-35
   1.821000E+04  1.000000E-35  1.000000E-35
   1.823000E+04  1.000000E-35  1.000000E-35
   1.825000E+04  1.000000E-35  1.000000E-35
   1.827000E+04  1.000000E-35  1.000000E-35
   1.829000E+04  1.000000E-35  1.000000E-35
   1.831000E+04  1.000000E-35  1.000000E-35
   1.833000E+04  1.000000E-35  1.000000E-35
   1.835000E+04  1.000000E-35  1.000000E-35
   1.837000E+04  1.000000E-35  1.000000E-35
   1.839000E+04  1.000000E-35  1.000000E-35
   1.841000E+04  1.000000E-35  1.000000E-35
   1.843000E+04  1.000000E-35  1.000000E-35
   1.845000E+04  1.000000E-35  1.000000E-35
   1.847000E+04  1.000000E-35  1.000000E-35
   1.849000E+04  1.000000E-35  1.000000E-35
   1.851000E+04  1.000000E-35  1.000000E-35
   1.853000E+04  1.000000E-35  1.000000E-35
   1.855000E+04  1.000000E-35  1.000000E-35
   1.857000E+04  1.000000E-35  1.000000E-35
   1.859000E+04  1.000000E-35  1.000000E-35
   1.861000E+04  1.000000E-35  1.000000E-35
   1.863000E+04  1.000000E-35  1.000000E-35
   1.865000E+04  1.000000E-35  1.000000E-35
   1.867000E+04  1.000000E-35  1.000000E-35
   1.869000E+04  1.000000E-35  1.000000E-35
   1.871000E+04  1.000000E-35  1.000000E-35
   1.873000E+04  1.000000E-35  1.000000E-35
   1.875000E+04  1.000000E-35  1.000000E-35
   1.877000E+04  1.000000E-35  1.000000E-35
   1.879000E+04  1.000000E-35  1.000000E-35
   1.881000E+04  1.000000E-35  1.000000E-35
   1.883000E+04  1.000000E-35  1.000000E-35
   1.885000E+04  1.000000E-35  1.000000E-35
   1.887000E+04  1.000000E-35  1.000000E-35
   1.889000E+04  1.000000E-35  1.000000E-35
   1.891000E+04  1.000000E-35  1.000000E-35
   1.893000E+04  1.000000E-35  1.000000E-35
   1.895000E+04  1.000000E-35  1.000000E-35
   1.897000E+04  1.000000E-35  1.000000E-35
   1.899000E+04  1.000000E-35  1.000000E-35
   1.901000E+04  1.000000E-35  1.000000E-35
   1.903000E+04  1.000000E-35  1.000000E-35
   1.905000E+04  1.000000E-35  1.000000E-35
   1.907000E+04  1.000000E-35  1.000000E-35
   1.909000E+04  1.000000E-35  1.000000E-35
   1.911000E+04  1.000000E-35  1.000000E-35
   1.913000E+04  1.000000E-35  1.000000E-35
   1.915000E+04  1.000000E-35  1.000000E-35
   1.917000E+04  1.000000E-35  1.000000E-35
   1.919000E+04  1.000000E-35  1.000000E-35
   1.921000E+04  1.000000E-35  1.000000E-35
   1.923000E+04  1.000000E-35  1.000000E-35
   1.925000E+04  1.000000E-35  1.000000E-35
   1.927000E+04  1.000000E-35  1.000000E-35
   1.929000E+04  1.000000E-35  1.000000E-35
   1.931000E+04  1.000000E-35  1.000000E-35
   1.933000E+04  1.000000E-35  1.000000E-35
   1.935000E+04  1.000000E-35  1.000000E-35
   1.937000E+04  1.000000E-35  1.000000E-35
   1.939000E+04  1.000000E-35  1.000000E-35
   1.941000E+04  1.000000E-35  1.000000E-35
   1.943000E+04  1.000000E-35  1.000000E-35
   1.945000E+04  1.000000E-35  1.000000E-35
   1.947000E+04  1.000000E-35  1.000000E-35
   1.949000E+04  1.000000E-35  1.000000E-35
   1.951000E+04  1.000000E-35  1.000000E-35
   1.953000E+04  1.000000E-35  1.000000E-35
   1.955000E+04  1.000000E-35  1.000000E-35
   1.957000E+04  1.000000E-35  1.000000E-35
   1.959000E+04  1.000000E-35  1.000000E-35
   1.961000E+04  1.000000E-35  1.000000E-35
   1.963000E+04  1.000000E-35  1.000000E-35
   1.965000E+04  1.000000E-35  1.000000E-35
   1.967000E+04  1.000000E-35  1.000000E-35
   1.969000E+04  1.000000E-35  1.000000E-35
   1.971000E+04  1.000000E-35  1.000000E-35
   1.973000E+04  1.000000E-35  1.000000E-35
   1.975000E+04  1.000000E-35  1.000000E-35
   1.977000E+04  1.000000E-35  1.000000E-35
   1.979000E+04  1.000000E-35  1.000000E-35
   1.981000E+04  1.000000E-35  1.000000E-35
   1.983000E+04  1.000000E-35  1.000000E-35
   1.985000E+04  1.000000E-35  1.000000E-35
   1.987000E+04  1.000000E-35  1.000000E-35
   1.989000E+04  1.000000E-35  1.000000E-35
   1.991000E+04  1.000000E-35  1.000000E-35
   1.993000E+04  1.000000E-35  1.000000E-35
   1.995000E+04  1.000000E-35  1.000000E-35
   1.997000E+04  1.000000E-35  1.000000E-35
   1.999000E+04  1.000000E-35  1.000000E-35
