 #  Results from PENEPMA. Output from photon detector #  1
 #
 #  Angular intervals : theta_1 = 5.000000E+01,  theta_2 = 6.000000E+01
 #                        phi_1 = 0.000000E+00,    phi_2 = 3.600000E+02
 #  Energy window = ( 0.00000E+00, 2.00000E+04) eV, no. of channels =  1000
 #  Channel width = 2.000000E+01 eV
 #
 #  Whole spectrum. Characteristic peaks and background.
 #  1st column: photon energy (eV).
 #  2nd column: probability density (1/(eV*sr*electron)).
 #  3rd column: statistical uncertainty (3 sigma).
 #
   1.000000E+01  1.000000E-35  1.000000E-35
   3.000000E+01  1.000000E-35  1.000000E-35
   5.000001E+01  1.000000E-35  1.000000E-35
   7.000001E+01  1.000000E-35  1.000000E-35
   9.000001E+01  1.000000E-35  1.000000E-35
   1.100000E+02  1.000000E-35  1.000000E-35
   1.300000E+02  1.000000E-35  1.000000E-35
   1.500000E+02  1.000000E-35  1.000000E-35
   1.700000E+02  1.000000E-35  1.000000E-35
   1.900000E+02  2.548408E-08  3.288372E-10
   2.100000E+02  4.109423E-09  1.322341E-10
   2.300000E+02  4.506228E-09  1.385666E-10
   2.500000E+02  4.829515E-09  1.433097E-10
   2.700000E+02  5.387963E-09  1.516155E-10
   2.900000E+02  6.073652E-09  1.606938E-10
   3.100000E+02  6.526066E-09  1.667045E-10
   3.300000E+02  6.967641E-09  1.722996E-10
   3.500000E+02  7.365859E-09  1.767181E-10
   3.700000E+02  7.735330E-09  1.810801E-10
   3.900000E+02  8.045893E-09  1.847487E-10
   4.100000E+02  8.248065E-09  1.871630E-10
   4.300000E+02  8.388973E-09  1.886706E-10
   4.500000E+02  8.440812E-09  1.892204E-10
   4.700000E+02  8.541192E-09  1.904259E-10
   4.900000E+02  8.437513E-09  1.890573E-10
   5.100001E+02  8.585019E-09  1.908203E-10
   5.300001E+02  8.517157E-09  1.901421E-10
   5.500001E+02  8.288123E-09  1.875228E-10
   5.700001E+02  8.233927E-09  1.868667E-10
   5.900001E+02  7.954939E-09  1.838726E-10
   6.100001E+02  7.914410E-09  1.833802E-10
   6.300001E+02  7.790939E-09  1.818839E-10
   6.500001E+02  7.694801E-09  1.805798E-10
   6.700001E+02  7.466709E-09  1.781402E-10
   6.900001E+02  7.220709E-09  1.750989E-10
   7.100001E+02  7.158503E-09  1.742527E-10
   7.300001E+02  6.914859E-09  1.713441E-10
   7.500001E+02  6.873388E-09  1.707326E-10
   7.700001E+02  6.638698E-09  1.678963E-10
   7.900001E+02  6.420503E-09  1.650248E-10
   8.100001E+02  6.351227E-09  1.641205E-10
   8.300001E+02  6.046319E-09  1.602502E-10
   8.500001E+02  5.939813E-09  1.587402E-10
   8.700001E+02  5.806917E-09  1.568890E-10
   8.900001E+02  5.552434E-09  1.533508E-10
   9.100001E+02  5.566572E-09  1.537519E-10
   9.300001E+02  5.394561E-09  1.512052E-10
   9.500001E+02  5.255538E-09  1.493865E-10
   9.700001E+02  5.047710E-09  1.463317E-10
   9.900001E+02  5.097664E-09  1.470322E-10
   1.010000E+03  4.870044E-09  1.438462E-10
   1.030000E+03  4.802182E-09  1.427130E-10
   1.050000E+03  4.601895E-09  1.397512E-10
   1.070000E+03  4.547228E-09  1.389564E-10
   1.090000E+03  4.423285E-09  1.369105E-10
   1.110000E+03  4.266826E-09  1.344890E-10
   1.130000E+03  4.203205E-09  1.335664E-10
   1.150000E+03  4.180584E-09  1.331501E-10
   1.170000E+03  4.107067E-09  1.321211E-10
   1.190000E+03  3.982653E-09  1.299426E-10
   1.210000E+03  3.801217E-09  1.269574E-10
   1.230000E+03  3.726757E-09  1.256703E-10
   1.250000E+03  3.797918E-09  1.268555E-10
   1.270000E+03  3.552860E-09  1.229854E-10
   1.290000E+03  3.415251E-09  1.204421E-10
   1.310000E+03  3.475573E-09  1.213763E-10
   1.330000E+03  3.393102E-09  1.199212E-10
   1.350000E+03  3.225332E-09  1.169903E-10
   1.370000E+03  3.280470E-09  1.180800E-10
   1.390000E+03  3.145688E-09  1.155999E-10
   1.410000E+03  3.050022E-09  1.137909E-10
   1.430000E+03  2.968493E-09  1.122359E-10
   1.450000E+03  2.854918E-09  1.100287E-10
   1.470000E+03  2.907700E-09  1.111249E-10
   1.490000E+03  2.785642E-09  1.086938E-10
   1.510000E+03  2.717309E-09  1.074350E-10
   1.530000E+03  2.748884E-09  1.080526E-10
   1.550000E+03  2.661700E-09  1.063194E-10
   1.570000E+03  2.576401E-09  1.045187E-10
   1.590000E+03  2.531631E-09  1.036115E-10
   1.610000E+03  2.468010E-09  1.023279E-10
   1.630000E+03  2.335585E-09  9.952060E-11
   1.650000E+03  2.301654E-09  9.883913E-11
   1.670000E+03  2.301183E-09  9.882906E-11
   1.690000E+03  2.262068E-09  9.797003E-11
   1.710000E+03  2.192792E-09  9.644564E-11
   1.730000E+03  2.183367E-09  9.630146E-11
   1.750000E+03  2.099482E-09  9.444511E-11
   1.770000E+03  2.110321E-09  9.451802E-11
   1.790000E+03  2.030206E-09  9.277616E-11
   1.810000E+03  2.006643E-09  9.223841E-11
   1.830000E+03  2.000045E-09  9.210897E-11
   1.850000E+03  1.900137E-09  8.978950E-11
   1.870000E+03  1.870447E-09  8.913334E-11
   1.890000E+03  1.828976E-09  8.807717E-11
   1.910000E+03  1.824264E-09  8.800952E-11
   1.930000E+03  1.803057E-09  8.745340E-11
   1.950000E+03  1.754045E-09  8.621513E-11
   1.970000E+03  1.714930E-09  8.525132E-11
   1.990000E+03  1.624919E-09  8.303871E-11
   2.010000E+03  1.631517E-09  8.323045E-11
   2.030000E+03  1.586275E-09  8.204944E-11
   2.050000E+03  1.605597E-09  8.249713E-11
   2.070000E+03  1.514643E-09  8.013329E-11
   2.090000E+03  1.543861E-09  8.094964E-11
   2.110000E+03  1.491551E-09  7.952189E-11
   2.130000E+03  1.454321E-09  7.850060E-11
   2.150000E+03  1.432643E-09  7.796595E-11
   2.170000E+03  1.395884E-09  7.691084E-11
   2.190000E+03  1.388344E-09  7.680746E-11
   2.210000E+03  1.400126E-09  7.710515E-11
   2.230000E+03  1.351114E-09  7.564373E-11
   2.250000E+03  1.299747E-09  7.427475E-11
   2.270000E+03  1.273356E-09  7.351956E-11
   2.290000E+03  1.224344E-09  7.204049E-11
   2.310000E+03  1.229999E-09  7.220632E-11
   2.330000E+03  1.205965E-09  7.158269E-11
   2.350000E+03  1.177218E-09  7.064336E-11
   2.370000E+03  1.194655E-09  7.116351E-11
   2.390000E+03  1.157425E-09  7.007675E-11
   2.410000E+03  1.131977E-09  6.924662E-11
   2.430000E+03  1.101816E-09  6.840674E-11
   2.450000E+03  1.041494E-09  6.651499E-11
   2.470000E+03  1.069770E-09  6.731937E-11
   2.490000E+03  1.040551E-09  6.642485E-11
   2.510000E+03  1.046206E-09  6.660473E-11
   2.530000E+03  1.026413E-09  6.594267E-11
   2.550000E+03  9.745743E-10  6.428883E-11
   2.570000E+03  9.981375E-10  6.505978E-11
   2.590000E+03  9.444134E-10  6.335139E-11
   2.610000E+03  9.076548E-10  6.207910E-11
   2.630000E+03  8.850341E-10  6.127043E-11
   2.650000E+03  9.133099E-10  6.220737E-11
   2.670000E+03  8.675973E-10  6.069804E-11
   2.690000E+03  8.609996E-10  6.040138E-11
   2.710000E+03  8.341376E-10  5.948619E-11
   2.730000E+03  8.341376E-10  5.948619E-11
   2.750000E+03  8.082180E-10  5.852244E-11
   2.770000E+03  8.002065E-10  5.830053E-11
   2.790000E+03  7.832410E-10  5.761186E-11
   2.810000E+03  7.789997E-10  5.745580E-11
   2.830000E+03  7.299882E-10  5.562051E-11
   2.850000E+03  7.700456E-10  5.715990E-11
   2.870000E+03  7.163215E-10  5.509782E-11
   2.890000E+03  7.031261E-10  5.462498E-11
   2.910000E+03  7.351721E-10  5.581749E-11
   2.930000E+03  6.658963E-10  5.316223E-11
   2.950000E+03  6.993560E-10  5.444195E-11
   2.970000E+03  6.574135E-10  5.278541E-11
   2.990000E+03  6.395055E-10  5.206203E-11
   3.010000E+03  6.461032E-10  5.232970E-11
   3.030000E+03  6.234825E-10  5.140613E-11
   3.050000E+03  6.300802E-10  5.171588E-11
   3.070000E+03  6.215974E-10  5.136734E-11
   3.090000E+03  6.046319E-10  5.062359E-11
   3.110000E+03  5.970917E-10  5.034687E-11
   3.130000E+03  5.589193E-10  4.867354E-11
   3.150000E+03  5.664595E-10  4.900056E-11
   3.170000E+03  5.509078E-10  4.832366E-11
   3.190000E+03  5.664595E-10  4.904133E-11
   3.210000E+03  5.443101E-10  4.803360E-11
   3.230000E+03  4.995400E-10  4.601696E-11
   3.250000E+03  4.792756E-10  4.511876E-11
   3.270000E+03  4.858733E-10  4.538346E-11
   3.290000E+03  4.575975E-10  4.404379E-11
   3.310000E+03  4.660803E-10  4.449489E-11
   3.330000E+03  4.825745E-10  4.522922E-11
   3.350000E+03  4.524136E-10  4.379373E-11
   3.370000E+03  4.844596E-10  4.531742E-11
   3.390000E+03  4.279079E-10  4.268548E-11
   3.410000E+03  4.227239E-10  4.233307E-11
   3.430000E+03  4.420458E-10  4.328927E-11
   3.450000E+03  4.132987E-10  4.185869E-11
   3.470000E+03  4.071722E-10  4.154743E-11
   3.490000E+03  3.873791E-10  4.057476E-11
   3.510000E+03  3.930343E-10  4.082007E-11
   3.530000E+03  3.727699E-10  3.975428E-11
   3.550000E+03  3.864366E-10  4.047615E-11
   3.570000E+03  3.845516E-10  4.037735E-11
   3.590000E+03  3.454366E-10  3.826962E-11
   3.610000E+03  3.525056E-10  3.871073E-11
   3.630000E+03  3.345976E-10  3.766466E-11
   3.650000E+03  3.492067E-10  3.847782E-11
   3.670000E+03  3.355401E-10  3.771765E-11
   3.690000E+03  3.223447E-10  3.696884E-11
   3.710000E+03  3.129194E-10  3.642454E-11
   3.730000E+03  3.049079E-10  3.595540E-11
   3.750000E+03  3.138619E-10  3.647934E-11
   3.770000E+03  2.879424E-10  3.494111E-11
   3.790000E+03  2.761608E-10  3.421904E-11
   3.810000E+03  2.695631E-10  3.380793E-11
   3.830000E+03  2.700344E-10  3.383746E-11
   3.850000E+03  2.780459E-10  3.433559E-11
   3.870000E+03  2.742757E-10  3.410208E-11
   3.890000E+03  2.601378E-10  3.321180E-11
   3.910000E+03  2.497700E-10  3.254343E-11
   3.930000E+03  2.238505E-10  3.080906E-11
   3.950000E+03  2.271493E-10  3.103518E-11
   3.970000E+03  2.356321E-10  3.160922E-11
   3.990000E+03  2.266781E-10  3.106739E-11
   4.010000E+03  2.398735E-10  3.189236E-11
   4.030000E+03  2.153677E-10  3.021981E-11
   4.050000E+03  2.134827E-10  3.015366E-11
   4.070000E+03  2.073562E-10  2.965254E-11
   4.090000E+03  1.969884E-10  2.890189E-11
   4.110000E+03  1.913332E-10  2.848410E-11
   4.130000E+03  1.804942E-10  2.766569E-11
   4.150000E+03  1.856781E-10  2.806008E-11
   4.170000E+03  1.918045E-10  2.858915E-11
   4.190000E+03  1.668275E-10  2.659788E-11
   4.210000E+03  1.672988E-10  2.663541E-11
   4.230000E+03  1.635287E-10  2.633364E-11
   4.250000E+03  1.574022E-10  2.583574E-11
   4.270000E+03  1.569310E-10  2.579704E-11
   4.290000E+03  1.314827E-10  2.361326E-11
   4.310000E+03  1.343103E-10  2.386578E-11
   4.330000E+03  1.295976E-10  2.344341E-11
   4.350000E+03  1.267701E-10  2.318629E-11
   4.370000E+03  1.220574E-10  2.275129E-11
   4.390000E+03  1.229999E-10  2.283895E-11
   4.410000E+03  1.112183E-10  2.171775E-11
   4.430000E+03  1.050919E-10  2.111119E-11
   4.450000E+03  1.088620E-10  2.148648E-11
   4.470000E+03  9.943674E-11  2.053539E-11
   4.490000E+03  1.041494E-10  2.101632E-11
   4.510000E+03  1.079195E-10  2.139328E-11
   4.530000E+03  8.671261E-11  1.917669E-11
   4.550000E+03  1.003793E-10  2.063247E-11
   4.570000E+03  8.718387E-11  1.922872E-11
   4.590000E+03  9.519536E-11  2.009270E-11
   4.610000E+03  9.001145E-11  1.953802E-11
   4.630000E+03  7.728732E-11  1.810460E-11
   4.650000E+03  6.220687E-11  1.624268E-11
   4.670000E+03  7.116089E-11  1.737229E-11
   4.690000E+03  6.173560E-11  1.618104E-11
   4.710000E+03  5.466664E-11  1.522655E-11
   4.730000E+03  5.655170E-11  1.548683E-11
   4.750000E+03  5.513791E-11  1.529203E-11
   4.770000E+03  4.382757E-11  1.363379E-11
   4.790000E+03  3.722987E-11  1.256580E-11
   4.810000E+03  4.099998E-11  1.318668E-11
   4.830000E+03  4.052872E-11  1.311068E-11
   4.850000E+03  3.063217E-11  1.139817E-11
   4.870000E+03  2.780459E-11  1.085938E-11
   4.890000E+03  2.591953E-11  1.048481E-11
   4.910000E+03  1.837930E-11  8.829041E-12
   4.930000E+03  1.366666E-11  7.613448E-12
   4.950000E+03  1.413792E-11  7.743599E-12
   4.970000E+03  9.425283E-12  6.322639E-12
   4.990000E+03  5.183906E-12  4.689006E-12
   5.010001E+03  1.000000E-35  1.000000E-35
   5.030001E+03  1.000000E-35  1.000000E-35
   5.050001E+03  1.000000E-35  1.000000E-35
   5.070001E+03  1.000000E-35  1.000000E-35
   5.090001E+03  1.000000E-35  1.000000E-35
   5.110001E+03  1.000000E-35  1.000000E-35
   5.130001E+03  1.000000E-35  1.000000E-35
   5.150001E+03  1.000000E-35  1.000000E-35
   5.170001E+03  1.000000E-35  1.000000E-35
   5.190001E+03  1.000000E-35  1.000000E-35
   5.210001E+03  1.000000E-35  1.000000E-35
   5.230001E+03  1.000000E-35  1.000000E-35
   5.250001E+03  1.000000E-35  1.000000E-35
   5.270001E+03  1.000000E-35  1.000000E-35
   5.290001E+03  1.000000E-35  1.000000E-35
   5.310001E+03  1.000000E-35  1.000000E-35
   5.330001E+03  1.000000E-35  1.000000E-35
   5.350001E+03  1.000000E-35  1.000000E-35
   5.370001E+03  1.000000E-35  1.000000E-35
   5.390001E+03  1.000000E-35  1.000000E-35
   5.410001E+03  1.000000E-35  1.000000E-35
   5.430001E+03  1.000000E-35  1.000000E-35
   5.450001E+03  1.000000E-35  1.000000E-35
   5.470001E+03  1.000000E-35  1.000000E-35
   5.490001E+03  1.000000E-35  1.000000E-35
   5.510001E+03  1.000000E-35  1.000000E-35
   5.530001E+03  1.000000E-35  1.000000E-35
   5.550001E+03  1.000000E-35  1.000000E-35
   5.570001E+03  1.000000E-35  1.000000E-35
   5.590001E+03  1.000000E-35  1.000000E-35
   5.610001E+03  1.000000E-35  1.000000E-35
   5.630001E+03  1.000000E-35  1.000000E-35
   5.650001E+03  1.000000E-35  1.000000E-35
   5.670001E+03  1.000000E-35  1.000000E-35
   5.690001E+03  1.000000E-35  1.000000E-35
   5.710001E+03  1.000000E-35  1.000000E-35
   5.730001E+03  1.000000E-35  1.000000E-35
   5.750001E+03  1.000000E-35  1.000000E-35
   5.770001E+03  1.000000E-35  1.000000E-35
   5.790001E+03  1.000000E-35  1.000000E-35
   5.810001E+03  1.000000E-35  1.000000E-35
   5.830001E+03  1.000000E-35  1.000000E-35
   5.850001E+03  1.000000E-35  1.000000E-35
   5.870001E+03  1.000000E-35  1.000000E-35
   5.890001E+03  1.000000E-35  1.000000E-35
   5.910001E+03  1.000000E-35  1.000000E-35
   5.930001E+03  1.000000E-35  1.000000E-35
   5.950001E+03  1.000000E-35  1.000000E-35
   5.970001E+03  1.000000E-35  1.000000E-35
   5.990001E+03  1.000000E-35  1.000000E-35
   6.010001E+03  1.000000E-35  1.000000E-35
   6.030001E+03  1.000000E-35  1.000000E-35
   6.050001E+03  1.000000E-35  1.000000E-35
   6.070001E+03  1.000000E-35  1.000000E-35
   6.090001E+03  1.000000E-35  1.000000E-35
   6.110001E+03  1.000000E-35  1.000000E-35
   6.130001E+03  1.000000E-35  1.000000E-35
   6.150001E+03  1.000000E-35  1.000000E-35
   6.170001E+03  1.000000E-35  1.000000E-35
   6.190001E+03  1.000000E-35  1.000000E-35
   6.210001E+03  1.000000E-35  1.000000E-35
   6.230001E+03  1.000000E-35  1.000000E-35
   6.250001E+03  1.000000E-35  1.000000E-35
   6.270001E+03  1.000000E-35  1.000000E-35
   6.290001E+03  1.000000E-35  1.000000E-35
   6.310001E+03  1.000000E-35  1.000000E-35
   6.330001E+03  1.000000E-35  1.000000E-35
   6.350001E+03  1.000000E-35  1.000000E-35
   6.370001E+03  1.000000E-35  1.000000E-35
   6.390001E+03  1.000000E-35  1.000000E-35
   6.410001E+03  1.000000E-35  1.000000E-35
   6.430001E+03  1.000000E-35  1.000000E-35
   6.450001E+03  1.000000E-35  1.000000E-35
   6.470001E+03  1.000000E-35  1.000000E-35
   6.490001E+03  1.000000E-35  1.000000E-35
   6.510001E+03  1.000000E-35  1.000000E-35
   6.530001E+03  1.000000E-35  1.000000E-35
   6.550001E+03  1.000000E-35  1.000000E-35
   6.570001E+03  1.000000E-35  1.000000E-35
   6.590001E+03  1.000000E-35  1.000000E-35
   6.610001E+03  1.000000E-35  1.000000E-35
   6.630001E+03  1.000000E-35  1.000000E-35
   6.650001E+03  1.000000E-35  1.000000E-35
   6.670001E+03  1.000000E-35  1.000000E-35
   6.690001E+03  1.000000E-35  1.000000E-35
   6.710001E+03  1.000000E-35  1.000000E-35
   6.730001E+03  1.000000E-35  1.000000E-35
   6.750001E+03  1.000000E-35  1.000000E-35
   6.770001E+03  1.000000E-35  1.000000E-35
   6.790001E+03  1.000000E-35  1.000000E-35
   6.810001E+03  1.000000E-35  1.000000E-35
   6.830001E+03  1.000000E-35  1.000000E-35
   6.850001E+03  1.000000E-35  1.000000E-35
   6.870001E+03  1.000000E-35  1.000000E-35
   6.890001E+03  1.000000E-35  1.000000E-35
   6.910001E+03  1.000000E-35  1.000000E-35
   6.930001E+03  1.000000E-35  1.000000E-35
   6.950001E+03  1.000000E-35  1.000000E-35
   6.970001E+03  1.000000E-35  1.000000E-35
   6.990001E+03  1.000000E-35  1.000000E-35
   7.010001E+03  1.000000E-35  1.000000E-35
   7.030001E+03  1.000000E-35  1.000000E-35
   7.050001E+03  1.000000E-35  1.000000E-35
   7.070001E+03  1.000000E-35  1.000000E-35
   7.090001E+03  1.000000E-35  1.000000E-35
   7.110001E+03  1.000000E-35  1.000000E-35
   7.130001E+03  1.000000E-35  1.000000E-35
   7.150001E+03  1.000000E-35  1.000000E-35
   7.170001E+03  1.000000E-35  1.000000E-35
   7.190001E+03  1.000000E-35  1.000000E-35
   7.210001E+03  1.000000E-35  1.000000E-35
   7.230001E+03  1.000000E-35  1.000000E-35
   7.250001E+03  1.000000E-35  1.000000E-35
   7.270001E+03  1.000000E-35  1.000000E-35
   7.290001E+03  1.000000E-35  1.000000E-35
   7.310001E+03  1.000000E-35  1.000000E-35
   7.330001E+03  1.000000E-35  1.000000E-35
   7.350001E+03  1.000000E-35  1.000000E-35
   7.370001E+03  1.000000E-35  1.000000E-35
   7.390001E+03  1.000000E-35  1.000000E-35
   7.410001E+03  1.000000E-35  1.000000E-35
   7.430001E+03  1.000000E-35  1.000000E-35
   7.450001E+03  1.000000E-35  1.000000E-35
   7.470001E+03  1.000000E-35  1.000000E-35
   7.490001E+03  1.000000E-35  1.000000E-35
   7.510001E+03  1.000000E-35  1.000000E-35
   7.530001E+03  1.000000E-35  1.000000E-35
   7.550001E+03  1.000000E-35  1.000000E-35
   7.570001E+03  1.000000E-35  1.000000E-35
   7.590001E+03  1.000000E-35  1.000000E-35
   7.610001E+03  1.000000E-35  1.000000E-35
   7.630001E+03  1.000000E-35  1.000000E-35
   7.650001E+03  1.000000E-35  1.000000E-35
   7.670001E+03  1.000000E-35  1.000000E-35
   7.690001E+03  1.000000E-35  1.000000E-35
   7.710001E+03  1.000000E-35  1.000000E-35
   7.730001E+03  1.000000E-35  1.000000E-35
   7.750001E+03  1.000000E-35  1.000000E-35
   7.770001E+03  1.000000E-35  1.000000E-35
   7.790001E+03  1.000000E-35  1.000000E-35
   7.810001E+03  1.000000E-35  1.000000E-35
   7.830001E+03  1.000000E-35  1.000000E-35
   7.850001E+03  1.000000E-35  1.000000E-35
   7.870001E+03  1.000000E-35  1.000000E-35
   7.890001E+03  1.000000E-35  1.000000E-35
   7.910001E+03  1.000000E-35  1.000000E-35
   7.930001E+03  1.000000E-35  1.000000E-35
   7.950001E+03  1.000000E-35  1.000000E-35
   7.970001E+03  1.000000E-35  1.000000E-35
   7.990001E+03  1.000000E-35  1.000000E-35
   8.010001E+03  1.000000E-35  1.000000E-35
   8.030001E+03  1.000000E-35  1.000000E-35
   8.050001E+03  1.000000E-35  1.000000E-35
   8.070001E+03  1.000000E-35  1.000000E-35
   8.090001E+03  1.000000E-35  1.000000E-35
   8.110001E+03  1.000000E-35  1.000000E-35
   8.130001E+03  1.000000E-35  1.000000E-35
   8.150001E+03  1.000000E-35  1.000000E-35
   8.170001E+03  1.000000E-35  1.000000E-35
   8.190001E+03  1.000000E-35  1.000000E-35
   8.210001E+03  1.000000E-35  1.000000E-35
   8.230001E+03  1.000000E-35  1.000000E-35
   8.250001E+03  1.000000E-35  1.000000E-35
   8.270001E+03  1.000000E-35  1.000000E-35
   8.290001E+03  1.000000E-35  1.000000E-35
   8.310001E+03  1.000000E-35  1.000000E-35
   8.330001E+03  1.000000E-35  1.000000E-35
   8.350001E+03  1.000000E-35  1.000000E-35
   8.370001E+03  1.000000E-35  1.000000E-35
   8.390001E+03  1.000000E-35  1.000000E-35
   8.410001E+03  1.000000E-35  1.000000E-35
   8.430001E+03  1.000000E-35  1.000000E-35
   8.450001E+03  1.000000E-35  1.000000E-35
   8.470001E+03  1.000000E-35  1.000000E-35
   8.490001E+03  1.000000E-35  1.000000E-35
   8.510001E+03  1.000000E-35  1.000000E-35
   8.530001E+03  1.000000E-35  1.000000E-35
   8.550001E+03  1.000000E-35  1.000000E-35
   8.570001E+03  1.000000E-35  1.000000E-35
   8.590001E+03  1.000000E-35  1.000000E-35
   8.610001E+03  1.000000E-35  1.000000E-35
   8.630001E+03  1.000000E-35  1.000000E-35
   8.650001E+03  1.000000E-35  1.000000E-35
   8.670001E+03  1.000000E-35  1.000000E-35
   8.690001E+03  1.000000E-35  1.000000E-35
   8.710001E+03  1.000000E-35  1.000000E-35
   8.730001E+03  1.000000E-35  1.000000E-35
   8.750001E+03  1.000000E-35  1.000000E-35
   8.770001E+03  1.000000E-35  1.000000E-35
   8.790001E+03  1.000000E-35  1.000000E-35
   8.810001E+03  1.000000E-35  1.000000E-35
   8.830001E+03  1.000000E-35  1.000000E-35
   8.850001E+03  1.000000E-35  1.000000E-35
   8.870001E+03  1.000000E-35  1.000000E-35
   8.890001E+03  1.000000E-35  1.000000E-35
   8.910001E+03  1.000000E-35  1.000000E-35
   8.930001E+03  1.000000E-35  1.000000E-35
   8.950001E+03  1.000000E-35  1.000000E-35
   8.970001E+03  1.000000E-35  1.000000E-35
   8.990001E+03  1.000000E-35  1.000000E-35
   9.010001E+03  1.000000E-35  1.000000E-35
   9.030001E+03  1.000000E-35  1.000000E-35
   9.050001E+03  1.000000E-35  1.000000E-35
   9.070001E+03  1.000000E-35  1.000000E-35
   9.090001E+03  1.000000E-35  1.000000E-35
   9.110001E+03  1.000000E-35  1.000000E-35
   9.130001E+03  1.000000E-35  1.000000E-35
   9.150001E+03  1.000000E-35  1.000000E-35
   9.170001E+03  1.000000E-35  1.000000E-35
   9.190001E+03  1.000000E-35  1.000000E-35
   9.210001E+03  1.000000E-35  1.000000E-35
   9.230001E+03  1.000000E-35  1.000000E-35
   9.250001E+03  1.000000E-35  1.000000E-35
   9.270001E+03  1.000000E-35  1.000000E-35
   9.290001E+03  1.000000E-35  1.000000E-35
   9.310001E+03  1.000000E-35  1.000000E-35
   9.330001E+03  1.000000E-35  1.000000E-35
   9.350001E+03  1.000000E-35  1.000000E-35
   9.370001E+03  1.000000E-35  1.000000E-35
   9.390001E+03  1.000000E-35  1.000000E-35
   9.410001E+03  1.000000E-35  1.000000E-35
   9.430001E+03  1.000000E-35  1.000000E-35
   9.450001E+03  1.000000E-35  1.000000E-35
   9.470001E+03  1.000000E-35  1.000000E-35
   9.490001E+03  1.000000E-35  1.000000E-35
   9.510001E+03  1.000000E-35  1.000000E-35
   9.530001E+03  1.000000E-35  1.000000E-35
   9.550001E+03  1.000000E-35  1.000000E-35
   9.570001E+03  1.000000E-35  1.000000E-35
   9.590001E+03  1.000000E-35  1.000000E-35
   9.610001E+03  1.000000E-35  1.000000E-35
   9.630001E+03  1.000000E-35  1.000000E-35
   9.650001E+03  1.000000E-35  1.000000E-35
   9.670001E+03  1.000000E-35  1.000000E-35
   9.690001E+03  1.000000E-35  1.000000E-35
   9.710001E+03  1.000000E-35  1.000000E-35
   9.730001E+03  1.000000E-35  1.000000E-35
   9.750001E+03  1.000000E-35  1.000000E-35
   9.770001E+03  1.000000E-35  1.000000E-35
   9.790001E+03  1.000000E-35  1.000000E-35
   9.810001E+03  1.000000E-35  1.000000E-35
   9.830001E+03  1.000000E-35  1.000000E-35
   9.850001E+03  1.000000E-35  1.000000E-35
   9.870001E+03  1.000000E-35  1.000000E-35
   9.890001E+03  1.000000E-35  1.000000E-35
   9.910001E+03  1.000000E-35  1.000000E-35
   9.930001E+03  1.000000E-35  1.000000E-35
   9.950001E+03  1.000000E-35  1.000000E-35
   9.970001E+03  1.000000E-35  1.000000E-35
   9.990001E+03  1.000000E-35  1.000000E-35
   1.001000E+04  1.000000E-35  1.000000E-35
   1.003000E+04  1.000000E-35  1.000000E-35
   1.005000E+04  1.000000E-35  1.000000E-35
   1.007000E+04  1.000000E-35  1.000000E-35
   1.009000E+04  1.000000E-35  1.000000E-35
   1.011000E+04  1.000000E-35  1.000000E-35
   1.013000E+04  1.000000E-35  1.000000E-35
   1.015000E+04  1.000000E-35  1.000000E-35
   1.017000E+04  1.000000E-35  1.000000E-35
   1.019000E+04  1.000000E-35  1.000000E-35
   1.021000E+04  1.000000E-35  1.000000E-35
   1.023000E+04  1.000000E-35  1.000000E-35
   1.025000E+04  1.000000E-35  1.000000E-35
   1.027000E+04  1.000000E-35  1.000000E-35
   1.029000E+04  1.000000E-35  1.000000E-35
   1.031000E+04  1.000000E-35  1.000000E-35
   1.033000E+04  1.000000E-35  1.000000E-35
   1.035000E+04  1.000000E-35  1.000000E-35
   1.037000E+04  1.000000E-35  1.000000E-35
   1.039000E+04  1.000000E-35  1.000000E-35
   1.041000E+04  1.000000E-35  1.000000E-35
   1.043000E+04  1.000000E-35  1.000000E-35
   1.045000E+04  1.000000E-35  1.000000E-35
   1.047000E+04  1.000000E-35  1.000000E-35
   1.049000E+04  1.000000E-35  1.000000E-35
   1.051000E+04  1.000000E-35  1.000000E-35
   1.053000E+04  1.000000E-35  1.000000E-35
   1.055000E+04  1.000000E-35  1.000000E-35
   1.057000E+04  1.000000E-35  1.000000E-35
   1.059000E+04  1.000000E-35  1.000000E-35
   1.061000E+04  1.000000E-35  1.000000E-35
   1.063000E+04  1.000000E-35  1.000000E-35
   1.065000E+04  1.000000E-35  1.000000E-35
   1.067000E+04  1.000000E-35  1.000000E-35
   1.069000E+04  1.000000E-35  1.000000E-35
   1.071000E+04  1.000000E-35  1.000000E-35
   1.073000E+04  1.000000E-35  1.000000E-35
   1.075000E+04  1.000000E-35  1.000000E-35
   1.077000E+04  1.000000E-35  1.000000E-35
   1.079000E+04  1.000000E-35  1.000000E-35
   1.081000E+04  1.000000E-35  1.000000E-35
   1.083000E+04  1.000000E-35  1.000000E-35
   1.085000E+04  1.000000E-35  1.000000E-35
   1.087000E+04  1.000000E-35  1.000000E-35
   1.089000E+04  1.000000E-35  1.000000E-35
   1.091000E+04  1.000000E-35  1.000000E-35
   1.093000E+04  1.000000E-35  1.000000E-35
   1.095000E+04  1.000000E-35  1.000000E-35
   1.097000E+04  1.000000E-35  1.000000E-35
   1.099000E+04  1.000000E-35  1.000000E-35
   1.101000E+04  1.000000E-35  1.000000E-35
   1.103000E+04  1.000000E-35  1.000000E-35
   1.105000E+04  1.000000E-35  1.000000E-35
   1.107000E+04  1.000000E-35  1.000000E-35
   1.109000E+04  1.000000E-35  1.000000E-35
   1.111000E+04  1.000000E-35  1.000000E-35
   1.113000E+04  1.000000E-35  1.000000E-35
   1.115000E+04  1.000000E-35  1.000000E-35
   1.117000E+04  1.000000E-35  1.000000E-35
   1.119000E+04  1.000000E-35  1.000000E-35
   1.121000E+04  1.000000E-35  1.000000E-35
   1.123000E+04  1.000000E-35  1.000000E-35
   1.125000E+04  1.000000E-35  1.000000E-35
   1.127000E+04  1.000000E-35  1.000000E-35
   1.129000E+04  1.000000E-35  1.000000E-35
   1.131000E+04  1.000000E-35  1.000000E-35
   1.133000E+04  1.000000E-35  1.000000E-35
   1.135000E+04  1.000000E-35  1.000000E-35
   1.137000E+04  1.000000E-35  1.000000E-35
   1.139000E+04  1.000000E-35  1.000000E-35
   1.141000E+04  1.000000E-35  1.000000E-35
   1.143000E+04  1.000000E-35  1.000000E-35
   1.145000E+04  1.000000E-35  1.000000E-35
   1.147000E+04  1.000000E-35  1.000000E-35
   1.149000E+04  1.000000E-35  1.000000E-35
   1.151000E+04  1.000000E-35  1.000000E-35
   1.153000E+04  1.000000E-35  1.000000E-35
   1.155000E+04  1.000000E-35  1.000000E-35
   1.157000E+04  1.000000E-35  1.000000E-35
   1.159000E+04  1.000000E-35  1.000000E-35
   1.161000E+04  1.000000E-35  1.000000E-35
   1.163000E+04  1.000000E-35  1.000000E-35
   1.165000E+04  1.000000E-35  1.000000E-35
   1.167000E+04  1.000000E-35  1.000000E-35
   1.169000E+04  1.000000E-35  1.000000E-35
   1.171000E+04  1.000000E-35  1.000000E-35
   1.173000E+04  1.000000E-35  1.000000E-35
   1.175000E+04  1.000000E-35  1.000000E-35
   1.177000E+04  1.000000E-35  1.000000E-35
   1.179000E+04  1.000000E-35  1.000000E-35
   1.181000E+04  1.000000E-35  1.000000E-35
   1.183000E+04  1.000000E-35  1.000000E-35
   1.185000E+04  1.000000E-35  1.000000E-35
   1.187000E+04  1.000000E-35  1.000000E-35
   1.189000E+04  1.000000E-35  1.000000E-35
   1.191000E+04  1.000000E-35  1.000000E-35
   1.193000E+04  1.000000E-35  1.000000E-35
   1.195000E+04  1.000000E-35  1.000000E-35
   1.197000E+04  1.000000E-35  1.000000E-35
   1.199000E+04  1.000000E-35  1.000000E-35
   1.201000E+04  1.000000E-35  1.000000E-35
   1.203000E+04  1.000000E-35  1.000000E-35
   1.205000E+04  1.000000E-35  1.000000E-35
   1.207000E+04  1.000000E-35  1.000000E-35
   1.209000E+04  1.000000E-35  1.000000E-35
   1.211000E+04  1.000000E-35  1.000000E-35
   1.213000E+04  1.000000E-35  1.000000E-35
   1.215000E+04  1.000000E-35  1.000000E-35
   1.217000E+04  1.000000E-35  1.000000E-35
   1.219000E+04  1.000000E-35  1.000000E-35
   1.221000E+04  1.000000E-35  1.000000E-35
   1.223000E+04  1.000000E-35  1.000000E-35
   1.225000E+04  1.000000E-35  1.000000E-35
   1.227000E+04  1.000000E-35  1.000000E-35
   1.229000E+04  1.000000E-35  1.000000E-35
   1.231000E+04  1.000000E-35  1.000000E-35
   1.233000E+04  1.000000E-35  1.000000E-35
   1.235000E+04  1.000000E-35  1.000000E-35
   1.237000E+04  1.000000E-35  1.000000E-35
   1.239000E+04  1.000000E-35  1.000000E-35
   1.241000E+04  1.000000E-35  1.000000E-35
   1.243000E+04  1.000000E-35  1.000000E-35
   1.245000E+04  1.000000E-35  1.000000E-35
   1.247000E+04  1.000000E-35  1.000000E-35
   1.249000E+04  1.000000E-35  1.000000E-35
   1.251000E+04  1.000000E-35  1.000000E-35
   1.253000E+04  1.000000E-35  1.000000E-35
   1.255000E+04  1.000000E-35  1.000000E-35
   1.257000E+04  1.000000E-35  1.000000E-35
   1.259000E+04  1.000000E-35  1.000000E-35
   1.261000E+04  1.000000E-35  1.000000E-35
   1.263000E+04  1.000000E-35  1.000000E-35
   1.265000E+04  1.000000E-35  1.000000E-35
   1.267000E+04  1.000000E-35  1.000000E-35
   1.269000E+04  1.000000E-35  1.000000E-35
   1.271000E+04  1.000000E-35  1.000000E-35
   1.273000E+04  1.000000E-35  1.000000E-35
   1.275000E+04  1.000000E-35  1.000000E-35
   1.277000E+04  1.000000E-35  1.000000E-35
   1.279000E+04  1.000000E-35  1.000000E-35
   1.281000E+04  1.000000E-35  1.000000E-35
   1.283000E+04  1.000000E-35  1.000000E-35
   1.285000E+04  1.000000E-35  1.000000E-35
   1.287000E+04  1.000000E-35  1.000000E-35
   1.289000E+04  1.000000E-35  1.000000E-35
   1.291000E+04  1.000000E-35  1.000000E-35
   1.293000E+04  1.000000E-35  1.000000E-35
   1.295000E+04  1.000000E-35  1.000000E-35
   1.297000E+04  1.000000E-35  1.000000E-35
   1.299000E+04  1.000000E-35  1.000000E-35
   1.301000E+04  1.000000E-35  1.000000E-35
   1.303000E+04  1.000000E-35  1.000000E-35
   1.305000E+04  1.000000E-35  1.000000E-35
   1.307000E+04  1.000000E-35  1.000000E-35
   1.309000E+04  1.000000E-35  1.000000E-35
   1.311000E+04  1.000000E-35  1.000000E-35
   1.313000E+04  1.000000E-35  1.000000E-35
   1.315000E+04  1.000000E-35  1.000000E-35
   1.317000E+04  1.000000E-35  1.000000E-35
   1.319000E+04  1.000000E-35  1.000000E-35
   1.321000E+04  1.000000E-35  1.000000E-35
   1.323000E+04  1.000000E-35  1.000000E-35
   1.325000E+04  1.000000E-35  1.000000E-35
   1.327000E+04  1.000000E-35  1.000000E-35
   1.329000E+04  1.000000E-35  1.000000E-35
   1.331000E+04  1.000000E-35  1.000000E-35
   1.333000E+04  1.000000E-35  1.000000E-35
   1.335000E+04  1.000000E-35  1.000000E-35
   1.337000E+04  1.000000E-35  1.000000E-35
   1.339000E+04  1.000000E-35  1.000000E-35
   1.341000E+04  1.000000E-35  1.000000E-35
   1.343000E+04  1.000000E-35  1.000000E-35
   1.345000E+04  1.000000E-35  1.000000E-35
   1.347000E+04  1.000000E-35  1.000000E-35
   1.349000E+04  1.000000E-35  1.000000E-35
   1.351000E+04  1.000000E-35  1.000000E-35
   1.353000E+04  1.000000E-35  1.000000E-35
   1.355000E+04  1.000000E-35  1.000000E-35
   1.357000E+04  1.000000E-35  1.000000E-35
   1.359000E+04  1.000000E-35  1.000000E-35
   1.361000E+04  1.000000E-35  1.000000E-35
   1.363000E+04  1.000000E-35  1.000000E-35
   1.365000E+04  1.000000E-35  1.000000E-35
   1.367000E+04  1.000000E-35  1.000000E-35
   1.369000E+04  1.000000E-35  1.000000E-35
   1.371000E+04  1.000000E-35  1.000000E-35
   1.373000E+04  1.000000E-35  1.000000E-35
   1.375000E+04  1.000000E-35  1.000000E-35
   1.377000E+04  1.000000E-35  1.000000E-35
   1.379000E+04  1.000000E-35  1.000000E-35
   1.381000E+04  1.000000E-35  1.000000E-35
   1.383000E+04  1.000000E-35  1.000000E-35
   1.385000E+04  1.000000E-35  1.000000E-35
   1.387000E+04  1.000000E-35  1.000000E-35
   1.389000E+04  1.000000E-35  1.000000E-35
   1.391000E+04  1.000000E-35  1.000000E-35
   1.393000E+04  1.000000E-35  1.000000E-35
   1.395000E+04  1.000000E-35  1.000000E-35
   1.397000E+04  1.000000E-35  1.000000E-35
   1.399000E+04  1.000000E-35  1.000000E-35
   1.401000E+04  1.000000E-35  1.000000E-35
   1.403000E+04  1.000000E-35  1.000000E-35
   1.405000E+04  1.000000E-35  1.000000E-35
   1.407000E+04  1.000000E-35  1.000000E-35
   1.409000E+04  1.000000E-35  1.000000E-35
   1.411000E+04  1.000000E-35  1.000000E-35
   1.413000E+04  1.000000E-35  1.000000E-35
   1.415000E+04  1.000000E-35  1.000000E-35
   1.417000E+04  1.000000E-35  1.000000E-35
   1.419000E+04  1.000000E-35  1.000000E-35
   1.421000E+04  1.000000E-35  1.000000E-35
   1.423000E+04  1.000000E-35  1.000000E-35
   1.425000E+04  1.000000E-35  1.000000E-35
   1.427000E+04  1.000000E-35  1.000000E-35
   1.429000E+04  1.000000E-35  1.000000E-35
   1.431000E+04  1.000000E-35  1.000000E-35
   1.433000E+04  1.000000E-35  1.000000E-35
   1.435000E+04  1.000000E-35  1.000000E-35
   1.437000E+04  1.000000E-35  1.000000E-35
   1.439000E+04  1.000000E-35  1.000000E-35
   1.441000E+04  1.000000E-35  1.000000E-35
   1.443000E+04  1.000000E-35  1.000000E-35
   1.445000E+04  1.000000E-35  1.000000E-35
   1.447000E+04  1.000000E-35  1.000000E-35
   1.449000E+04  1.000000E-35  1.000000E-35
   1.451000E+04  1.000000E-35  1.000000E-35
   1.453000E+04  1.000000E-35  1.000000E-35
   1.455000E+04  1.000000E-35  1.000000E-35
   1.457000E+04  1.000000E-35  1.000000E-35
   1.459000E+04  1.000000E-35  1.000000E-35
   1.461000E+04  1.000000E-35  1.000000E-35
   1.463000E+04  1.000000E-35  1.000000E-35
   1.465000E+04  1.000000E-35  1.000000E-35
   1.467000E+04  1.000000E-35  1.000000E-35
   1.469000E+04  1.000000E-35  1.000000E-35
   1.471000E+04  1.000000E-35  1.000000E-35
   1.473000E+04  1.000000E-35  1.000000E-35
   1.475000E+04  1.000000E-35  1.000000E-35
   1.477000E+04  1.000000E-35  1.000000E-35
   1.479000E+04  1.000000E-35  1.000000E-35
   1.481000E+04  1.000000E-35  1.000000E-35
   1.483000E+04  1.000000E-35  1.000000E-35
   1.485000E+04  1.000000E-35  1.000000E-35
   1.487000E+04  1.000000E-35  1.000000E-35
   1.489000E+04  1.000000E-35  1.000000E-35
   1.491000E+04  1.000000E-35  1.000000E-35
   1.493000E+04  1.000000E-35  1.000000E-35
   1.495000E+04  1.000000E-35  1.000000E-35
   1.497000E+04  1.000000E-35  1.000000E-35
   1.499000E+04  1.000000E-35  1.000000E-35
   1.501000E+04  1.000000E-35  1.000000E-35
   1.503000E+04  1.000000E-35  1.000000E-35
   1.505000E+04  1.000000E-35  1.000000E-35
   1.507000E+04  1.000000E-35  1.000000E-35
   1.509000E+04  1.000000E-35  1.000000E-35
   1.511000E+04  1.000000E-35  1.000000E-35
   1.513000E+04  1.000000E-35  1.000000E-35
   1.515000E+04  1.000000E-35  1.000000E-35
   1.517000E+04  1.000000E-35  1.000000E-35
   1.519000E+04  1.000000E-35  1.000000E-35
   1.521000E+04  1.000000E-35  1.000000E-35
   1.523000E+04  1.000000E-35  1.000000E-35
   1.525000E+04  1.000000E-35  1.000000E-35
   1.527000E+04  1.000000E-35  1.000000E-35
   1.529000E+04  1.000000E-35  1.000000E-35
   1.531000E+04  1.000000E-35  1.000000E-35
   1.533000E+04  1.000000E-35  1.000000E-35
   1.535000E+04  1.000000E-35  1.000000E-35
   1.537000E+04  1.000000E-35  1.000000E-35
   1.539000E+04  1.000000E-35  1.000000E-35
   1.541000E+04  1.000000E-35  1.000000E-35
   1.543000E+04  1.000000E-35  1.000000E-35
   1.545000E+04  1.000000E-35  1.000000E-35
   1.547000E+04  1.000000E-35  1.000000E-35
   1.549000E+04  1.000000E-35  1.000000E-35
   1.551000E+04  1.000000E-35  1.000000E-35
   1.553000E+04  1.000000E-35  1.000000E-35
   1.555000E+04  1.000000E-35  1.000000E-35
   1.557000E+04  1.000000E-35  1.000000E-35
   1.559000E+04  1.000000E-35  1.000000E-35
   1.561000E+04  1.000000E-35  1.000000E-35
   1.563000E+04  1.000000E-35  1.000000E-35
   1.565000E+04  1.000000E-35  1.000000E-35
   1.567000E+04  1.000000E-35  1.000000E-35
   1.569000E+04  1.000000E-35  1.000000E-35
   1.571000E+04  1.000000E-35  1.000000E-35
   1.573000E+04  1.000000E-35  1.000000E-35
   1.575000E+04  1.000000E-35  1.000000E-35
   1.577000E+04  1.000000E-35  1.000000E-35
   1.579000E+04  1.000000E-35  1.000000E-35
   1.581000E+04  1.000000E-35  1.000000E-35
   1.583000E+04  1.000000E-35  1.000000E-35
   1.585000E+04  1.000000E-35  1.000000E-35
   1.587000E+04  1.000000E-35  1.000000E-35
   1.589000E+04  1.000000E-35  1.000000E-35
   1.591000E+04  1.000000E-35  1.000000E-35
   1.593000E+04  1.000000E-35  1.000000E-35
   1.595000E+04  1.000000E-35  1.000000E-35
   1.597000E+04  1.000000E-35  1.000000E-35
   1.599000E+04  1.000000E-35  1.000000E-35
   1.601000E+04  1.000000E-35  1.000000E-35
   1.603000E+04  1.000000E-35  1.000000E-35
   1.605000E+04  1.000000E-35  1.000000E-35
   1.607000E+04  1.000000E-35  1.000000E-35
   1.609000E+04  1.000000E-35  1.000000E-35
   1.611000E+04  1.000000E-35  1.000000E-35
   1.613000E+04  1.000000E-35  1.000000E-35
   1.615000E+04  1.000000E-35  1.000000E-35
   1.617000E+04  1.000000E-35  1.000000E-35
   1.619000E+04  1.000000E-35  1.000000E-35
   1.621000E+04  1.000000E-35  1.000000E-35
   1.623000E+04  1.000000E-35  1.000000E-35
   1.625000E+04  1.000000E-35  1.000000E-35
   1.627000E+04  1.000000E-35  1.000000E-35
   1.629000E+04  1.000000E-35  1.000000E-35
   1.631000E+04  1.000000E-35  1.000000E-35
   1.633000E+04  1.000000E-35  1.000000E-35
   1.635000E+04  1.000000E-35  1.000000E-35
   1.637000E+04  1.000000E-35  1.000000E-35
   1.639000E+04  1.000000E-35  1.000000E-35
   1.641000E+04  1.000000E-35  1.000000E-35
   1.643000E+04  1.000000E-35  1.000000E-35
   1.645000E+04  1.000000E-35  1.000000E-35
   1.647000E+04  1.000000E-35  1.000000E-35
   1.649000E+04  1.000000E-35  1.000000E-35
   1.651000E+04  1.000000E-35  1.000000E-35
   1.653000E+04  1.000000E-35  1.000000E-35
   1.655000E+04  1.000000E-35  1.000000E-35
   1.657000E+04  1.000000E-35  1.000000E-35
   1.659000E+04  1.000000E-35  1.000000E-35
   1.661000E+04  1.000000E-35  1.000000E-35
   1.663000E+04  1.000000E-35  1.000000E-35
   1.665000E+04  1.000000E-35  1.000000E-35
   1.667000E+04  1.000000E-35  1.000000E-35
   1.669000E+04  1.000000E-35  1.000000E-35
   1.671000E+04  1.000000E-35  1.000000E-35
   1.673000E+04  1.000000E-35  1.000000E-35
   1.675000E+04  1.000000E-35  1.000000E-35
   1.677000E+04  1.000000E-35  1.000000E-35
   1.679000E+04  1.000000E-35  1.000000E-35
   1.681000E+04  1.000000E-35  1.000000E-35
   1.683000E+04  1.000000E-35  1.000000E-35
   1.685000E+04  1.000000E-35  1.000000E-35
   1.687000E+04  1.000000E-35  1.000000E-35
   1.689000E+04  1.000000E-35  1.000000E-35
   1.691000E+04  1.000000E-35  1.000000E-35
   1.693000E+04  1.000000E-35  1.000000E-35
   1.695000E+04  1.000000E-35  1.000000E-35
   1.697000E+04  1.000000E-35  1.000000E-35
   1.699000E+04  1.000000E-35  1.000000E-35
   1.701000E+04  1.000000E-35  1.000000E-35
   1.703000E+04  1.000000E-35  1.000000E-35
   1.705000E+04  1.000000E-35  1.000000E-35
   1.707000E+04  1.000000E-35  1.000000E-35
   1.709000E+04  1.000000E-35  1.000000E-35
   1.711000E+04  1.000000E-35  1.000000E-35
   1.713000E+04  1.000000E-35  1.000000E-35
   1.715000E+04  1.000000E-35  1.000000E-35
   1.717000E+04  1.000000E-35  1.000000E-35
   1.719000E+04  1.000000E-35  1.000000E-35
   1.721000E+04  1.000000E-35  1.000000E-35
   1.723000E+04  1.000000E-35  1.000000E-35
   1.725000E+04  1.000000E-35  1.000000E-35
   1.727000E+04  1.000000E-35  1.000000E-35
   1.729000E+04  1.000000E-35  1.000000E-35
   1.731000E+04  1.000000E-35  1.000000E-35
   1.733000E+04  1.000000E-35  1.000000E-35
   1.735000E+04  1.000000E-35  1.000000E-35
   1.737000E+04  1.000000E-35  1.000000E-35
   1.739000E+04  1.000000E-35  1.000000E-35
   1.741000E+04  1.000000E-35  1.000000E-35
   1.743000E+04  1.000000E-35  1.000000E-35
   1.745000E+04  1.000000E-35  1.000000E-35
   1.747000E+04  1.000000E-35  1.000000E-35
   1.749000E+04  1.000000E-35  1.000000E-35
   1.751000E+04  1.000000E-35  1.000000E-35
   1.753000E+04  1.000000E-35  1.000000E-35
   1.755000E+04  1.000000E-35  1.000000E-35
   1.757000E+04  1.000000E-35  1.000000E-35
   1.759000E+04  1.000000E-35  1.000000E-35
   1.761000E+04  1.000000E-35  1.000000E-35
   1.763000E+04  1.000000E-35  1.000000E-35
   1.765000E+04  1.000000E-35  1.000000E-35
   1.767000E+04  1.000000E-35  1.000000E-35
   1.769000E+04  1.000000E-35  1.000000E-35
   1.771000E+04  1.000000E-35  1.000000E-35
   1.773000E+04  1.000000E-35  1.000000E-35
   1.775000E+04  1.000000E-35  1.000000E-35
   1.777000E+04  1.000000E-35  1.000000E-35
   1.779000E+04  1.000000E-35  1.000000E-35
   1.781000E+04  1.000000E-35  1.000000E-35
   1.783000E+04  1.000000E-35  1.000000E-35
   1.785000E+04  1.000000E-35  1.000000E-35
   1.787000E+04  1.000000E-35  1.000000E-35
   1.789000E+04  1.000000E-35  1.000000E-35
   1.791000E+04  1.000000E-35  1.000000E-35
   1.793000E+04  1.000000E-35  1.000000E-35
   1.795000E+04  1.000000E-35  1.000000E-35
   1.797000E+04  1.000000E-35  1.000000E-35
   1.799000E+04  1.000000E-35  1.000000E-35
   1.801000E+04  1.000000E-35  1.000000E-35
   1.803000E+04  1.000000E-35  1.000000E-35
   1.805000E+04  1.000000E-35  1.000000E-35
   1.807000E+04  1.000000E-35  1.000000E-35
   1.809000E+04  1.000000E-35  1.000000E-35
   1.811000E+04  1.000000E-35  1.000000E-35
   1.813000E+04  1.000000E-35  1.000000E-35
   1.815000E+04  1.000000E-35  1.000000E-35
   1.817000E+04  1.000000E-35  1.000000E-35
   1.819000E+04  1.000000E-35  1.000000E-35
   1.821000E+04  1.000000E-35  1.000000E-35
   1.823000E+04  1.000000E-35  1.000000E-35
   1.825000E+04  1.000000E-35  1.000000E-35
   1.827000E+04  1.000000E-35  1.000000E-35
   1.829000E+04  1.000000E-35  1.000000E-35
   1.831000E+04  1.000000E-35  1.000000E-35
   1.833000E+04  1.000000E-35  1.000000E-35
   1.835000E+04  1.000000E-35  1.000000E-35
   1.837000E+04  1.000000E-35  1.000000E-35
   1.839000E+04  1.000000E-35  1.000000E-35
   1.841000E+04  1.000000E-35  1.000000E-35
   1.843000E+04  1.000000E-35  1.000000E-35
   1.845000E+04  1.000000E-35  1.000000E-35
   1.847000E+04  1.000000E-35  1.000000E-35
   1.849000E+04  1.000000E-35  1.000000E-35
   1.851000E+04  1.000000E-35  1.000000E-35
   1.853000E+04  1.000000E-35  1.000000E-35
   1.855000E+04  1.000000E-35  1.000000E-35
   1.857000E+04  1.000000E-35  1.000000E-35
   1.859000E+04  1.000000E-35  1.000000E-35
   1.861000E+04  1.000000E-35  1.000000E-35
   1.863000E+04  1.000000E-35  1.000000E-35
   1.865000E+04  1.000000E-35  1.000000E-35
   1.867000E+04  1.000000E-35  1.000000E-35
   1.869000E+04  1.000000E-35  1.000000E-35
   1.871000E+04  1.000000E-35  1.000000E-35
   1.873000E+04  1.000000E-35  1.000000E-35
   1.875000E+04  1.000000E-35  1.000000E-35
   1.877000E+04  1.000000E-35  1.000000E-35
   1.879000E+04  1.000000E-35  1.000000E-35
   1.881000E+04  1.000000E-35  1.000000E-35
   1.883000E+04  1.000000E-35  1.000000E-35
   1.885000E+04  1.000000E-35  1.000000E-35
   1.887000E+04  1.000000E-35  1.000000E-35
   1.889000E+04  1.000000E-35  1.000000E-35
   1.891000E+04  1.000000E-35  1.000000E-35
   1.893000E+04  1.000000E-35  1.000000E-35
   1.895000E+04  1.000000E-35  1.000000E-35
   1.897000E+04  1.000000E-35  1.000000E-35
   1.899000E+04  1.000000E-35  1.000000E-35
   1.901000E+04  1.000000E-35  1.000000E-35
   1.903000E+04  1.000000E-35  1.000000E-35
   1.905000E+04  1.000000E-35  1.000000E-35
   1.907000E+04  1.000000E-35  1.000000E-35
   1.909000E+04  1.000000E-35  1.000000E-35
   1.911000E+04  1.000000E-35  1.000000E-35
   1.913000E+04  1.000000E-35  1.000000E-35
   1.915000E+04  1.000000E-35  1.000000E-35
   1.917000E+04  1.000000E-35  1.000000E-35
   1.919000E+04  1.000000E-35  1.000000E-35
   1.921000E+04  1.000000E-35  1.000000E-35
   1.923000E+04  1.000000E-35  1.000000E-35
   1.925000E+04  1.000000E-35  1.000000E-35
   1.927000E+04  1.000000E-35  1.000000E-35
   1.929000E+04  1.000000E-35  1.000000E-35
   1.931000E+04  1.000000E-35  1.000000E-35
   1.933000E+04  1.000000E-35  1.000000E-35
   1.935000E+04  1.000000E-35  1.000000E-35
   1.937000E+04  1.000000E-35  1.000000E-35
   1.939000E+04  1.000000E-35  1.000000E-35
   1.941000E+04  1.000000E-35  1.000000E-35
   1.943000E+04  1.000000E-35  1.000000E-35
   1.945000E+04  1.000000E-35  1.000000E-35
   1.947000E+04  1.000000E-35  1.000000E-35
   1.949000E+04  1.000000E-35  1.000000E-35
   1.951000E+04  1.000000E-35  1.000000E-35
   1.953000E+04  1.000000E-35  1.000000E-35
   1.955000E+04  1.000000E-35  1.000000E-35
   1.957000E+04  1.000000E-35  1.000000E-35
   1.959000E+04  1.000000E-35  1.000000E-35
   1.961000E+04  1.000000E-35  1.000000E-35
   1.963000E+04  1.000000E-35  1.000000E-35
   1.965000E+04  1.000000E-35  1.000000E-35
   1.967000E+04  1.000000E-35  1.000000E-35
   1.969000E+04  1.000000E-35  1.000000E-35
   1.971000E+04  1.000000E-35  1.000000E-35
   1.973000E+04  1.000000E-35  1.000000E-35
   1.975000E+04  1.000000E-35  1.000000E-35
   1.977000E+04  1.000000E-35  1.000000E-35
   1.979000E+04  1.000000E-35  1.000000E-35
   1.981000E+04  1.000000E-35  1.000000E-35
   1.983000E+04  1.000000E-35  1.000000E-35
   1.985000E+04  1.000000E-35  1.000000E-35
   1.987000E+04  1.000000E-35  1.000000E-35
   1.989000E+04  1.000000E-35  1.000000E-35
   1.991000E+04  1.000000E-35  1.000000E-35
   1.993000E+04  1.000000E-35  1.000000E-35
   1.995000E+04  1.000000E-35  1.000000E-35
   1.997000E+04  1.000000E-35  1.000000E-35
   1.999000E+04  1.000000E-35  1.000000E-35
