 #  Results from PENEPMA. Output from photon detector #  1
 #
 #  Angular intervals : theta_1 = 4.500000E+01,  theta_2 = 5.500000E+01
 #                        phi_1 = 0.000000E+00,    phi_2 = 3.600000E+02
 #
 #  Intensities of characteristic lines. All in 1/(sr*electron).
 #    P = primary photons (from electron interactions);
 #    C = flourescence from characteristic x rays;
 #    B = flourescence from bremsstrahlung quanta;
 #   TF = C+B, total fluorescence;
 #  unc = statistical uncertainty (3 sigma).
 #
 # IZ S0 S1  E (eV)      P            unc       C            unc       B            unc       TF           unc       T            unc
   14 L1 M3  1.4503E+02  5.247802E-08 1.11E-07  0.000000E+00 0.00E+00  0.000000E+00 0.00E+00  0.000000E+00 0.00E+00  5.247802E-08 1.11E-07
   20 L3 M1  3.0269E+02  8.658874E-07 4.52E-07  0.000000E+00 0.00E+00  2.178222E-10 3.77E-10  2.178222E-10 3.77E-10  8.661052E-07 4.52E-07
   20 L2 M1  3.0643E+02  4.460632E-07 3.25E-07  0.000000E+00 0.00E+00  7.260740E-11 2.18E-10  7.260740E-11 2.18E-10  4.461358E-07 3.25E-07
   20 L2 N1  3.5359E+02  2.623901E-08 7.87E-08  0.000000E+00 0.00E+00  0.000000E+00 0.00E+00  0.000000E+00 0.00E+00  2.623901E-08 7.87E-08
   50 M5 N3  3.9882E+02  2.623901E-08 7.87E-08  0.000000E+00 0.00E+00  0.000000E+00 0.00E+00  0.000000E+00 0.00E+00  2.623901E-08 7.87E-08
   50 M4 N2  3.9993E+02  2.623901E-08 7.87E-08  0.000000E+00 0.00E+00  0.000000E+00 0.00E+00  0.000000E+00 0.00E+00  2.623901E-08 7.87E-08
   20 L1 M2  4.1543E+02  1.311951E-07 1.76E-07  0.000000E+00 0.00E+00  0.000000E+00 0.00E+00  0.000000E+00 0.00E+00  1.311951E-07 1.76E-07
   20 L1 M3  4.1580E+02  1.836731E-07 2.08E-07  0.000000E+00 0.00E+00  0.000000E+00 0.00E+00  0.000000E+00 0.00E+00  1.836731E-07 2.08E-07
    8  K L2  5.2309E+02  3.568556E-05 2.90E-06  2.623901E-08 7.87E-08  1.423105E-08 3.05E-09  4.047006E-08 8.18E-08  3.572603E-05 2.90E-06
    8  K L3  5.2313E+02  7.304970E-05 4.16E-06  5.247802E-08 1.11E-07  2.817167E-08 4.29E-09  8.064970E-08 1.16E-07  7.313035E-05 4.16E-06
   26 L3 M1  6.1530E+02  2.623901E-08 7.87E-08  0.000000E+00 0.00E+00  0.000000E+00 0.00E+00  0.000000E+00 0.00E+00  2.623901E-08 7.87E-08
   51 M3 N5  7.2113E+02  2.623901E-08 7.87E-08  0.000000E+00 0.00E+00  0.000000E+00 0.00E+00  0.000000E+00 0.00E+00  2.623901E-08 7.87E-08
   56 M3 N5  9.5754E+02  2.623901E-08 7.87E-08  0.000000E+00 0.00E+00  0.000000E+00 0.00E+00  0.000000E+00 0.00E+00  2.623901E-08 7.87E-08
   33 L3 M1  1.1198E+03  0.000000E+00 0.00E+00  0.000000E+00 0.00E+00  1.452148E-10 3.08E-10  1.452148E-10 3.08E-10  1.452148E-10 3.08E-10
   12  K L2  1.2534E+03  9.970825E-07 4.85E-07  0.000000E+00 0.00E+00  1.452148E-09 9.74E-10  1.452148E-09 9.74E-10  9.985346E-07 4.85E-07
   12  K L3  1.2537E+03  1.626819E-06 6.20E-07  0.000000E+00 0.00E+00  2.396044E-09 1.25E-09  2.396044E-09 1.25E-09  1.629215E-06 6.20E-07
   33 L3 M4  1.2820E+03  0.000000E+00 0.00E+00  0.000000E+00 0.00E+00  7.260740E-11 2.18E-10  7.260740E-11 2.18E-10  7.260740E-11 2.18E-10
   33 L3 M5  1.2820E+03  2.623901E-08 7.87E-08  0.000000E+00 0.00E+00  7.260740E-11 2.18E-10  7.260740E-11 2.18E-10  2.631162E-08 7.87E-08
   33 L2 M4  1.3170E+03  0.000000E+00 0.00E+00  0.000000E+00 0.00E+00  7.260740E-11 2.18E-10  7.260740E-11 2.18E-10  7.260740E-11 2.18E-10
   13  K L2  1.4863E+03  1.036441E-05 1.56E-06  2.623901E-07 2.49E-07  2.446870E-08 4.00E-09  2.868588E-07 2.53E-07  1.065127E-05 1.58E-06
   13  K L3  1.4867E+03  2.002037E-05 2.17E-06  4.198242E-07 3.15E-07  4.784828E-08 5.59E-09  4.676725E-07 3.20E-07  2.048804E-05 2.20E-06
   13  K M3  1.5576E+03  5.247802E-08 1.11E-07  0.000000E+00 0.00E+00  1.452148E-10 3.08E-10  1.452148E-10 3.08E-10  5.262324E-08 1.11E-07
   13  K M2  1.5576E+03  2.623901E-08 7.87E-08  0.000000E+00 0.00E+00  7.260740E-11 2.18E-10  7.260740E-11 2.18E-10  2.631162E-08 7.87E-08
   38 L3 M1  1.5822E+03  1.836731E-07 2.08E-07  0.000000E+00 0.00E+00  4.356444E-10 5.34E-10  4.356444E-10 5.34E-10  1.841087E-07 2.08E-07
   38 L2 M1  1.6493E+03  5.247802E-08 1.11E-07  0.000000E+00 0.00E+00  0.000000E+00 0.00E+00  0.000000E+00 0.00E+00  5.247802E-08 1.11E-07
   14  K L2  1.7394E+03  3.397959E-05 2.83E-06  0.000000E+00 0.00E+00  8.560413E-08 7.48E-09  8.560413E-08 7.48E-09  3.406520E-05 2.83E-06
   14  K L3  1.7400E+03  6.386605E-05 3.88E-06  2.623901E-08 7.87E-08  1.703370E-07 1.05E-08  1.965760E-07 8.93E-08  6.406262E-05 3.88E-06
   38 L3 M4  1.8048E+03  5.247802E-08 1.11E-07  0.000000E+00 0.00E+00  1.452148E-10 3.08E-10  1.452148E-10 3.08E-10  5.262324E-08 1.11E-07
   38 L3 M5  1.8066E+03  8.134094E-07 4.38E-07  0.000000E+00 0.00E+00  2.976904E-09 1.39E-09  2.976904E-09 1.39E-09  8.163863E-07 4.38E-07
   14  K M3  1.8360E+03  1.311951E-06 5.57E-07  0.000000E+00 0.00E+00  2.759081E-09 1.34E-09  2.759081E-09 1.34E-09  1.314710E-06 5.57E-07
   14  K M2  1.8360E+03  5.247802E-07 3.52E-07  0.000000E+00 0.00E+00  1.234326E-09 8.98E-10  1.234326E-09 8.98E-10  5.260146E-07 3.52E-07
   38 L2 M4  1.8717E+03  2.361511E-07 2.36E-07  0.000000E+00 0.00E+00  7.986815E-10 7.22E-10  7.986815E-10 7.22E-10  2.369498E-07 2.36E-07
   38 L3 N1  1.8960E+03  0.000000E+00 0.00E+00  0.000000E+00 0.00E+00  7.260740E-11 2.18E-10  7.260740E-11 2.18E-10  7.260740E-11 2.18E-10
   38 L1 M3  1.9472E+03  2.623901E-08 7.87E-08  0.000000E+00 0.00E+00  7.260740E-11 2.18E-10  7.260740E-11 2.18E-10  2.631162E-08 7.87E-08
   40 L3 M5  2.0425E+03  2.623901E-08 7.87E-08  0.000000E+00 0.00E+00  0.000000E+00 0.00E+00  0.000000E+00 0.00E+00  2.623901E-08 7.87E-08
   40 L2 M4  2.1244E+03  0.000000E+00 0.00E+00  0.000000E+00 0.00E+00  1.452148E-10 3.08E-10  1.452148E-10 3.08E-10  1.452148E-10 3.08E-10
   50 L3 M1  3.0450E+03  2.623901E-08 7.87E-08  0.000000E+00 0.00E+00  1.452148E-10 3.08E-10  1.452148E-10 3.08E-10  2.638423E-08 7.87E-08
   51 L3 M1  3.1886E+03  0.000000E+00 0.00E+00  0.000000E+00 0.00E+00  7.260740E-11 2.18E-10  7.260740E-11 2.18E-10  7.260740E-11 2.18E-10
   50 L3 M5  3.4440E+03  1.049560E-07 1.57E-07  0.000000E+00 0.00E+00  7.260740E-10 6.89E-10  7.260740E-10 6.89E-10  1.056821E-07 1.57E-07
   51 L3 M4  3.5954E+03  0.000000E+00 0.00E+00  0.000000E+00 0.00E+00  7.260740E-11 2.18E-10  7.260740E-11 2.18E-10  7.260740E-11 2.18E-10
   51 L3 M5  3.6048E+03  0.000000E+00 0.00E+00  0.000000E+00 0.00E+00  2.904296E-10 4.36E-10  2.904296E-10 4.36E-10  2.904296E-10 4.36E-10
   50 L2 M4  3.6628E+03  5.247802E-08 1.11E-07  0.000000E+00 0.00E+00  2.178222E-10 3.77E-10  2.178222E-10 3.77E-10  5.269585E-08 1.11E-07
   20  K L2  3.6881E+03  1.967926E-06 6.82E-07  0.000000E+00 0.00E+00  2.867992E-08 4.34E-09  2.867992E-08 4.34E-09  1.996606E-06 6.82E-07
   20  K L3  3.6917E+03  3.962091E-06 9.67E-07  0.000000E+00 0.00E+00  5.532684E-08 6.01E-09  5.532684E-08 6.01E-09  4.017418E-06 9.67E-07
   50 L1 M3  3.7504E+03  0.000000E+00 0.00E+00  0.000000E+00 0.00E+00  7.260740E-11 2.18E-10  7.260740E-11 2.18E-10  7.260740E-11 2.18E-10
   51 L2 M4  3.8436E+03  0.000000E+00 0.00E+00  0.000000E+00 0.00E+00  7.260740E-11 2.18E-10  7.260740E-11 2.18E-10  7.260740E-11 2.18E-10
   50 L3 N5  3.8944E+03  0.000000E+00 0.00E+00  0.000000E+00 0.00E+00  1.452148E-10 3.08E-10  1.452148E-10 3.08E-10  1.452148E-10 3.08E-10
   56 L3 M1  3.9542E+03  0.000000E+00 0.00E+00  0.000000E+00 0.00E+00  7.260740E-11 2.18E-10  7.260740E-11 2.18E-10  7.260740E-11 2.18E-10
   20  K M2  4.0128E+03  2.623901E-07 2.49E-07  0.000000E+00 0.00E+00  3.485155E-09 1.51E-09  3.485155E-09 1.51E-09  2.658753E-07 2.49E-07
   20  K M3  4.0128E+03  7.346923E-07 4.17E-07  0.000000E+00 0.00E+00  6.970311E-09 2.13E-09  6.970311E-09 2.13E-09  7.416626E-07 4.17E-07
   51 L3 N4  4.0886E+03  0.000000E+00 0.00E+00  0.000000E+00 0.00E+00  7.260740E-11 2.18E-10  7.260740E-11 2.18E-10  7.260740E-11 2.18E-10
   51 L3 N5  4.0899E+03  2.623901E-08 7.87E-08  0.000000E+00 0.00E+00  0.000000E+00 0.00E+00  0.000000E+00 0.00E+00  2.623901E-08 7.87E-08
   50 L2 N4  4.1273E+03  2.623901E-08 7.87E-08  0.000000E+00 0.00E+00  0.000000E+00 0.00E+00  0.000000E+00 0.00E+00  2.623901E-08 7.87E-08
   56 L3 M5  4.4663E+03  5.247802E-08 1.11E-07  0.000000E+00 0.00E+00  7.260740E-10 6.89E-10  7.260740E-10 6.89E-10  5.320410E-08 1.11E-07
   22  K L2  4.5049E+03  0.000000E+00 0.00E+00  0.000000E+00 0.00E+00  3.630370E-10 4.87E-10  3.630370E-10 4.87E-10  3.630370E-10 4.87E-10
   22  K L3  4.5109E+03  0.000000E+00 0.00E+00  0.000000E+00 0.00E+00  2.178222E-10 3.77E-10  2.178222E-10 3.77E-10  2.178222E-10 3.77E-10
   51 L1 N3  4.5656E+03  0.000000E+00 0.00E+00  0.000000E+00 0.00E+00  7.260740E-11 2.18E-10  7.260740E-11 2.18E-10  7.260740E-11 2.18E-10
   56 L2 M4  4.8276E+03  0.000000E+00 0.00E+00  0.000000E+00 0.00E+00  5.082518E-10 5.76E-10  5.082518E-10 5.76E-10  5.082518E-10 5.76E-10
   56 L1 M2  4.8520E+03  0.000000E+00 0.00E+00  0.000000E+00 0.00E+00  1.452148E-10 3.08E-10  1.452148E-10 3.08E-10  1.452148E-10 3.08E-10
   22  K M2  4.9318E+03  0.000000E+00 0.00E+00  0.000000E+00 0.00E+00  7.260740E-11 2.18E-10  7.260740E-11 2.18E-10  7.260740E-11 2.18E-10
   56 L3 N1  4.9871E+03  0.000000E+00 0.00E+00  0.000000E+00 0.00E+00  7.260740E-11 2.18E-10  7.260740E-11 2.18E-10  7.260740E-11 2.18E-10
   56 L3 N5  5.1439E+03  0.000000E+00 0.00E+00  0.000000E+00 0.00E+00  1.452148E-10 3.08E-10  1.452148E-10 3.08E-10  1.452148E-10 3.08E-10
   56 L2 N4  5.5281E+03  2.623901E-08 7.87E-08  0.000000E+00 0.00E+00  7.260740E-11 2.18E-10  7.260740E-11 2.18E-10  2.631162E-08 7.87E-08
   26  K L2  6.3910E+03  0.000000E+00 0.00E+00  0.000000E+00 0.00E+00  5.082518E-10 5.76E-10  5.082518E-10 5.76E-10  5.082518E-10 5.76E-10
   26  K L3  6.4040E+03  5.247802E-08 1.11E-07  0.000000E+00 0.00E+00  7.986815E-10 7.22E-10  7.986815E-10 7.22E-10  5.327671E-08 1.11E-07
   26  K M2  7.0582E+03  0.000000E+00 0.00E+00  0.000000E+00 0.00E+00  7.260740E-11 2.18E-10  7.260740E-11 2.18E-10  7.260740E-11 2.18E-10
   26  K M3  7.0582E+03  0.000000E+00 0.00E+00  0.000000E+00 0.00E+00  7.260740E-11 2.18E-10  7.260740E-11 2.18E-10  7.260740E-11 2.18E-10
   33  K L3  1.0543E+04  0.000000E+00 0.00E+00  0.000000E+00 0.00E+00  7.260740E-11 2.18E-10  7.260740E-11 2.18E-10  7.260740E-11 2.18E-10
   33  K M2  1.1720E+04  0.000000E+00 0.00E+00  0.000000E+00 0.00E+00  7.260740E-11 2.18E-10  7.260740E-11 2.18E-10  7.260740E-11 2.18E-10
   33  K M3  1.1726E+04  0.000000E+00 0.00E+00  0.000000E+00 0.00E+00  7.260740E-11 2.18E-10  7.260740E-11 2.18E-10  7.260740E-11 2.18E-10
