 #  Results from PENEPMA. Phi rho z distribution.
 #
 #  Z = 29, S1 =  1, S2 =  4
 #
 #  Angular intervals : theta_1 = 4.000000E+01,  theta_2 = 6.000000E+01
 #                        phi_1 = 0.000000E+00,    phi_2 = 3.600000E+02
 #
 # Intensities of characteristic lines. All in 1/(cm*sr*electron).
 #    P = primary photons (from electron interactions);
 #    C = flourescence from characteristic x rays;
 #    B = flourescence from bremsstrahlung quanta;
 #   TF = C+B, total fluorescence;
 #    T = P+C+B, total intensity;
 #    E = emitted; G = generated;
 #  unc = statistical uncertainty (3 sigma).
 #
 # D (cm)     DF (cm)    PE            unc       PG            unc       CE            unc       CG            unc       BE            unc       BG            unc       TFE           unc       TFG           unc       TE            unc       TG            unc
   0.000E+00  0.000E+00  1.224298E+00  1.26E+00  1.221273E+00  2.30E-02  0.000000E+00  0.00E+00  0.000000E+00  0.00E+00  1.570672E-02  2.17E-04  1.557079E-02  7.90E-05  1.570672E-02  2.17E-04  1.557079E-02  7.90E-05  9.261532E-01  2.44E-01  9.196908E-01  8.86E-02
   6.616E-07  1.323E-05  1.263021E+00  1.28E+00  1.237111E+00  2.32E-02  0.000000E+00  0.00E+00  0.000000E+00  0.00E+00  1.704078E-02  2.26E-04  1.726326E-02  8.32E-05  1.704078E-02  2.26E-04  1.726326E-02  8.32E-05  1.099964E+00  2.66E-01  1.008502E+00  9.28E-02
   1.323E-06  2.646E-05  8.482868E-01  1.05E+00  8.493403E-01  1.92E-02  0.000000E+00  0.00E+00  0.000000E+00  0.00E+00  1.634786E-02  2.22E-04  1.667768E-02  8.18E-05  1.634786E-02  2.22E-04  1.667768E-02  8.18E-05  1.071333E+00  2.62E-01  1.035804E+00  9.41E-02
   1.985E-06  3.969E-05  4.932657E-01  8.02E-01  4.962789E-01  1.47E-02  0.000000E+00  0.00E+00  0.000000E+00  0.00E+00  1.471044E-02  2.10E-04  1.510725E-02  7.79E-05  1.471044E-02  2.10E-04  1.510725E-02  7.79E-05  1.187087E+00  2.76E-01  1.162151E+00  9.98E-02
   2.646E-06  5.293E-05  2.294428E-01  5.48E-01  2.459491E-01  1.03E-02  0.000000E+00  0.00E+00  0.000000E+00  0.00E+00  1.283680E-02  1.96E-04  1.327408E-02  7.30E-05  1.283680E-02  1.96E-04  1.327408E-02  7.30E-05  9.630980E-01  2.49E-01  1.096810E+00  9.68E-02
   3.308E-06  6.616E-05  1.009693E-01  3.63E-01  1.043202E-01  6.73E-03  0.000000E+00  0.00E+00  0.000000E+00  0.00E+00  1.121575E-02  1.84E-04  1.166591E-02  6.84E-05  1.121575E-02  1.84E-04  1.166591E-02  6.84E-05  1.245732E+00  2.83E-01  1.167480E+00  9.99E-02
   3.969E-06  7.939E-05  3.691350E-02  2.19E-01  3.817530E-02  4.07E-03  0.000000E+00  0.00E+00  0.000000E+00  0.00E+00  9.713966E-03  1.71E-04  1.028303E-02  6.42E-05  9.713966E-03  1.71E-04  1.028303E-02  6.42E-05  1.318105E+00  2.91E-01  1.241742E+00  1.03E-01
   4.631E-06  9.262E-05  1.158071E-02  1.23E-01  1.155369E-02  2.24E-03  0.000000E+00  0.00E+00  4.814036E-05  1.44E-04  8.582702E-03  1.61E-04  9.224273E-03  6.08E-05  8.582702E-03  1.61E-04  9.272413E-03  2.05E-04  1.441076E+00  3.05E-01  1.257277E+00  1.04E-01
   5.293E-06  1.059E-04  2.895177E-03  6.14E-02  2.695860E-03  1.08E-03  0.000000E+00  0.00E+00  0.000000E+00  0.00E+00  7.793223E-03  1.53E-04  8.385949E-03  5.79E-05  7.793223E-03  1.53E-04  8.385949E-03  5.79E-05  1.130393E+00  2.69E-01  1.242264E+00  1.03E-01
   5.954E-06  1.191E-04  0.000000E+00  0.00E+00  1.444211E-04  2.50E-04  0.000000E+00  0.00E+00  0.000000E+00  0.00E+00  7.101636E-03  1.46E-04  7.712241E-03  5.56E-05  7.101636E-03  1.46E-04  7.712241E-03  5.56E-05  1.296585E+00  2.89E-01  1.289421E+00  1.05E-01
   6.616E-06  1.323E-04  0.000000E+00  0.00E+00  9.628071E-05  2.04E-04  0.000000E+00  0.00E+00  0.000000E+00  0.00E+00  6.481880E-03  1.40E-04  7.119108E-03  5.34E-05  6.481880E-03  1.40E-04  7.119108E-03  5.34E-05  1.123101E+00  2.69E-01  1.245055E+00  1.03E-01
   7.277E-06  1.455E-04  0.000000E+00  0.00E+00  0.000000E+00  0.00E+00  0.000000E+00  0.00E+00  0.000000E+00  0.00E+00  6.079289E-03  1.35E-04  6.697791E-03  5.18E-05  6.079289E-03  1.35E-04  6.697791E-03  5.18E-05  1.232138E+00  2.81E-01  1.270574E+00  1.04E-01
   7.939E-06  1.588E-04  0.000000E+00  0.00E+00  0.000000E+00  0.00E+00  0.000000E+00  0.00E+00  0.000000E+00  0.00E+00  5.527689E-03  1.29E-04  6.222875E-03  4.99E-05  5.527689E-03  1.29E-04  6.222875E-03  4.99E-05  1.499761E+00  3.11E-01  1.314961E+00  1.06E-01
   8.600E-06  1.720E-04  0.000000E+00  0.00E+00  0.000000E+00  0.00E+00  0.000000E+00  0.00E+00  0.000000E+00  0.00E+00  5.278116E-03  1.26E-04  5.852978E-03  4.84E-05  5.278116E-03  1.26E-04  5.852978E-03  4.84E-05  1.333549E+00  2.93E-01  1.291055E+00  1.05E-01
   9.262E-06  1.852E-04  0.000000E+00  0.00E+00  0.000000E+00  0.00E+00  3.618971E-04  1.09E-03  4.814036E-05  1.44E-04  4.919293E-03  1.22E-04  5.528635E-03  4.70E-05  5.281190E-03  1.21E-03  5.576775E-03  1.91E-04  1.247062E+00  2.83E-01  1.353734E+00  1.08E-01
   9.924E-06  1.985E-04  0.000000E+00  0.00E+00  0.000000E+00  0.00E+00  0.000000E+00  0.00E+00  0.000000E+00  0.00E+00  4.577508E-03  1.17E-04  5.226380E-03  4.58E-05  4.577508E-03  1.17E-04  5.226380E-03  4.58E-05  1.189552E+00  2.76E-01  1.325841E+00  1.07E-01
   1.059E-05  2.117E-04  0.000000E+00  0.00E+00  0.000000E+00  0.00E+00  0.000000E+00  0.00E+00  0.000000E+00  0.00E+00  4.281161E-03  1.13E-04  4.972701E-03  4.46E-05  4.281161E-03  1.13E-04  4.972701E-03  4.46E-05  1.355551E+00  2.95E-01  1.427943E+00  1.11E-01
   1.125E-05  2.249E-04  0.000000E+00  0.00E+00  0.000000E+00  0.00E+00  0.000000E+00  0.00E+00  0.000000E+00  0.00E+00  4.008869E-03  1.10E-04  4.717644E-03  4.35E-05  4.008869E-03  1.10E-04  4.717644E-03  4.35E-05  1.449797E+00  3.06E-01  1.352917E+00  1.08E-01
   1.191E-05  2.382E-04  0.000000E+00  0.00E+00  0.000000E+00  0.00E+00  0.000000E+00  0.00E+00  0.000000E+00  0.00E+00  3.801059E-03  1.07E-04  4.480319E-03  4.24E-05  3.801059E-03  1.07E-04  4.480319E-03  4.24E-05  1.341649E+00  2.94E-01  1.322580E+00  1.06E-01
   1.257E-05  2.514E-04  0.000000E+00  0.00E+00  0.000000E+00  0.00E+00  0.000000E+00  0.00E+00  0.000000E+00  0.00E+00  3.621647E-03  1.04E-04  4.255306E-03  4.13E-05  3.621647E-03  1.04E-04  4.255306E-03  4.13E-05  1.348406E+00  2.95E-01  1.411070E+00  1.10E-01
   1.323E-05  2.646E-04  0.000000E+00  0.00E+00  0.000000E+00  0.00E+00  0.000000E+00  0.00E+00  0.000000E+00  0.00E+00  3.390450E-03  1.01E-04  4.083534E-03  4.05E-05  3.390450E-03  1.01E-04  4.083534E-03  4.05E-05  1.565344E+00  3.18E-01  1.397601E+00  1.09E-01
   1.389E-05  2.779E-04  0.000000E+00  0.00E+00  0.000000E+00  0.00E+00  0.000000E+00  0.00E+00  0.000000E+00  0.00E+00  3.164932E-03  9.76E-05  3.876698E-03  3.94E-05  3.164932E-03  9.76E-05  3.876698E-03  3.94E-05  1.377017E+00  2.98E-01  1.357028E+00  1.08E-01
   1.455E-05  2.911E-04  0.000000E+00  0.00E+00  0.000000E+00  0.00E+00  0.000000E+00  0.00E+00  4.814036E-05  1.44E-04  2.966476E-03  9.44E-05  3.685460E-03  3.84E-05  2.966476E-03  9.44E-05  3.733601E-03  1.83E-04  1.269250E+00  2.86E-01  1.342791E+00  1.07E-01
   1.522E-05  3.043E-04  0.000000E+00  0.00E+00  0.000000E+00  0.00E+00  0.000000E+00  0.00E+00  0.000000E+00  0.00E+00  2.868585E-03  9.29E-05  3.565109E-03  3.78E-05  2.868585E-03  9.29E-05  3.565109E-03  3.78E-05  1.356626E+00  2.95E-01  1.363203E+00  1.08E-01
   1.588E-05  3.176E-04  0.000000E+00  0.00E+00  0.000000E+00  0.00E+00  0.000000E+00  0.00E+00  0.000000E+00  0.00E+00  2.721247E-03  9.05E-05  3.410626E-03  3.70E-05  2.721247E-03  9.05E-05  3.410626E-03  3.70E-05  1.385364E+00  2.99E-01  1.360237E+00  1.08E-01
   1.654E-05  3.308E-04  0.000000E+00  0.00E+00  0.000000E+00  0.00E+00  0.000000E+00  0.00E+00  0.000000E+00  0.00E+00  2.651420E-03  8.93E-05  3.259477E-03  3.61E-05  2.651420E-03  8.93E-05  3.259477E-03  3.61E-05  1.276501E+00  2.86E-01  1.309401E+00  1.06E-01
   1.720E-05  3.440E-04  0.000000E+00  0.00E+00  0.000000E+00  0.00E+00  0.000000E+00  0.00E+00  0.000000E+00  0.00E+00  2.491386E-03  8.66E-05  3.153303E-03  3.55E-05  2.491386E-03  8.66E-05  3.153303E-03  3.55E-05  1.435796E+00  3.04E-01  1.319152E+00  1.06E-01
   1.786E-05  3.572E-04  0.000000E+00  0.00E+00  0.000000E+00  0.00E+00  0.000000E+00  0.00E+00  0.000000E+00  0.00E+00  2.358414E-03  8.42E-05  3.006597E-03  3.47E-05  2.358414E-03  8.42E-05  3.006597E-03  3.47E-05  1.478535E+00  3.09E-01  1.310439E+00  1.06E-01
   1.852E-05  3.705E-04  0.000000E+00  0.00E+00  0.000000E+00  0.00E+00  0.000000E+00  0.00E+00  0.000000E+00  0.00E+00  2.281237E-03  8.28E-05  2.920778E-03  3.42E-05  2.281237E-03  8.28E-05  2.920778E-03  3.42E-05  1.450446E+00  3.06E-01  1.317995E+00  1.06E-01
   1.919E-05  3.837E-04  0.000000E+00  0.00E+00  0.000000E+00  0.00E+00  0.000000E+00  0.00E+00  0.000000E+00  0.00E+00  2.126882E-03  8.00E-05  2.783583E-03  3.34E-05  2.126882E-03  8.00E-05  2.783583E-03  3.34E-05  1.168634E+00  2.74E-01  1.287433E+00  1.05E-01
   1.985E-05  3.969E-04  0.000000E+00  0.00E+00  0.000000E+00  0.00E+00  0.000000E+00  0.00E+00  0.000000E+00  0.00E+00  2.037009E-03  7.83E-05  2.690920E-03  3.28E-05  2.037009E-03  7.83E-05  2.690920E-03  3.28E-05  1.333930E+00  2.93E-01  1.282437E+00  1.05E-01
   2.051E-05  4.102E-04  0.000000E+00  0.00E+00  0.000000E+00  0.00E+00  0.000000E+00  0.00E+00  0.000000E+00  0.00E+00  1.921411E-03  7.60E-05  2.589946E-03  3.22E-05  1.921411E-03  7.60E-05  2.589946E-03  3.22E-05  1.175036E+00  2.75E-01  1.211232E+00  1.02E-01
   2.117E-05  4.234E-04  0.000000E+00  0.00E+00  0.000000E+00  0.00E+00  0.000000E+00  0.00E+00  0.000000E+00  0.00E+00  1.862609E-03  7.49E-05  2.493594E-03  3.16E-05  1.862609E-03  7.49E-05  2.493594E-03  3.16E-05  1.182201E+00  2.76E-01  1.212007E+00  1.02E-01
   2.183E-05  4.366E-04  0.000000E+00  0.00E+00  0.000000E+00  0.00E+00  0.000000E+00  0.00E+00  0.000000E+00  0.00E+00  1.787771E-03  7.33E-05  2.424353E-03  3.12E-05  1.787771E-03  7.33E-05  2.424353E-03  3.12E-05  1.175270E+00  2.75E-01  1.188311E+00  1.01E-01
   2.249E-05  4.499E-04  0.000000E+00  0.00E+00  0.000000E+00  0.00E+00  0.000000E+00  0.00E+00  0.000000E+00  0.00E+00  1.678520E-03  7.10E-05  2.327245E-03  3.05E-05  1.678520E-03  7.10E-05  2.327245E-03  3.05E-05  1.225729E+00  2.81E-01  1.254590E+00  1.04E-01
   2.315E-05  4.631E-04  0.000000E+00  0.00E+00  0.000000E+00  0.00E+00  0.000000E+00  0.00E+00  0.000000E+00  0.00E+00  1.613704E-03  6.97E-05  2.242360E-03  3.00E-05  1.613704E-03  6.97E-05  2.242360E-03  3.00E-05  1.059356E+00  2.61E-01  1.177665E+00  1.00E-01
   2.382E-05  4.763E-04  0.000000E+00  0.00E+00  0.000000E+00  0.00E+00  0.000000E+00  0.00E+00  0.000000E+00  0.00E+00  1.510133E-03  6.74E-05  2.179029E-03  2.95E-05  1.510133E-03  6.74E-05  2.179029E-03  2.95E-05  1.103178E+00  2.66E-01  1.146706E+00  9.89E-02
   2.448E-05  4.896E-04  0.000000E+00  0.00E+00  0.000000E+00  0.00E+00  0.000000E+00  0.00E+00  0.000000E+00  0.00E+00  1.499442E-03  6.72E-05  2.108142E-03  2.90E-05  1.499442E-03  6.72E-05  2.108142E-03  2.90E-05  1.233481E+00  2.81E-01  1.140003E+00  9.86E-02
   2.514E-05  5.028E-04  0.000000E+00  0.00E+00  0.000000E+00  0.00E+00  0.000000E+00  0.00E+00  0.000000E+00  0.00E+00  1.421931E-03  6.54E-05  2.038767E-03  2.86E-05  1.421931E-03  6.54E-05  2.038767E-03  2.86E-05  1.182548E+00  2.76E-01  1.052333E+00  9.47E-02
   2.580E-05  5.160E-04  0.000000E+00  0.00E+00  0.000000E+00  0.00E+00  0.000000E+00  0.00E+00  0.000000E+00  0.00E+00  1.397876E-03  6.49E-05  1.958059E-03  2.80E-05  1.397876E-03  6.49E-05  1.958059E-03  2.80E-05  1.166990E+00  2.74E-01  1.056917E+00  9.49E-02
   2.646E-05  5.293E-04  0.000000E+00  0.00E+00  0.000000E+00  0.00E+00  0.000000E+00  0.00E+00  0.000000E+00  0.00E+00  1.313348E-03  6.29E-05  1.897128E-03  2.76E-05  1.313348E-03  6.29E-05  1.897128E-03  2.76E-05  1.030157E+00  2.57E-01  1.019597E+00  9.32E-02
   2.712E-05  5.425E-04  0.000000E+00  0.00E+00  0.000000E+00  0.00E+00  0.000000E+00  0.00E+00  0.000000E+00  0.00E+00  1.240848E-03  6.11E-05  1.834419E-03  2.71E-05  1.240848E-03  6.11E-05  1.834419E-03  2.71E-05  9.068650E-01  2.41E-01  1.056961E+00  9.49E-02
   2.779E-05  5.557E-04  0.000000E+00  0.00E+00  0.000000E+00  0.00E+00  0.000000E+00  0.00E+00  0.000000E+00  0.00E+00  1.199086E-03  6.01E-05  1.784732E-03  2.67E-05  1.199086E-03  6.01E-05  1.784732E-03  2.67E-05  1.073398E+00  2.62E-01  1.035737E+00  9.39E-02
   2.845E-05  5.689E-04  0.000000E+00  0.00E+00  0.000000E+00  0.00E+00  0.000000E+00  0.00E+00  0.000000E+00  0.00E+00  1.166344E-03  5.92E-05  1.738645E-03  2.64E-05  1.166344E-03  5.92E-05  1.738645E-03  2.64E-05  9.644745E-01  2.49E-01  1.048214E+00  9.45E-02
   2.911E-05  5.822E-04  0.000000E+00  0.00E+00  0.000000E+00  0.00E+00  0.000000E+00  0.00E+00  0.000000E+00  0.00E+00  1.099190E-03  5.75E-05  1.672514E-03  2.59E-05  1.099190E-03  5.75E-05  1.672514E-03  2.59E-05  9.645146E-01  2.49E-01  9.586452E-01  9.03E-02
   2.977E-05  5.954E-04  0.000000E+00  0.00E+00  0.000000E+00  0.00E+00  0.000000E+00  0.00E+00  0.000000E+00  0.00E+00  1.090169E-03  5.73E-05  1.621228E-03  2.55E-05  1.090169E-03  5.73E-05  1.621228E-03  2.55E-05  9.871706E-01  2.51E-01  9.548517E-01  9.01E-02
   3.043E-05  6.086E-04  0.000000E+00  0.00E+00  0.000000E+00  0.00E+00  0.000000E+00  0.00E+00  0.000000E+00  0.00E+00  1.023015E-03  5.55E-05  1.577007E-03  2.51E-05  1.023015E-03  5.55E-05  1.577007E-03  2.51E-05  9.359236E-01  2.45E-01  9.866217E-01  9.17E-02
   3.109E-05  6.219E-04  0.000000E+00  0.00E+00  0.000000E+00  0.00E+00  0.000000E+00  0.00E+00  0.000000E+00  0.00E+00  9.845935E-04  5.44E-05  1.537586E-03  2.48E-05  9.845935E-04  5.44E-05  1.537586E-03  2.48E-05  9.076468E-01  2.41E-01  9.112134E-01  8.80E-02
   3.176E-05  6.351E-04  0.000000E+00  0.00E+00  0.000000E+00  0.00E+00  0.000000E+00  0.00E+00  0.000000E+00  0.00E+00  9.428310E-04  5.32E-05  1.483722E-03  2.44E-05  9.428310E-04  5.32E-05  1.483722E-03  2.44E-05  9.067981E-01  2.41E-01  8.688445E-01  8.59E-02
   3.242E-05  6.483E-04  0.000000E+00  0.00E+00  0.000000E+00  0.00E+00  0.000000E+00  0.00E+00  0.000000E+00  0.00E+00  9.107574E-04  5.23E-05  1.440923E-03  2.40E-05  9.107574E-04  5.23E-05  1.440923E-03  2.40E-05  1.008550E+00  2.54E-01  8.716734E-01  8.61E-02
   3.308E-05  6.616E-04  0.000000E+00  0.00E+00  0.000000E+00  0.00E+00  0.000000E+00  0.00E+00  0.000000E+00  0.00E+00  8.746745E-04  5.13E-05  1.399814E-03  2.37E-05  8.746745E-04  5.13E-05  1.399814E-03  2.37E-05  7.978949E-01  2.26E-01  8.533943E-01  8.51E-02
   3.374E-05  6.748E-04  0.000000E+00  0.00E+00  0.000000E+00  0.00E+00  0.000000E+00  0.00E+00  0.000000E+00  0.00E+00  8.392599E-04  5.02E-05  1.368837E-03  2.34E-05  8.392599E-04  5.02E-05  1.368837E-03  2.34E-05  7.903496E-01  2.25E-01  8.059945E-01  8.27E-02
   3.440E-05  6.880E-04  0.000000E+00  0.00E+00  0.000000E+00  0.00E+00  0.000000E+00  0.00E+00  0.000000E+00  0.00E+00  8.035112E-04  4.92E-05  1.319950E-03  2.30E-05  8.035112E-04  4.92E-05  1.319950E-03  2.30E-05  8.264190E-01  2.30E-01  8.130053E-01  8.31E-02
   3.506E-05  7.013E-04  0.000000E+00  0.00E+00  0.000000E+00  0.00E+00  0.000000E+00  0.00E+00  0.000000E+00  0.00E+00  7.924859E-04  4.88E-05  1.287685E-03  2.27E-05  7.924859E-04  4.88E-05  1.287685E-03  2.27E-05  9.209199E-01  2.43E-01  8.088359E-01  8.29E-02
   3.572E-05  7.145E-04  0.000000E+00  0.00E+00  0.000000E+00  0.00E+00  0.000000E+00  0.00E+00  0.000000E+00  0.00E+00  7.617486E-04  4.79E-05  1.259197E-03  2.24E-05  7.617486E-04  4.79E-05  1.259197E-03  2.24E-05  8.704681E-01  2.36E-01  7.983516E-01  8.23E-02
   3.639E-05  7.277E-04  0.000000E+00  0.00E+00  0.000000E+00  0.00E+00  0.000000E+00  0.00E+00  0.000000E+00  0.00E+00  7.256658E-04  4.67E-05  1.227065E-03  2.22E-05  7.256658E-04  4.67E-05  1.227065E-03  2.22E-05  7.906302E-01  2.25E-01  7.737970E-01  8.10E-02
   3.705E-05  7.410E-04  0.000000E+00  0.00E+00  0.000000E+00  0.00E+00  0.000000E+00  0.00E+00  0.000000E+00  0.00E+00  6.969332E-04  4.58E-05  1.187688E-03  2.18E-05  6.969332E-04  4.58E-05  1.187688E-03  2.18E-05  6.894060E-01  2.09E-01  7.316388E-01  7.87E-02
   3.771E-05  7.542E-04  0.000000E+00  0.00E+00  0.000000E+00  0.00E+00  0.000000E+00  0.00E+00  0.000000E+00  0.00E+00  6.839033E-04  4.53E-05  1.159334E-03  2.15E-05  6.839033E-04  4.53E-05  1.159334E-03  2.15E-05  6.526149E-01  2.04E-01  6.931381E-01  7.66E-02
   3.837E-05  7.674E-04  0.000000E+00  0.00E+00  0.000000E+00  0.00E+00  0.000000E+00  0.00E+00  0.000000E+00  0.00E+00  6.518296E-04  4.43E-05  1.115691E-03  2.11E-05  6.518296E-04  4.43E-05  1.115691E-03  2.11E-05  6.739612E-01  2.07E-01  6.466603E-01  7.40E-02
   3.903E-05  7.807E-04  0.000000E+00  0.00E+00  0.000000E+00  0.00E+00  0.000000E+00  0.00E+00  0.000000E+00  0.00E+00  6.408043E-04  4.39E-05  1.094092E-03  2.09E-05  6.408043E-04  4.39E-05  1.094092E-03  2.09E-05  5.945309E-01  1.94E-01  6.831847E-01  7.60E-02
   3.969E-05  7.939E-04  0.000000E+00  0.00E+00  0.000000E+00  0.00E+00  0.000000E+00  0.00E+00  0.000000E+00  0.00E+00  6.130740E-04  4.30E-05  1.060627E-03  2.06E-05  6.130740E-04  4.30E-05  1.060627E-03  2.06E-05  7.459531E-01  2.18E-01  6.492883E-01  7.41E-02
   4.036E-05  8.071E-04  0.000000E+00  0.00E+00  0.000000E+00  0.00E+00  0.000000E+00  0.00E+00  0.000000E+00  0.00E+00  6.003782E-04  4.25E-05  1.045649E-03  2.05E-05  6.003782E-04  4.25E-05  1.045649E-03  2.05E-05  7.101910E-01  2.13E-01  6.888096E-01  7.64E-02
   4.102E-05  8.203E-04  0.000000E+00  0.00E+00  0.000000E+00  0.00E+00  0.000000E+00  0.00E+00  0.000000E+00  0.00E+00  5.646295E-04  4.12E-05  1.027250E-03  2.03E-05  5.646295E-04  4.12E-05  1.027250E-03  2.03E-05  6.234292E-01  1.99E-01  6.195221E-01  7.23E-02
   4.168E-05  8.336E-04  0.000000E+00  0.00E+00  0.000000E+00  0.00E+00  0.000000E+00  0.00E+00  0.000000E+00  0.00E+00  5.402402E-04  4.03E-05  9.894736E-04  1.99E-05  5.402402E-04  4.03E-05  9.894736E-04  1.99E-05  6.379452E-01  2.01E-01  5.933272E-01  7.08E-02
   4.234E-05  8.468E-04  0.000000E+00  0.00E+00  0.000000E+00  0.00E+00  0.000000E+00  0.00E+00  0.000000E+00  0.00E+00  5.288807E-04  3.99E-05  9.591637E-04  1.96E-05  5.288807E-04  3.99E-05  9.591637E-04  1.96E-05  4.858749E-01  1.75E-01  5.750090E-01  6.96E-02
   4.300E-05  8.600E-04  0.000000E+00  0.00E+00  0.000000E+00  0.00E+00  0.000000E+00  0.00E+00  0.000000E+00  0.00E+00  5.145144E-04  3.93E-05  9.424532E-04  1.94E-05  5.145144E-04  3.93E-05  9.424532E-04  1.94E-05  5.651515E-01  1.89E-01  5.720859E-01  6.94E-02
   4.366E-05  8.733E-04  0.000000E+00  0.00E+00  0.000000E+00  0.00E+00  0.000000E+00  0.00E+00  0.000000E+00  0.00E+00  4.710814E-04  3.76E-05  9.109877E-04  1.91E-05  4.710814E-04  3.76E-05  9.109877E-04  1.91E-05  5.364336E-01  1.84E-01  5.565361E-01  6.85E-02
   4.433E-05  8.865E-04  0.000000E+00  0.00E+00  0.000000E+00  0.00E+00  0.000000E+00  0.00E+00  0.000000E+00  0.00E+00  4.817726E-04  3.81E-05  8.930329E-04  1.89E-05  4.817726E-04  3.81E-05  8.930329E-04  1.89E-05  4.350356E-01  1.65E-01  5.458990E-01  6.78E-02
   4.499E-05  8.997E-04  0.000000E+00  0.00E+00  0.000000E+00  0.00E+00  0.000000E+00  0.00E+00  0.000000E+00  0.00E+00  4.406783E-04  3.64E-05  8.666339E-04  1.86E-05  4.406783E-04  3.64E-05  8.666339E-04  1.86E-05  5.575260E-01  1.88E-01  5.246284E-01  6.64E-02
   4.565E-05  9.130E-04  0.000000E+00  0.00E+00  0.000000E+00  0.00E+00  0.000000E+00  0.00E+00  0.000000E+00  0.00E+00  4.513695E-04  3.68E-05  8.557454E-04  1.85E-05  4.513695E-04  3.68E-05  8.557454E-04  1.85E-05  5.141184E-01  1.80E-01  5.301839E-01  6.68E-02
   4.631E-05  9.262E-04  0.000000E+00  0.00E+00  0.000000E+00  0.00E+00  0.000000E+00  0.00E+00  0.000000E+00  0.00E+00  4.189618E-04  3.55E-05  8.402349E-04  1.83E-05  4.189618E-04  3.55E-05  8.402349E-04  1.83E-05  4.414450E-01  1.67E-01  5.050771E-01  6.52E-02
   4.697E-05  9.394E-04  0.000000E+00  0.00E+00  0.000000E+00  0.00E+00  0.000000E+00  0.00E+00  0.000000E+00  0.00E+00  4.329940E-04  3.61E-05  8.193468E-04  1.81E-05  4.329940E-04  3.61E-05  8.193468E-04  1.81E-05  5.290620E-01  1.83E-01  5.089746E-01  6.54E-02
   4.763E-05  9.527E-04  0.000000E+00  0.00E+00  0.000000E+00  0.00E+00  0.000000E+00  0.00E+00  0.000000E+00  0.00E+00  4.106092E-04  3.51E-05  7.861036E-04  1.77E-05  4.106092E-04  3.51E-05  7.861036E-04  1.77E-05  4.713857E-01  1.72E-01  4.743011E-01  6.32E-02
   4.829E-05  9.659E-04  0.000000E+00  0.00E+00  0.000000E+00  0.00E+00  0.000000E+00  0.00E+00  0.000000E+00  0.00E+00  3.701831E-04  3.34E-05  7.698820E-04  1.76E-05  3.701831E-04  3.34E-05  7.698820E-04  1.76E-05  3.691057E-01  1.52E-01  4.422867E-01  6.09E-02
   4.896E-05  9.791E-04  0.000000E+00  0.00E+00  0.000000E+00  0.00E+00  0.000000E+00  0.00E+00  0.000000E+00  0.00E+00  3.942383E-04  3.44E-05  7.461051E-04  1.73E-05  3.942383E-04  3.44E-05  7.461051E-04  1.73E-05  3.613799E-01  1.50E-01  4.537195E-01  6.17E-02
   4.962E-05  9.924E-04  0.000000E+00  0.00E+00  0.000000E+00  0.00E+00  0.000000E+00  0.00E+00  0.000000E+00  0.00E+00  3.444574E-04  3.22E-05  7.387276E-04  1.72E-05  3.444574E-04  3.22E-05  7.387276E-04  1.72E-05  4.051216E-01  1.60E-01  4.488397E-01  6.13E-02
   5.028E-05  1.006E-03  0.000000E+00  0.00E+00  0.000000E+00  0.00E+00  0.000000E+00  0.00E+00  0.000000E+00  0.00E+00  3.488007E-04  3.24E-05  7.132174E-04  1.69E-05  3.488007E-04  3.24E-05  7.132174E-04  1.69E-05  4.410841E-01  1.67E-01  4.170013E-01  5.91E-02
   5.094E-05  1.019E-03  0.000000E+00  0.00E+00  0.000000E+00  0.00E+00  0.000000E+00  0.00E+00  0.000000E+00  0.00E+00  3.504712E-04  3.25E-05  7.047733E-04  1.68E-05  3.504712E-04  3.25E-05  7.047733E-04  1.68E-05  4.549987E-01  1.70E-01  3.774071E-01  5.61E-02
   5.160E-05  1.032E-03  0.000000E+00  0.00E+00  0.000000E+00  0.00E+00  0.000000E+00  0.00E+00  0.000000E+00  0.00E+00  3.290888E-04  3.15E-05  6.790854E-04  1.65E-05  3.290888E-04  3.15E-05  6.790854E-04  1.65E-05  4.696951E-01  1.72E-01  3.801924E-01  5.63E-02
   5.226E-05  1.045E-03  0.000000E+00  0.00E+00  0.000000E+00  0.00E+00  0.000000E+00  0.00E+00  0.000000E+00  0.00E+00  2.990198E-04  3.00E-05  6.653081E-04  1.63E-05  2.990198E-04  3.00E-05  6.653081E-04  1.63E-05  4.045871E-01  1.60E-01  3.646346E-01  5.51E-02
   5.293E-05  1.059E-03  0.000000E+00  0.00E+00  0.000000E+00  0.00E+00  0.000000E+00  0.00E+00  0.000000E+00  0.00E+00  3.000221E-04  3.00E-05  6.506420E-04  1.61E-05  3.000221E-04  3.00E-05  6.506420E-04  1.61E-05  3.390514E-01  1.46E-01  3.434333E-01  5.34E-02
   5.359E-05  1.072E-03  0.000000E+00  0.00E+00  0.000000E+00  0.00E+00  0.000000E+00  0.00E+00  0.000000E+00  0.00E+00  2.976834E-04  2.99E-05  6.425534E-04  1.60E-05  2.976834E-04  2.99E-05  6.425534E-04  1.60E-05  4.115644E-01  1.61E-01  3.558431E-01  5.44E-02
   5.425E-05  1.085E-03  0.000000E+00  0.00E+00  0.000000E+00  0.00E+00  0.000000E+00  0.00E+00  0.000000E+00  0.00E+00  2.796419E-04  2.90E-05  6.273096E-04  1.58E-05  2.796419E-04  2.90E-05  6.273096E-04  1.58E-05  3.175113E-01  1.41E-01  3.162320E-01  5.12E-02
   5.491E-05  1.098E-03  0.000000E+00  0.00E+00  0.000000E+00  0.00E+00  0.000000E+00  0.00E+00  0.000000E+00  0.00E+00  2.789737E-04  2.90E-05  6.129101E-04  1.57E-05  2.789737E-04  2.90E-05  6.129101E-04  1.57E-05  3.173709E-01  1.41E-01  3.229006E-01  5.18E-02
   5.557E-05  1.111E-03  0.000000E+00  0.00E+00  0.000000E+00  0.00E+00  0.000000E+00  0.00E+00  0.000000E+00  0.00E+00  2.833170E-04  2.92E-05  6.058437E-04  1.56E-05  2.833170E-04  2.92E-05  6.058437E-04  1.56E-05  3.024540E-01  1.37E-01  3.025367E-01  5.00E-02
   5.623E-05  1.125E-03  0.000000E+00  0.00E+00  0.000000E+00  0.00E+00  0.000000E+00  0.00E+00  0.000000E+00  0.00E+00  2.669461E-04  2.83E-05  5.989107E-04  1.55E-05  2.669461E-04  2.83E-05  5.989107E-04  1.55E-05  3.463160E-01  1.47E-01  3.111193E-01  5.08E-02
   5.689E-05  1.138E-03  0.000000E+00  0.00E+00  0.000000E+00  0.00E+00  0.000000E+00  0.00E+00  0.000000E+00  0.00E+00  2.455637E-04  2.72E-05  5.761115E-04  1.52E-05  2.455637E-04  2.72E-05  5.761115E-04  1.52E-05  2.742239E-01  1.30E-01  3.032578E-01  5.01E-02
   5.756E-05  1.151E-03  0.000000E+00  0.00E+00  0.000000E+00  0.00E+00  0.000000E+00  0.00E+00  0.000000E+00  0.00E+00  2.626028E-04  2.81E-05  5.706895E-04  1.51E-05  2.626028E-04  2.81E-05  5.706895E-04  1.51E-05  2.377068E-01  1.21E-01  2.937444E-01  4.93E-02
   5.822E-05  1.164E-03  0.000000E+00  0.00E+00  0.000000E+00  0.00E+00  0.000000E+00  0.00E+00  0.000000E+00  0.00E+00  2.422227E-04  2.70E-05  5.527791E-04  1.49E-05  2.422227E-04  2.70E-05  5.527791E-04  1.49E-05  2.443434E-01  1.23E-01  2.981531E-01  4.97E-02
   5.888E-05  1.178E-03  0.000000E+00  0.00E+00  0.000000E+00  0.00E+00  0.000000E+00  0.00E+00  0.000000E+00  0.00E+00  2.408863E-04  2.69E-05  5.467349E-04  1.48E-05  2.408863E-04  2.69E-05  5.467349E-04  1.48E-05  3.023605E-01  1.37E-01  2.625123E-01  4.65E-02
   5.954E-05  1.191E-03  0.000000E+00  0.00E+00  0.000000E+00  0.00E+00  0.000000E+00  0.00E+00  0.000000E+00  0.00E+00  2.191698E-04  2.57E-05  5.270023E-04  1.45E-05  2.191698E-04  2.57E-05  5.270023E-04  1.45E-05  2.009090E-01  1.11E-01  2.395845E-01  4.43E-02
   6.020E-05  1.204E-03  0.000000E+00  0.00E+00  0.000000E+00  0.00E+00  0.000000E+00  0.00E+00  0.000000E+00  0.00E+00  2.128219E-04  2.53E-05  5.143805E-04  1.44E-05  2.128219E-04  2.53E-05  5.143805E-04  1.44E-05  1.859186E-01  1.06E-01  2.366490E-01  4.40E-02
   6.086E-05  1.217E-03  0.000000E+00  0.00E+00  0.000000E+00  0.00E+00  0.000000E+00  0.00E+00  0.000000E+00  0.00E+00  2.111514E-04  2.52E-05  5.086474E-04  1.43E-05  2.111514E-04  2.52E-05  5.086474E-04  1.43E-05  2.299009E-01  1.19E-01  2.537120E-01  4.57E-02
   6.153E-05  1.231E-03  0.000000E+00  0.00E+00  0.000000E+00  0.00E+00  0.000000E+00  0.00E+00  0.000000E+00  0.00E+00  2.198380E-04  2.57E-05  5.037143E-04  1.42E-05  2.198380E-04  2.57E-05  5.037143E-04  1.42E-05  2.076391E-01  1.13E-01  2.287314E-01  4.32E-02
   6.219E-05  1.244E-03  0.000000E+00  0.00E+00  0.000000E+00  0.00E+00  0.000000E+00  0.00E+00  0.000000E+00  0.00E+00  2.004602E-04  2.46E-05  4.802485E-04  1.39E-05  2.004602E-04  2.46E-05  4.802485E-04  1.39E-05  1.860322E-01  1.06E-01  2.246402E-01  4.28E-02
   6.285E-05  1.257E-03  0.000000E+00  0.00E+00  0.000000E+00  0.00E+00  0.000000E+00  0.00E+00  0.000000E+00  0.00E+00  1.997920E-04  2.45E-05  4.718044E-04  1.37E-05  1.997920E-04  2.45E-05  4.718044E-04  1.37E-05  1.497022E-01  9.47E-02  1.629254E-01  3.61E-02
   6.351E-05  1.270E-03  0.000000E+00  0.00E+00  0.000000E+00  0.00E+00  0.000000E+00  0.00E+00  0.000000E+00  0.00E+00  1.797460E-04  2.32E-05  4.590937E-04  1.35E-05  1.797460E-04  2.32E-05  4.590937E-04  1.35E-05  1.861325E-01  1.06E-01  1.804346E-01  3.81E-02
   6.417E-05  1.283E-03  0.000000E+00  0.00E+00  0.000000E+00  0.00E+00  0.000000E+00  0.00E+00  0.000000E+00  0.00E+00  1.720616E-04  2.27E-05  4.514051E-04  1.34E-05  1.720616E-04  2.27E-05  4.514051E-04  1.34E-05  1.498759E-01  9.47E-02  1.782743E-01  3.79E-02
   6.483E-05  1.297E-03  0.000000E+00  0.00E+00  0.000000E+00  0.00E+00  0.000000E+00  0.00E+00  0.000000E+00  0.00E+00  1.814165E-04  2.34E-05  4.498496E-04  1.34E-05  1.814165E-04  2.34E-05  4.498496E-04  1.34E-05  1.570537E-01  9.71E-02  1.848958E-01  3.86E-02
   6.550E-05  1.310E-03  0.000000E+00  0.00E+00  0.000000E+00  0.00E+00  0.000000E+00  0.00E+00  0.000000E+00  0.00E+00  1.747344E-04  2.29E-05  4.337614E-04  1.32E-05  1.747344E-04  2.29E-05  4.337614E-04  1.32E-05  9.952439E-02  7.52E-02  1.848833E-01  3.86E-02
   6.616E-05  1.323E-03  0.000000E+00  0.00E+00  0.000000E+00  0.00E+00  0.000000E+00  0.00E+00  0.000000E+00  0.00E+00  1.700570E-04  2.26E-05  4.223396E-04  1.30E-05  1.700570E-04  2.26E-05  4.223396E-04  1.30E-05  1.929895E-01  1.09E-01  1.624952E-01  3.61E-02
   6.682E-05  1.336E-03  0.000000E+00  0.00E+00  0.000000E+00  0.00E+00  0.000000E+00  0.00E+00  0.000000E+00  0.00E+00  1.553566E-04  2.16E-05  4.222062E-04  1.30E-05  1.553566E-04  2.16E-05  4.222062E-04  1.30E-05  1.424308E-01  9.21E-02  1.634314E-01  3.62E-02
   6.748E-05  1.350E-03  0.000000E+00  0.00E+00  0.000000E+00  0.00E+00  0.000000E+00  0.00E+00  0.000000E+00  0.00E+00  1.570271E-04  2.17E-05  4.112733E-04  1.28E-05  1.570271E-04  2.17E-05  4.112733E-04  1.28E-05  1.203896E-01  8.41E-02  1.422283E-01  3.36E-02
   6.814E-05  1.363E-03  0.000000E+00  0.00E+00  0.000000E+00  0.00E+00  0.000000E+00  0.00E+00  0.000000E+00  0.00E+00  1.513474E-04  2.13E-05  3.991849E-04  1.26E-05  1.513474E-04  2.13E-05  3.991849E-04  1.26E-05  1.350258E-01  8.95E-02  1.413508E-01  3.34E-02
   6.880E-05  1.376E-03  0.000000E+00  0.00E+00  0.000000E+00  0.00E+00  0.000000E+00  0.00E+00  0.000000E+00  0.00E+00  1.607022E-04  2.20E-05  3.957183E-04  1.26E-05  1.607022E-04  2.20E-05  3.957183E-04  1.26E-05  1.414219E-01  9.21E-02  1.604114E-01  3.58E-02
   6.946E-05  1.389E-03  0.000000E+00  0.00E+00  0.000000E+00  0.00E+00  0.000000E+00  0.00E+00  0.000000E+00  0.00E+00  1.369811E-04  2.03E-05  3.946517E-04  1.26E-05  1.369811E-04  2.03E-05  3.946517E-04  1.26E-05  1.422037E-01  9.21E-02  1.246586E-01  3.12E-02
   7.013E-05  1.403E-03  0.000000E+00  0.00E+00  0.000000E+00  0.00E+00  0.000000E+00  0.00E+00  0.000000E+00  0.00E+00  1.490087E-04  2.12E-05  3.894519E-04  1.25E-05  1.490087E-04  2.12E-05  3.894519E-04  1.25E-05  1.490607E-01  9.47E-02  1.543759E-01  3.51E-02
   7.079E-05  1.416E-03  0.000000E+00  0.00E+00  0.000000E+00  0.00E+00  0.000000E+00  0.00E+00  0.000000E+00  0.00E+00  1.463359E-04  2.10E-05  3.802523E-04  1.23E-05  1.463359E-04  2.10E-05  3.802523E-04  1.23E-05  9.814789E-02  7.52E-02  1.351126E-01  3.27E-02
   7.145E-05  1.429E-03  0.000000E+00  0.00E+00  0.000000E+00  0.00E+00  0.000000E+00  0.00E+00  0.000000E+00  0.00E+00  1.239512E-04  1.93E-05  3.674972E-04  1.21E-05  1.239512E-04  1.93E-05  3.674972E-04  1.21E-05  1.057199E-01  7.83E-02  1.111162E-01  2.93E-02
   7.211E-05  1.442E-03  0.000000E+00  0.00E+00  0.000000E+00  0.00E+00  0.000000E+00  0.00E+00  0.000000E+00  0.00E+00  1.319696E-04  1.99E-05  3.637196E-04  1.21E-05  1.319696E-04  1.99E-05  3.637196E-04  1.21E-05  1.413884E-01  9.21E-02  1.146359E-01  2.99E-02
   7.277E-05  1.455E-03  0.000000E+00  0.00E+00  0.000000E+00  0.00E+00  0.000000E+00  0.00E+00  0.000000E+00  0.00E+00  1.302991E-04  1.98E-05  3.560310E-04  1.19E-05  1.302991E-04  1.98E-05  3.560310E-04  1.19E-05  9.070949E-02  7.20E-02  1.078172E-01  2.89E-02
   7.343E-05  1.469E-03  0.000000E+00  0.00E+00  0.000000E+00  0.00E+00  0.000000E+00  0.00E+00  0.000000E+00  0.00E+00  1.212784E-04  1.91E-05  3.456758E-04  1.18E-05  1.212784E-04  1.91E-05  3.456758E-04  1.18E-05  9.064935E-02  7.20E-02  1.097179E-01  2.92E-02
   7.410E-05  1.482E-03  0.000000E+00  0.00E+00  0.000000E+00  0.00E+00  0.000000E+00  0.00E+00  0.000000E+00  0.00E+00  1.125918E-04  1.84E-05  3.397205E-04  1.17E-05  1.125918E-04  1.84E-05  3.397205E-04  1.17E-05  9.797416E-02  7.52E-02  1.067788E-01  2.87E-02
   7.476E-05  1.495E-03  0.000000E+00  0.00E+00  0.000000E+00  0.00E+00  0.000000E+00  0.00E+00  0.000000E+00  0.00E+00  1.186056E-04  1.89E-05  3.307430E-04  1.15E-05  1.186056E-04  1.89E-05  3.307430E-04  1.15E-05  1.120090E-01  8.12E-02  1.115831E-01  2.95E-02
   7.542E-05  1.508E-03  0.000000E+00  0.00E+00  0.000000E+00  0.00E+00  0.000000E+00  0.00E+00  0.000000E+00  0.00E+00  1.072462E-04  1.80E-05  3.280765E-04  1.15E-05  1.072462E-04  1.80E-05  3.280765E-04  1.15E-05  7.587278E-02  6.51E-02  7.772749E-02  2.40E-02
   7.608E-05  1.522E-03  0.000000E+00  0.00E+00  0.000000E+00  0.00E+00  0.000000E+00  0.00E+00  0.000000E+00  0.00E+00  1.102531E-04  1.82E-05  3.225656E-04  1.14E-05  1.102531E-04  1.82E-05  3.225656E-04  1.14E-05  1.051520E-01  7.83E-02  9.983561E-02  2.77E-02
   7.674E-05  1.535E-03  0.000000E+00  0.00E+00  0.000000E+00  0.00E+00  0.000000E+00  0.00E+00  0.000000E+00  0.00E+00  1.015665E-04  1.75E-05  3.163880E-04  1.12E-05  1.015665E-04  1.75E-05  3.163880E-04  1.12E-05  7.564559E-02  6.51E-02  8.229975E-02  2.48E-02
   7.740E-05  1.548E-03  0.000000E+00  0.00E+00  0.000000E+00  0.00E+00  0.000000E+00  0.00E+00  0.000000E+00  0.00E+00  1.109213E-04  1.83E-05  3.092327E-04  1.11E-05  1.109213E-04  1.83E-05  3.092327E-04  1.11E-05  6.106948E-02  5.75E-02  7.753283E-02  2.40E-02
   7.807E-05  1.561E-03  0.000000E+00  0.00E+00  0.000000E+00  0.00E+00  0.000000E+00  0.00E+00  0.000000E+00  0.00E+00  9.789138E-05  1.72E-05  3.036774E-04  1.10E-05  9.789138E-05  1.72E-05  3.036774E-04  1.10E-05  6.826733E-02  6.14E-02  6.011786E-02  2.06E-02
   7.873E-05  1.575E-03  0.000000E+00  0.00E+00  0.000000E+00  0.00E+00  0.000000E+00  0.00E+00  0.000000E+00  0.00E+00  8.619787E-05  1.61E-05  2.897224E-04  1.08E-05  8.619787E-05  1.61E-05  2.897224E-04  1.08E-05  9.757324E-02  7.52E-02  7.649447E-02  2.38E-02
   7.939E-05  1.588E-03  0.000000E+00  0.00E+00  0.000000E+00  0.00E+00  0.000000E+00  0.00E+00  0.000000E+00  0.00E+00  9.588678E-05  1.70E-05  2.909223E-04  1.08E-05  9.588678E-05  1.70E-05  2.909223E-04  1.08E-05  9.012816E-02  7.20E-02  6.483678E-02  2.16E-02
   8.005E-05  1.601E-03  0.000000E+00  0.00E+00  0.000000E+00  0.00E+00  0.000000E+00  0.00E+00  0.000000E+00  0.00E+00  7.817947E-05  1.53E-05  2.869669E-04  1.07E-05  7.817947E-05  1.53E-05  2.869669E-04  1.07E-05  4.652677E-02  4.86E-02  7.046074E-02  2.27E-02
   8.071E-05  1.614E-03  0.000000E+00  0.00E+00  0.000000E+00  0.00E+00  0.000000E+00  0.00E+00  0.000000E+00  0.00E+00  7.784537E-05  1.53E-05  2.782117E-04  1.05E-05  7.784537E-05  1.53E-05  2.782117E-04  1.05E-05  8.952009E-02  7.20E-02  6.471323E-02  2.16E-02
   8.137E-05  1.627E-03  0.000000E+00  0.00E+00  0.000000E+00  0.00E+00  0.000000E+00  0.00E+00  0.000000E+00  0.00E+00  8.118637E-05  1.56E-05  2.748340E-04  1.05E-05  8.118637E-05  1.56E-05  2.748340E-04  1.05E-05  5.330366E-02  5.32E-02  7.680130E-02  2.40E-02
   8.203E-05  1.641E-03  0.000000E+00  0.00E+00  0.000000E+00  0.00E+00  0.000000E+00  0.00E+00  0.000000E+00  0.00E+00  8.552967E-05  1.60E-05  2.685232E-04  1.04E-05  8.552967E-05  1.60E-05  2.685232E-04  1.04E-05  2.484636E-02  3.07E-02  5.679745E-02  2.00E-02
   8.270E-05  1.654E-03  0.000000E+00  0.00E+00  0.000000E+00  0.00E+00  0.000000E+00  0.00E+00  0.000000E+00  0.00E+00  8.753427E-05  1.62E-05  2.670121E-04  1.03E-05  8.753427E-05  1.62E-05  2.670121E-04  1.03E-05  3.182370E-02  3.76E-02  5.776381E-02  2.02E-02
   8.336E-05  1.667E-03  0.000000E+00  0.00E+00  0.000000E+00  0.00E+00  0.000000E+00  0.00E+00  0.000000E+00  0.00E+00  7.918177E-05  1.54E-05  2.623456E-04  1.02E-05  7.918177E-05  1.54E-05  2.623456E-04  1.02E-05  7.529144E-02  6.51E-02  5.463007E-02  1.96E-02
   8.402E-05  1.680E-03  0.000000E+00  0.00E+00  0.000000E+00  0.00E+00  0.000000E+00  0.00E+00  0.000000E+00  0.00E+00  7.784537E-05  1.53E-05  2.576791E-04  1.02E-05  7.784537E-05  1.53E-05  2.576791E-04  1.02E-05  3.874759E-02  4.34E-02  4.985070E-02  1.85E-02
   8.468E-05  1.694E-03  0.000000E+00  0.00E+00  0.000000E+00  0.00E+00  0.000000E+00  0.00E+00  0.000000E+00  0.00E+00  8.252277E-05  1.58E-05  2.570125E-04  1.01E-05  8.252277E-05  1.58E-05  2.570125E-04  1.01E-05  7.514444E-02  6.51E-02  5.175498E-02  1.89E-02
   8.534E-05  1.707E-03  0.000000E+00  0.00E+00  0.000000E+00  0.00E+00  0.000000E+00  0.00E+00  0.000000E+00  0.00E+00  7.383616E-05  1.49E-05  2.487906E-04  9.97E-06  7.383616E-05  1.49E-05  2.487906E-04  9.97E-06  6.747885E-02  6.14E-02  4.895900E-02  1.83E-02
   8.600E-05  1.720E-03  0.000000E+00  0.00E+00  0.000000E+00  0.00E+00  0.000000E+00  0.00E+00  0.000000E+00  0.00E+00  7.550666E-05  1.51E-05  2.451018E-04  9.90E-06  7.550666E-05  1.51E-05  2.451018E-04  9.90E-06  5.998699E-02  5.75E-02  4.578792E-02  1.76E-02
   8.667E-05  1.733E-03  0.000000E+00  0.00E+00  0.000000E+00  0.00E+00  0.000000E+00  0.00E+00  0.000000E+00  0.00E+00  6.281085E-05  1.37E-05  2.380354E-04  9.76E-06  6.281085E-05  1.37E-05  2.380354E-04  9.76E-06  4.555788E-02  4.86E-02  5.445230E-02  1.96E-02
   8.733E-05  1.747E-03  0.000000E+00  0.00E+00  0.000000E+00  0.00E+00  0.000000E+00  0.00E+00  0.000000E+00  0.00E+00  7.350206E-05  1.49E-05  2.316357E-04  9.63E-06  7.350206E-05  1.49E-05  2.316357E-04  9.63E-06  3.118223E-02  3.76E-02  4.211447E-02  1.66E-02
   8.799E-05  1.760E-03  0.000000E+00  0.00E+00  0.000000E+00  0.00E+00  0.000000E+00  0.00E+00  0.000000E+00  0.00E+00  6.281085E-05  1.37E-05  2.348356E-04  9.69E-06  6.281085E-05  1.37E-05  2.348356E-04  9.69E-06  6.751226E-02  6.14E-02  4.287461E-02  1.68E-02
   8.865E-05  1.773E-03  0.000000E+00  0.00E+00  0.000000E+00  0.00E+00  0.000000E+00  0.00E+00  0.000000E+00  0.00E+00  6.147445E-05  1.36E-05  2.284358E-04  9.56E-06  6.147445E-05  1.36E-05  2.284358E-04  9.56E-06  3.841349E-02  4.34E-02  3.117516E-02  1.36E-02
   8.931E-05  1.786E-03  0.000000E+00  0.00E+00  0.000000E+00  0.00E+00  0.000000E+00  0.00E+00  0.000000E+00  0.00E+00  6.147445E-05  1.36E-05  2.241693E-04  9.47E-06  6.147445E-05  1.36E-05  2.241693E-04  9.47E-06  3.120227E-02  3.76E-02  3.410002E-02  1.44E-02
   8.997E-05  1.799E-03  0.000000E+00  0.00E+00  0.000000E+00  0.00E+00  0.000000E+00  0.00E+00  0.000000E+00  0.00E+00  5.779935E-05  1.32E-05  2.203917E-04  9.39E-06  5.779935E-05  1.32E-05  2.203917E-04  9.39E-06  1.656602E-02  2.17E-02  3.301633E-02  1.42E-02
   9.063E-05  1.813E-03  0.000000E+00  0.00E+00  0.000000E+00  0.00E+00  0.000000E+00  0.00E+00  0.000000E+00  0.00E+00  6.114035E-05  1.36E-05  2.170584E-04  9.32E-06  6.114035E-05  1.36E-05  2.170584E-04  9.32E-06  2.374383E-02  3.07E-02  3.498905E-02  1.47E-02
   9.130E-05  1.826E-03  0.000000E+00  0.00E+00  0.000000E+00  0.00E+00  0.000000E+00  0.00E+00  0.000000E+00  0.00E+00  6.347905E-05  1.38E-05  2.155474E-04  9.28E-06  6.347905E-05  1.38E-05  2.155474E-04  9.28E-06  9.227850E-03  7.45E-04  2.521254E-02  1.16E-02
   9.196E-05  1.839E-03  0.000000E+00  0.00E+00  0.000000E+00  0.00E+00  0.000000E+00  0.00E+00  0.000000E+00  0.00E+00  6.080625E-05  1.35E-05  2.115920E-04  9.20E-06  6.080625E-05  1.35E-05  2.115920E-04  9.20E-06  1.634552E-02  2.17E-02  2.887622E-02  1.29E-02
   9.262E-05  1.852E-03  0.000000E+00  0.00E+00  0.000000E+00  0.00E+00  0.000000E+00  0.00E+00  0.000000E+00  0.00E+00  6.581776E-05  1.41E-05  2.043478E-04  9.04E-06  6.581776E-05  1.41E-05  2.043478E-04  9.04E-06  9.241214E-03  7.45E-04  3.087117E-02  1.36E-02
   9.328E-05  1.866E-03  0.000000E+00  0.00E+00  0.000000E+00  0.00E+00  0.000000E+00  0.00E+00  0.000000E+00  0.00E+00  6.314495E-05  1.38E-05  2.038589E-04  9.03E-06  6.314495E-05  1.38E-05  2.038589E-04  9.03E-06  3.084145E-02  3.76E-02  3.562743E-02  1.50E-02
   9.394E-05  1.879E-03  0.000000E+00  0.00E+00  0.000000E+00  0.00E+00  0.000000E+00  0.00E+00  0.000000E+00  0.00E+00  5.479245E-05  1.28E-05  2.021701E-04  8.99E-06  5.479245E-05  1.28E-05  2.021701E-04  8.99E-06  3.048730E-02  3.76E-02  2.957237E-02  1.32E-02
   9.460E-05  1.892E-03  0.000000E+00  0.00E+00  0.000000E+00  0.00E+00  0.000000E+00  0.00E+00  0.000000E+00  0.00E+00  4.443534E-05  1.16E-05  1.979036E-04  8.90E-06  4.443534E-05  1.16E-05  1.979036E-04  8.90E-06  3.047394E-02  3.76E-02  2.011763E-02  9.58E-03
   9.527E-05  1.905E-03  0.000000E+00  0.00E+00  0.000000E+00  0.00E+00  0.000000E+00  0.00E+00  0.000000E+00  0.00E+00  5.145144E-05  1.24E-05  1.960815E-04  8.86E-06  5.145144E-05  1.24E-05  1.960815E-04  8.86E-06  9.181076E-03  7.43E-04  1.723276E-02  8.17E-03
   9.593E-05  1.919E-03  0.000000E+00  0.00E+00  0.000000E+00  0.00E+00  0.000000E+00  0.00E+00  0.000000E+00  0.00E+00  4.343304E-05  1.14E-05  1.856819E-04  8.62E-06  4.343304E-05  1.14E-05  1.856819E-04  8.62E-06  2.335627E-02  3.07E-02  2.775609E-02  1.26E-02
   9.659E-05  1.932E-03  0.000000E+00  0.00E+00  0.000000E+00  0.00E+00  0.000000E+00  0.00E+00  0.000000E+00  0.00E+00  4.443534E-05  1.16E-05  1.867929E-04  8.64E-06  4.443534E-05  1.16E-05  1.867929E-04  8.64E-06  3.028684E-02  3.76E-02  1.796002E-02  8.67E-03
   9.725E-05  1.945E-03  0.000000E+00  0.00E+00  0.000000E+00  0.00E+00  0.000000E+00  0.00E+00  0.000000E+00  0.00E+00  4.476944E-05  1.16E-05  1.783932E-04  8.45E-06  4.476944E-05  1.16E-05  1.783932E-04  8.45E-06  1.583768E-02  2.17E-02  2.477345E-02  1.16E-02
   9.791E-05  1.958E-03  0.000000E+00  0.00E+00  0.000000E+00  0.00E+00  0.000000E+00  0.00E+00  0.000000E+00  0.00E+00  3.741923E-05  1.06E-05  1.781266E-04  8.44E-06  3.741923E-05  1.06E-05  1.781266E-04  8.44E-06  3.054744E-02  3.76E-02  2.857757E-02  1.29E-02
   9.857E-05  1.971E-03  0.000000E+00  0.00E+00  0.000000E+00  0.00E+00  0.000000E+00  0.00E+00  0.000000E+00  0.00E+00  3.875563E-05  1.08E-05  1.807043E-04  8.50E-06  3.875563E-05  1.08E-05  1.807043E-04  8.50E-06  2.278830E-02  3.07E-02  2.467212E-02  1.16E-02
   9.924E-05  1.985E-03  0.000000E+00  0.00E+00  0.000000E+00  0.00E+00  0.000000E+00  0.00E+00  0.000000E+00  0.00E+00  4.643994E-05  1.18E-05  1.813709E-04  8.52E-06  4.643994E-05  1.18E-05  1.813709E-04  8.52E-06  1.566395E-02  2.17E-02  1.576686E-02  7.65E-03
   9.990E-05  1.998E-03  0.000000E+00  0.00E+00  0.000000E+00  0.00E+00  0.000000E+00  0.00E+00  0.000000E+00  0.00E+00  3.875563E-05  1.08E-05  1.695491E-04  8.24E-06  3.875563E-05  1.08E-05  1.695491E-04  8.24E-06  8.659879E-03  7.22E-04  1.296466E-02  5.78E-03
   1.006E-04  2.011E-03  0.000000E+00  0.00E+00  0.000000E+00  0.00E+00  0.000000E+00  0.00E+00  0.000000E+00  0.00E+00  3.975793E-05  1.09E-05  1.716824E-04  8.29E-06  3.975793E-05  1.09E-05  1.716824E-04  8.29E-06  2.991933E-02  3.76E-02  2.356621E-02  1.12E-02
   1.012E-04  2.024E-03  0.000000E+00  0.00E+00  0.000000E+00  0.00E+00  0.000000E+00  0.00E+00  0.000000E+00  0.00E+00  3.842153E-05  1.07E-05  1.706158E-04  8.26E-06  3.842153E-05  1.07E-05  1.706158E-04  8.26E-06  3.009974E-02  3.76E-02  1.873617E-02  9.14E-03
   1.019E-04  2.038E-03  0.000000E+00  0.00E+00  0.000000E+00  0.00E+00  0.000000E+00  0.00E+00  0.000000E+00  0.00E+00  3.207363E-05  9.82E-06  1.680381E-04  8.20E-06  3.207363E-05  9.82E-06  1.680381E-04  8.20E-06  8.111955E-03  6.98E-04  1.471162E-02  7.08E-03
   1.025E-04  2.051E-03  0.000000E+00  0.00E+00  0.000000E+00  0.00E+00  0.000000E+00  0.00E+00  0.000000E+00  0.00E+00  3.608283E-05  1.04E-05  1.651937E-04  8.13E-06  3.608283E-05  1.04E-05  1.651937E-04  8.13E-06  1.573745E-02  2.17E-02  1.590908E-02  7.65E-03
   1.032E-04  2.064E-03  0.000000E+00  0.00E+00  0.000000E+00  0.00E+00  0.000000E+00  0.00E+00  0.000000E+00  0.00E+00  4.109433E-05  1.11E-05  1.600828E-04  8.00E-06  4.109433E-05  1.11E-05  1.600828E-04  8.00E-06  1.549022E-02  2.17E-02  1.865351E-02  9.14E-03
   1.039E-04  2.077E-03  0.000000E+00  0.00E+00  0.000000E+00  0.00E+00  0.000000E+00  0.00E+00  0.000000E+00  0.00E+00  2.973493E-05  9.46E-06  1.599051E-04  8.00E-06  2.973493E-05  9.46E-06  1.599051E-04  8.00E-06  1.603146E-02  2.17E-02  1.573753E-02  7.65E-03
   1.045E-04  2.091E-03  0.000000E+00  0.00E+00  0.000000E+00  0.00E+00  0.000000E+00  0.00E+00  0.000000E+00  0.00E+00  3.942383E-05  1.09E-05  1.583940E-04  7.96E-06  3.942383E-05  1.09E-05  1.583940E-04  7.96E-06  1.526971E-02  2.17E-02  1.273178E-02  5.78E-03
   1.052E-04  2.104E-03  0.000000E+00  0.00E+00  0.000000E+00  0.00E+00  0.000000E+00  0.00E+00  0.000000E+00  0.00E+00  3.374413E-05  1.01E-05  1.538164E-04  7.84E-06  3.374413E-05  1.01E-05  1.538164E-04  7.84E-06  1.524298E-02  2.17E-02  1.058395E-02  4.09E-03
   1.059E-04  2.117E-03  0.000000E+00  0.00E+00  0.000000E+00  0.00E+00  0.000000E+00  0.00E+00  0.000000E+00  0.00E+00  3.875563E-05  1.08E-05  1.484833E-04  7.71E-06  3.875563E-05  1.08E-05  1.484833E-04  7.71E-06  8.720017E-03  7.24E-04  1.363681E-02  6.46E-03
   1.065E-04  2.130E-03  0.000000E+00  0.00E+00  0.000000E+00  0.00E+00  0.000000E+00  0.00E+00  0.000000E+00  0.00E+00  3.541463E-05  1.03E-05  1.477277E-04  7.69E-06  3.541463E-05  1.03E-05  1.477277E-04  7.69E-06  1.508262E-02  2.17E-02  1.447785E-02  7.08E-03
   1.072E-04  2.143E-03  0.000000E+00  0.00E+00  0.000000E+00  0.00E+00  0.000000E+00  0.00E+00  0.000000E+00  0.00E+00  2.940082E-05  9.40E-06  1.435501E-04  7.58E-06  2.940082E-05  9.40E-06  1.435501E-04  7.58E-06  8.352507E-03  7.09E-04  1.164453E-02  5.01E-03
   1.078E-04  2.157E-03  0.000000E+00  0.00E+00  0.000000E+00  0.00E+00  0.000000E+00  0.00E+00  0.000000E+00  0.00E+00  3.274183E-05  9.92E-06  1.400836E-04  7.48E-06  3.274183E-05  9.92E-06  1.400836E-04  7.48E-06  1.536326E-02  2.17E-02  1.448851E-02  7.08E-03
   1.085E-04  2.170E-03  0.000000E+00  0.00E+00  0.000000E+00  0.00E+00  0.000000E+00  0.00E+00  0.000000E+00  0.00E+00  3.073723E-05  9.61E-06  1.409280E-04  7.51E-06  3.073723E-05  9.61E-06  1.409280E-04  7.51E-06  1.524298E-02  2.17E-02  1.247224E-02  5.78E-03
   1.092E-04  2.183E-03  0.000000E+00  0.00E+00  0.000000E+00  0.00E+00  0.000000E+00  0.00E+00  0.000000E+00  0.00E+00  3.040313E-05  9.56E-06  1.396836E-04  7.48E-06  3.040313E-05  9.56E-06  1.396836E-04  7.48E-06  1.520957E-02  2.17E-02  1.232913E-02  5.78E-03
   1.098E-04  2.196E-03  0.000000E+00  0.00E+00  0.000000E+00  0.00E+00  0.000000E+00  0.00E+00  0.000000E+00  0.00E+00  2.873262E-05  9.29E-06  1.384392E-04  7.44E-06  2.873262E-05  9.29E-06  1.384392E-04  7.44E-06  7.757809E-03  6.83E-04  1.139032E-02  5.01E-03
   1.105E-04  2.210E-03  0.000000E+00  0.00E+00  0.000000E+00  0.00E+00  0.000000E+00  0.00E+00  0.000000E+00  0.00E+00  2.806442E-05  9.19E-06  1.368837E-04  7.40E-06  2.806442E-05  9.19E-06  1.368837E-04  7.40E-06  1.540335E-02  2.17E-02  1.240735E-02  5.78E-03
   1.111E-04  2.223E-03  0.000000E+00  0.00E+00  0.000000E+00  0.00E+00  0.000000E+00  0.00E+00  0.000000E+00  0.00E+00  2.572572E-05  8.80E-06  1.330172E-04  7.29E-06  2.572572E-05  8.80E-06  1.330172E-04  7.29E-06  8.145365E-03  7.00E-04  9.387377E-03  2.90E-03
   1.118E-04  2.236E-03  0.000000E+00  0.00E+00  0.000000E+00  0.00E+00  0.000000E+00  0.00E+00  0.000000E+00  0.00E+00  2.305292E-05  8.33E-06  1.286618E-04  7.17E-06  2.305292E-05  8.33E-06  1.286618E-04  7.17E-06  7.764491E-03  6.83E-04  1.126233E-02  5.01E-03
   1.125E-04  2.249E-03  0.000000E+00  0.00E+00  0.000000E+00  0.00E+00  0.000000E+00  0.00E+00  0.000000E+00  0.00E+00  2.572572E-05  8.80E-06  1.317728E-04  7.26E-06  2.572572E-05  8.80E-06  1.317728E-04  7.26E-06  7.670942E-03  6.79E-04  9.322491E-03  2.90E-03
   1.131E-04  2.263E-03  0.000000E+00  0.00E+00  0.000000E+00  0.00E+00  0.000000E+00  0.00E+00  0.000000E+00  0.00E+00  2.706212E-05  9.02E-06  1.280840E-04  7.16E-06  2.706212E-05  9.02E-06  1.280840E-04  7.16E-06  7.437072E-03  6.69E-04  1.034218E-02  4.09E-03
   1.138E-04  2.276E-03  0.000000E+00  0.00E+00  0.000000E+00  0.00E+00  0.000000E+00  0.00E+00  0.000000E+00  0.00E+00  2.605982E-05  8.85E-06  1.276396E-04  7.15E-06  2.605982E-05  8.85E-06  1.276396E-04  7.15E-06  1.488884E-02  2.17E-02  9.333157E-03  2.90E-03
   1.145E-04  2.289E-03  0.000000E+00  0.00E+00  0.000000E+00  0.00E+00  0.000000E+00  0.00E+00  0.000000E+00  0.00E+00  2.205062E-05  8.14E-06  1.329283E-04  7.29E-06  2.205062E-05  8.14E-06  1.329283E-04  7.29E-06  7.503892E-03  6.72E-04  1.114589E-02  5.01E-03
   1.151E-04  2.302E-03  0.000000E+00  0.00E+00  0.000000E+00  0.00E+00  0.000000E+00  0.00E+00  0.000000E+00  0.00E+00  2.739622E-05  9.08E-06  1.237731E-04  7.04E-06  2.739622E-05  9.08E-06  1.237731E-04  7.04E-06  7.370252E-03  6.66E-04  1.008353E-02  4.09E-03
   1.158E-04  2.315E-03  0.000000E+00  0.00E+00  0.000000E+00  0.00E+00  0.000000E+00  0.00E+00  0.000000E+00  0.00E+00  2.539162E-05  8.74E-06  1.183511E-04  6.88E-06  2.539162E-05  8.74E-06  1.183511E-04  6.88E-06  1.480865E-02  2.17E-02  9.134053E-03  2.90E-03
   1.164E-04  2.329E-03  0.000000E+00  0.00E+00  0.000000E+00  0.00E+00  0.000000E+00  0.00E+00  0.000000E+00  0.00E+00  2.372112E-05  8.45E-06  1.195510E-04  6.91E-06  2.372112E-05  8.45E-06  1.195510E-04  6.91E-06  7.270022E-03  6.61E-04  9.888868E-03  4.09E-03
   1.171E-04  2.342E-03  0.000000E+00  0.00E+00  0.000000E+00  0.00E+00  0.000000E+00  0.00E+00  0.000000E+00  0.00E+00  1.937782E-05  7.63E-06  1.172844E-04  6.85E-06  1.937782E-05  7.63E-06  1.172844E-04  6.85E-06  7.637532E-03  6.78E-04  8.069028E-03  2.54E-04
   1.178E-04  2.355E-03  0.000000E+00  0.00E+00  0.000000E+00  0.00E+00  0.000000E+00  0.00E+00  0.000000E+00  0.00E+00  2.305292E-05  8.33E-06  1.142623E-04  6.76E-06  2.305292E-05  8.33E-06  1.142623E-04  6.76E-06  7.403662E-03  6.67E-04  9.887091E-03  4.09E-03
   1.184E-04  2.368E-03  0.000000E+00  0.00E+00  0.000000E+00  0.00E+00  0.000000E+00  0.00E+00  0.000000E+00  0.00E+00  2.071422E-05  7.89E-06  1.138624E-04  6.75E-06  2.071422E-05  7.89E-06  1.138624E-04  6.75E-06  1.473515E-02  2.17E-02  1.093345E-02  5.01E-03
   1.191E-04  2.382E-03  0.000000E+00  0.00E+00  0.000000E+00  0.00E+00  0.000000E+00  0.00E+00  0.000000E+00  0.00E+00  1.804142E-05  7.37E-06  1.112847E-04  6.68E-06  1.804142E-05  7.37E-06  1.112847E-04  6.68E-06  7.630850E-03  6.77E-04  8.095693E-03  2.55E-04
   1.197E-04  2.395E-03  0.000000E+00  0.00E+00  0.000000E+00  0.00E+00  0.000000E+00  0.00E+00  0.000000E+00  0.00E+00  1.737321E-05  7.23E-06  1.105291E-04  6.65E-06  1.737321E-05  7.23E-06  1.105291E-04  6.65E-06  6.842374E-03  6.41E-04  7.941922E-03  2.52E-04
   1.204E-04  2.408E-03  0.000000E+00  0.00E+00  0.000000E+00  0.00E+00  0.000000E+00  0.00E+00  0.000000E+00  0.00E+00  2.205062E-05  8.14E-06  1.111513E-04  6.67E-06  2.205062E-05  8.14E-06  1.111513E-04  6.67E-06  7.323478E-03  6.64E-04  8.880730E-03  2.90E-03
   1.211E-04  2.421E-03  0.000000E+00  0.00E+00  0.000000E+00  0.00E+00  0.000000E+00  0.00E+00  0.000000E+00  0.00E+00  1.837552E-05  7.43E-06  1.073293E-04  6.55E-06  1.837552E-05  7.43E-06  1.073293E-04  6.55E-06  7.390298E-03  6.67E-04  8.851397E-03  2.90E-03
   1.217E-04  2.435E-03  0.000000E+00  0.00E+00  0.000000E+00  0.00E+00  0.000000E+00  0.00E+00  0.000000E+00  0.00E+00  2.038012E-05  7.83E-06  1.072404E-04  6.55E-06  2.038012E-05  7.83E-06  1.072404E-04  6.55E-06  7.470482E-03  6.70E-04  7.956143E-03  2.52E-04
   1.224E-04  2.448E-03  0.000000E+00  0.00E+00  0.000000E+00  0.00E+00  0.000000E+00  0.00E+00  0.000000E+00  0.00E+00  1.971192E-05  7.70E-06  1.037738E-04  6.44E-06  1.971192E-05  7.70E-06  1.037738E-04  6.44E-06  7.584076E-03  6.76E-04  7.877035E-03  2.51E-04
   1.231E-04  2.461E-03  0.000000E+00  0.00E+00  0.000000E+00  0.00E+00  0.000000E+00  0.00E+00  0.000000E+00  0.00E+00  1.904372E-05  7.57E-06  1.057738E-04  6.50E-06  1.904372E-05  7.57E-06  1.057738E-04  6.50E-06  7.243294E-03  6.60E-04  7.890368E-03  2.51E-04
   1.237E-04  2.474E-03  0.000000E+00  0.00E+00  0.000000E+00  0.00E+00  0.000000E+00  0.00E+00  0.000000E+00  0.00E+00  2.238472E-05  8.20E-06  9.964067E-05  6.31E-06  2.238472E-05  8.20E-06  9.964067E-05  6.31E-06  7.062880E-03  6.52E-04  7.725930E-03  2.49E-04
   1.244E-04  2.487E-03  0.000000E+00  0.00E+00  0.000000E+00  0.00E+00  0.000000E+00  0.00E+00  0.000000E+00  0.00E+00  1.670501E-05  7.09E-06  9.844072E-05  6.27E-06  1.670501E-05  7.09E-06  9.844072E-05  6.27E-06  7.356888E-03  6.65E-04  7.679709E-03  2.48E-04
   1.250E-04  2.501E-03  0.000000E+00  0.00E+00  0.000000E+00  0.00E+00  0.000000E+00  0.00E+00  0.000000E+00  0.00E+00  1.470041E-05  6.65E-06  9.777408E-05  6.26E-06  1.470041E-05  6.65E-06  9.777408E-05  6.26E-06  7.129700E-03  6.55E-04  7.637044E-03  2.47E-04
   1.257E-04  2.514E-03  0.000000E+00  0.00E+00  0.000000E+00  0.00E+00  0.000000E+00  0.00E+00  0.000000E+00  0.00E+00  1.737321E-05  7.23E-06  1.002629E-04  6.33E-06  1.737321E-05  7.23E-06  1.002629E-04  6.33E-06  7.056198E-03  6.51E-04  7.709041E-03  2.48E-04
   1.264E-04  2.527E-03  0.000000E+00  0.00E+00  0.000000E+00  0.00E+00  0.000000E+00  0.00E+00  0.000000E+00  0.00E+00  1.403221E-05  6.50E-06  9.408533E-05  6.13E-06  1.403221E-05  6.50E-06  9.408533E-05  6.13E-06  6.728780E-03  6.36E-04  7.625489E-03  2.47E-04
   1.270E-04  2.540E-03  0.000000E+00  0.00E+00  0.000000E+00  0.00E+00  0.000000E+00  0.00E+00  0.000000E+00  0.00E+00  1.603681E-05  6.94E-06  9.270760E-05  6.09E-06  1.603681E-05  6.94E-06  9.270760E-05  6.09E-06  7.022788E-03  6.50E-04  7.519715E-03  2.45E-04
   1.277E-04  2.554E-03  0.000000E+00  0.00E+00  0.000000E+00  0.00E+00  0.000000E+00  0.00E+00  0.000000E+00  0.00E+00  1.236171E-05  6.10E-06  9.359646E-05  6.12E-06  1.236171E-05  6.10E-06  9.359646E-05  6.12E-06  6.875784E-03  6.43E-04  7.564158E-03  2.46E-04
   1.283E-04  2.567E-03  0.000000E+00  0.00E+00  0.000000E+00  0.00E+00  0.000000E+00  0.00E+00  0.000000E+00  0.00E+00  1.403221E-05  6.50E-06  9.004104E-05  6.00E-06  1.403221E-05  6.50E-06  9.004104E-05  6.00E-06  6.795600E-03  6.39E-04  7.634378E-03  2.47E-04
   1.290E-04  2.580E-03  0.000000E+00  0.00E+00  0.000000E+00  0.00E+00  0.000000E+00  0.00E+00  0.000000E+00  0.00E+00  1.202761E-05  6.01E-06  8.950772E-05  5.98E-06  1.202761E-05  6.01E-06  8.950772E-05  5.98E-06  6.862420E-03  6.42E-04  7.565047E-03  2.46E-04
   1.297E-04  2.593E-03  0.000000E+00  0.00E+00  0.000000E+00  0.00E+00  0.000000E+00  0.00E+00  0.000000E+00  0.00E+00  1.436631E-05  6.57E-06  9.137432E-05  6.05E-06  1.436631E-05  6.57E-06  9.137432E-05  6.05E-06  6.895830E-03  6.44E-04  8.543853E-03  2.90E-03
   1.303E-04  2.607E-03  0.000000E+00  0.00E+00  0.000000E+00  0.00E+00  0.000000E+00  0.00E+00  0.000000E+00  0.00E+00  1.403221E-05  6.50E-06  8.404126E-05  5.80E-06  1.403221E-05  6.50E-06  8.404126E-05  5.80E-06  6.788918E-03  6.39E-04  7.566825E-03  2.46E-04
   1.310E-04  2.620E-03  0.000000E+00  0.00E+00  0.000000E+00  0.00E+00  0.000000E+00  0.00E+00  0.000000E+00  0.00E+00  1.269581E-05  6.18E-06  8.839665E-05  5.95E-06  1.269581E-05  6.18E-06  8.839665E-05  5.95E-06  6.902512E-03  6.44E-04  7.454829E-03  2.44E-04
   1.317E-04  2.633E-03  0.000000E+00  0.00E+00  0.000000E+00  0.00E+00  0.000000E+00  0.00E+00  0.000000E+00  0.00E+00  1.135941E-05  5.84E-06  8.444125E-05  5.81E-06  1.135941E-05  5.84E-06  8.444125E-05  5.81E-06  7.069562E-03  6.52E-04  7.413941E-03  2.44E-04
   1.323E-04  2.646E-03  0.000000E+00  0.00E+00  0.000000E+00  0.00E+00  0.000000E+00  0.00E+00  0.000000E+00  0.00E+00  1.169351E-05  5.93E-06  8.626340E-05  5.87E-06  1.169351E-05  5.93E-06  8.626340E-05  5.87E-06  6.742144E-03  6.37E-04  8.258531E-03  2.90E-03
   1.330E-04  2.660E-03  0.000000E+00  0.00E+00  0.000000E+00  0.00E+00  0.000000E+00  0.00E+00  0.000000E+00  0.00E+00  1.236171E-05  6.10E-06  8.399682E-05  5.80E-06  1.236171E-05  6.10E-06  8.399682E-05  5.80E-06  7.069562E-03  6.52E-04  7.458384E-03  2.44E-04
   1.336E-04  2.673E-03  0.000000E+00  0.00E+00  0.000000E+00  0.00E+00  0.000000E+00  0.00E+00  0.000000E+00  0.00E+00  8.352507E-06  5.01E-06  7.795260E-05  5.58E-06  8.352507E-06  5.01E-06  7.795260E-05  5.58E-06  6.501591E-03  6.25E-04  7.338389E-03  2.42E-04
   1.343E-04  2.686E-03  0.000000E+00  0.00E+00  0.000000E+00  0.00E+00  0.000000E+00  0.00E+00  0.000000E+00  0.00E+00  1.102531E-05  5.76E-06  8.461902E-05  5.82E-06  1.102531E-05  5.76E-06  8.461902E-05  5.82E-06  6.822328E-03  6.41E-04  7.375721E-03  2.43E-04
   1.350E-04  2.699E-03  0.000000E+00  0.00E+00  0.000000E+00  0.00E+00  0.000000E+00  0.00E+00  0.000000E+00  0.00E+00  1.102531E-05  5.76E-06  8.261909E-05  5.75E-06  1.102531E-05  5.76E-06  8.261909E-05  5.75E-06  6.782236E-03  6.39E-04  8.158979E-03  2.90E-03
   1.356E-04  2.712E-03  0.000000E+00  0.00E+00  0.000000E+00  0.00E+00  0.000000E+00  0.00E+00  0.000000E+00  0.00E+00  1.403221E-05  6.50E-06  8.097471E-05  5.69E-06  1.403221E-05  6.50E-06  8.097471E-05  5.69E-06  6.648596E-03  6.32E-04  7.253948E-03  2.41E-04
   1.363E-04  2.726E-03  0.000000E+00  0.00E+00  0.000000E+00  0.00E+00  0.000000E+00  0.00E+00  0.000000E+00  0.00E+00  1.069121E-05  5.67E-06  7.675265E-05  5.54E-06  1.069121E-05  5.67E-06  7.675265E-05  5.54E-06  6.060579E-03  6.04E-04  7.101953E-03  2.38E-04
   1.369E-04  2.739E-03  0.000000E+00  0.00E+00  0.000000E+00  0.00E+00  0.000000E+00  0.00E+00  0.000000E+00  0.00E+00  1.035711E-05  5.58E-06  7.764150E-05  5.57E-06  1.035711E-05  5.58E-06  7.764150E-05  5.57E-06  6.929240E-03  6.46E-04  7.212171E-03  2.40E-04
   1.376E-04  2.752E-03  0.000000E+00  0.00E+00  0.000000E+00  0.00E+00  0.000000E+00  0.00E+00  0.000000E+00  0.00E+00  1.169351E-05  5.93E-06  7.621934E-05  5.52E-06  1.169351E-05  5.93E-06  7.621934E-05  5.52E-06  6.521637E-03  6.26E-04  7.147285E-03  2.39E-04
   1.383E-04  2.765E-03  0.000000E+00  0.00E+00  0.000000E+00  0.00E+00  0.000000E+00  0.00E+00  0.000000E+00  0.00E+00  1.002301E-05  5.49E-06  7.684153E-05  5.54E-06  1.002301E-05  5.49E-06  7.684153E-05  5.54E-06  6.327859E-03  6.17E-04  7.085065E-03  2.38E-04
   1.389E-04  2.779E-03  0.000000E+00  0.00E+00  0.000000E+00  0.00E+00  0.000000E+00  0.00E+00  0.000000E+00  0.00E+00  1.069121E-05  5.67E-06  7.497494E-05  5.48E-06  1.069121E-05  5.67E-06  7.497494E-05  5.48E-06  6.414725E-03  6.21E-04  7.183728E-03  2.40E-04
   1.396E-04  2.792E-03  0.000000E+00  0.00E+00  0.000000E+00  0.00E+00  0.000000E+00  0.00E+00  0.000000E+00  0.00E+00  1.236171E-05  6.10E-06  7.293057E-05  5.40E-06  1.236171E-05  6.10E-06  7.293057E-05  5.40E-06  6.555048E-03  6.28E-04  7.028178E-03  2.37E-04
   1.403E-04  2.805E-03  0.000000E+00  0.00E+00  0.000000E+00  0.00E+00  0.000000E+00  0.00E+00  0.000000E+00  0.00E+00  1.069121E-05  5.67E-06  7.075288E-05  5.32E-06  1.069121E-05  5.67E-06  7.075288E-05  5.32E-06  6.367951E-03  6.19E-04  6.973069E-03  2.36E-04
   1.409E-04  2.818E-03  0.000000E+00  0.00E+00  0.000000E+00  0.00E+00  0.000000E+00  0.00E+00  0.000000E+00  0.00E+00  8.686607E-06  5.11E-06  7.159729E-05  5.35E-06  8.686607E-06  5.11E-06  7.159729E-05  5.35E-06  6.321177E-03  6.17E-04  7.110842E-03  2.39E-04
   1.416E-04  2.832E-03  0.000000E+00  0.00E+00  0.000000E+00  0.00E+00  0.000000E+00  0.00E+00  0.000000E+00  0.00E+00  1.002301E-05  5.49E-06  7.048622E-05  5.31E-06  1.002301E-05  5.49E-06  7.048622E-05  5.31E-06  6.087307E-03  6.05E-04  6.917960E-03  2.35E-04
   1.422E-04  2.845E-03  0.000000E+00  0.00E+00  0.000000E+00  0.00E+00  0.000000E+00  0.00E+00  0.000000E+00  0.00E+00  1.135941E-05  5.84E-06  6.915294E-05  5.26E-06  1.135941E-05  5.84E-06  6.915294E-05  5.26E-06  6.394679E-03  6.20E-04  6.980180E-03  2.36E-04
   1.429E-04  2.858E-03  0.000000E+00  0.00E+00  0.000000E+00  0.00E+00  0.000000E+00  0.00E+00  0.000000E+00  0.00E+00  9.688908E-06  5.40E-06  6.906405E-05  5.26E-06  9.688908E-06  5.40E-06  6.906405E-05  5.26E-06  6.421407E-03  6.21E-04  6.985513E-03  2.36E-04
   1.436E-04  2.871E-03  0.000000E+00  0.00E+00  0.000000E+00  0.00E+00  0.000000E+00  0.00E+00  0.000000E+00  0.00E+00  1.135941E-05  5.84E-06  6.879740E-05  5.25E-06  1.135941E-05  5.84E-06  6.879740E-05  5.25E-06  6.220947E-03  6.12E-04  6.930404E-03  2.35E-04
   1.442E-04  2.884E-03  0.000000E+00  0.00E+00  0.000000E+00  0.00E+00  0.000000E+00  0.00E+00  0.000000E+00  0.00E+00  9.688908E-06  5.40E-06  6.977514E-05  5.28E-06  9.688908E-06  5.40E-06  6.977514E-05  5.28E-06  6.341223E-03  6.18E-04  6.937515E-03  2.36E-04
   1.449E-04  2.898E-03  0.000000E+00  0.00E+00  0.000000E+00  0.00E+00  0.000000E+00  0.00E+00  0.000000E+00  0.00E+00  7.350206E-06  4.70E-06  6.546419E-05  5.12E-06  7.350206E-06  4.70E-06  6.546419E-05  5.12E-06  6.107353E-03  6.06E-04  6.869962E-03  2.34E-04
   1.455E-04  2.911E-03  0.000000E+00  0.00E+00  0.000000E+00  0.00E+00  0.000000E+00  0.00E+00  0.000000E+00  0.00E+00  6.347905E-06  4.37E-06  6.479755E-05  5.09E-06  6.347905E-06  4.37E-06  6.479755E-05  5.09E-06  6.381315E-03  6.19E-04  6.842408E-03  2.34E-04
   1.462E-04  2.924E-03  0.000000E+00  0.00E+00  0.000000E+00  0.00E+00  0.000000E+00  0.00E+00  0.000000E+00  0.00E+00  7.016106E-06  4.59E-06  6.475310E-05  5.09E-06  7.016106E-06  4.59E-06  6.475310E-05  5.09E-06  6.267721E-03  6.14E-04  6.802409E-03  2.33E-04
   1.469E-04  2.937E-03  0.000000E+00  0.00E+00  0.000000E+00  0.00E+00  0.000000E+00  0.00E+00  0.000000E+00  0.00E+00  9.354808E-06  5.30E-06  6.141990E-05  4.96E-06  9.354808E-06  5.30E-06  6.141990E-05  4.96E-06  6.528319E-03  6.27E-04  6.850407E-03  2.34E-04
   1.475E-04  2.951E-03  0.000000E+00  0.00E+00  0.000000E+00  0.00E+00  0.000000E+00  0.00E+00  0.000000E+00  0.00E+00  7.016106E-06  4.59E-06  6.150878E-05  4.96E-06  7.016106E-06  4.59E-06  6.150878E-05  4.96E-06  6.281085E-03  6.15E-04  6.797965E-03  2.33E-04
   1.482E-04  2.964E-03  0.000000E+00  0.00E+00  0.000000E+00  0.00E+00  0.000000E+00  0.00E+00  0.000000E+00  0.00E+00  1.269581E-05  6.18E-06  6.453089E-05  5.08E-06  1.269581E-05  6.18E-06  6.453089E-05  5.08E-06  5.913575E-03  5.96E-04  6.824630E-03  2.34E-04
   1.489E-04  2.977E-03  0.000000E+00  0.00E+00  0.000000E+00  0.00E+00  0.000000E+00  0.00E+00  0.000000E+00  0.00E+00  7.350206E-06  4.70E-06  6.004217E-05  4.90E-06  7.350206E-06  4.70E-06  6.004217E-05  4.90E-06  6.194219E-03  6.10E-04  6.717968E-03  2.32E-04
   1.495E-04  2.990E-03  0.000000E+00  0.00E+00  0.000000E+00  0.00E+00  0.000000E+00  0.00E+00  0.000000E+00  0.00E+00  7.016106E-06  4.59E-06  6.084214E-05  4.93E-06  7.016106E-06  4.59E-06  6.084214E-05  4.93E-06  6.147445E-03  6.08E-04  6.806853E-03  2.33E-04
   1.502E-04  3.004E-03  0.000000E+00  0.00E+00  0.000000E+00  0.00E+00  0.000000E+00  0.00E+00  0.000000E+00  0.00E+00  8.352507E-06  5.01E-06  5.870889E-05  4.85E-06  8.352507E-06  5.01E-06  5.870889E-05  4.85E-06  5.853437E-03  5.93E-04  6.769521E-03  2.33E-04
   1.508E-04  3.017E-03  0.000000E+00  0.00E+00  0.000000E+00  0.00E+00  0.000000E+00  0.00E+00  0.000000E+00  0.00E+00  6.347905E-06  4.37E-06  6.101991E-05  4.94E-06  6.347905E-06  4.37E-06  6.101991E-05  4.94E-06  6.154127E-03  6.08E-04  6.789965E-03  2.33E-04
   1.515E-04  3.030E-03  0.000000E+00  0.00E+00  0.000000E+00  0.00E+00  0.000000E+00  0.00E+00  0.000000E+00  0.00E+00  5.345604E-06  4.01E-06  5.995329E-05  4.90E-06  5.345604E-06  4.01E-06  5.995329E-05  4.90E-06  6.387997E-03  6.20E-04  6.703746E-03  2.32E-04
   1.522E-04  3.043E-03  0.000000E+00  0.00E+00  0.000000E+00  0.00E+00  0.000000E+00  0.00E+00  0.000000E+00  0.00E+00  6.682006E-06  4.48E-06  5.919776E-05  4.87E-06  6.682006E-06  4.48E-06  5.919776E-05  4.87E-06  5.786617E-03  5.90E-04  6.797076E-03  2.33E-04
   1.528E-04  3.056E-03  0.000000E+00  0.00E+00  0.000000E+00  0.00E+00  0.000000E+00  0.00E+00  0.000000E+00  0.00E+00  4.009203E-06  3.47E-06  5.493125E-05  4.69E-06  4.009203E-06  3.47E-06  5.493125E-05  4.69E-06  5.993759E-03  6.00E-04  6.599750E-03  2.30E-04
   1.535E-04  3.070E-03  0.000000E+00  0.00E+00  0.000000E+00  0.00E+00  0.000000E+00  0.00E+00  0.000000E+00  0.00E+00  4.343304E-06  3.61E-06  5.675341E-05  4.76E-06  4.343304E-06  3.61E-06  5.675341E-05  4.76E-06  6.073943E-03  6.04E-04  6.706413E-03  2.32E-04
   1.541E-04  3.083E-03  0.000000E+00  0.00E+00  0.000000E+00  0.00E+00  0.000000E+00  0.00E+00  0.000000E+00  0.00E+00  5.011504E-06  3.88E-06  5.119806E-05  4.53E-06  5.011504E-06  3.88E-06  5.119806E-05  4.53E-06  6.174173E-03  6.09E-04  6.590862E-03  2.30E-04
   1.548E-04  3.096E-03  0.000000E+00  0.00E+00  0.000000E+00  0.00E+00  0.000000E+00  0.00E+00  0.000000E+00  0.00E+00  1.035711E-05  5.58E-06  5.559789E-05  4.72E-06  1.035711E-05  5.58E-06  5.559789E-05  4.72E-06  6.160809E-03  6.09E-04  6.573973E-03  2.29E-04
   1.555E-04  3.109E-03  0.000000E+00  0.00E+00  0.000000E+00  0.00E+00  0.000000E+00  0.00E+00  0.000000E+00  0.00E+00  7.016106E-06  4.59E-06  5.555345E-05  4.71E-06  7.016106E-06  4.59E-06  5.555345E-05  4.71E-06  6.120717E-03  6.07E-04  6.594417E-03  2.30E-04
   1.561E-04  3.123E-03  0.000000E+00  0.00E+00  0.000000E+00  0.00E+00  0.000000E+00  0.00E+00  0.000000E+00  0.00E+00  7.350206E-06  4.70E-06  5.324243E-05  4.61E-06  7.350206E-06  4.70E-06  5.324243E-05  4.61E-06  5.492609E-03  5.75E-04  6.690413E-03  2.31E-04
   1.568E-04  3.136E-03  0.000000E+00  0.00E+00  0.000000E+00  0.00E+00  0.000000E+00  0.00E+00  0.000000E+00  0.00E+00  4.677404E-06  3.75E-06  5.302021E-05  4.61E-06  4.677404E-06  3.75E-06  5.302021E-05  4.61E-06  6.053897E-03  6.03E-04  6.535753E-03  2.29E-04
   1.575E-04  3.149E-03  0.000000E+00  0.00E+00  0.000000E+00  0.00E+00  0.000000E+00  0.00E+00  0.000000E+00  0.00E+00  4.343304E-06  3.61E-06  5.315354E-05  4.61E-06  4.343304E-06  3.61E-06  5.315354E-05  4.61E-06  5.713115E-03  5.86E-04  6.421979E-03  2.27E-04
   1.581E-04  3.162E-03  0.000000E+00  0.00E+00  0.000000E+00  0.00E+00  0.000000E+00  0.00E+00  0.000000E+00  0.00E+00  4.343304E-06  3.61E-06  5.346464E-05  4.62E-06  4.343304E-06  3.61E-06  5.346464E-05  4.62E-06  5.906893E-03  5.96E-04  6.539308E-03  2.29E-04
   1.588E-04  3.176E-03  0.000000E+00  0.00E+00  0.000000E+00  0.00E+00  0.000000E+00  0.00E+00  0.000000E+00  0.00E+00  4.343304E-06  3.61E-06  5.146472E-05  4.54E-06  4.343304E-06  3.61E-06  5.146472E-05  4.54E-06  5.920257E-03  5.97E-04  6.451311E-03  2.27E-04
   1.594E-04  3.189E-03  0.000000E+00  0.00E+00  0.000000E+00  0.00E+00  0.000000E+00  0.00E+00  0.000000E+00  0.00E+00  4.677404E-06  3.75E-06  4.919814E-05  4.44E-06  4.677404E-06  3.75E-06  4.919814E-05  4.44E-06  5.626249E-03  5.82E-04  6.419312E-03  2.27E-04
   1.601E-04  3.202E-03  0.000000E+00  0.00E+00  0.000000E+00  0.00E+00  0.000000E+00  0.00E+00  0.000000E+00  0.00E+00  8.018407E-06  4.91E-06  5.022032E-05  4.48E-06  8.018407E-06  4.91E-06  5.022032E-05  4.48E-06  5.826709E-03  5.92E-04  6.278873E-03  2.24E-04
   1.608E-04  3.215E-03  0.000000E+00  0.00E+00  0.000000E+00  0.00E+00  0.000000E+00  0.00E+00  0.000000E+00  0.00E+00  6.682006E-06  4.48E-06  5.008699E-05  4.48E-06  6.682006E-06  4.48E-06  5.008699E-05  4.48E-06  5.526019E-03  5.76E-04  6.254874E-03  2.24E-04
   1.614E-04  3.228E-03  0.000000E+00  0.00E+00  0.000000E+00  0.00E+00  0.000000E+00  0.00E+00  0.000000E+00  0.00E+00  6.347905E-06  4.37E-06  4.888704E-05  4.42E-06  6.347905E-06  4.37E-06  4.888704E-05  4.42E-06  5.098370E-03  5.54E-04  6.324205E-03  2.25E-04
   1.621E-04  3.242E-03  0.000000E+00  0.00E+00  0.000000E+00  0.00E+00  0.000000E+00  0.00E+00  0.000000E+00  0.00E+00  5.679705E-06  4.13E-06  4.902037E-05  4.43E-06  5.679705E-06  4.13E-06  4.902037E-05  4.43E-06  5.492609E-03  5.75E-04  6.333982E-03  2.25E-04
   1.627E-04  3.255E-03  0.000000E+00  0.00E+00  0.000000E+00  0.00E+00  0.000000E+00  0.00E+00  0.000000E+00  0.00E+00  7.016106E-06  4.59E-06  4.639824E-05  4.31E-06  7.016106E-06  4.59E-06  4.639824E-05  4.31E-06  5.820027E-03  5.92E-04  6.212209E-03  2.23E-04
   1.634E-04  3.268E-03  0.000000E+00  0.00E+00  0.000000E+00  0.00E+00  0.000000E+00  0.00E+00  0.000000E+00  0.00E+00  5.345604E-06  4.01E-06  4.919814E-05  4.44E-06  5.345604E-06  4.01E-06  4.919814E-05  4.44E-06  5.606203E-03  5.81E-04  6.194432E-03  2.23E-04
   1.641E-04  3.281E-03  0.000000E+00  0.00E+00  0.000000E+00  0.00E+00  0.000000E+00  0.00E+00  0.000000E+00  0.00E+00  5.011504E-06  3.88E-06  4.479830E-05  4.23E-06  5.011504E-06  3.88E-06  4.479830E-05  4.23E-06  5.626249E-03  5.82E-04  6.255763E-03  2.24E-04
