 #  Results from PENEPMA. Phi rho z distribution.
 #
 #  Z = 29, S1 =  4, S2 =  9
 #
 #  Angular intervals : theta_1 = 4.000000E+01,  theta_2 = 6.000000E+01
 #                        phi_1 = 0.000000E+00,    phi_2 = 3.600000E+02
 #
 # Intensities of characteristic lines. All in 1/(cm*sr*electron).
 #    P = primary photons (from electron interactions);
 #    C = flourescence from characteristic x rays;
 #    B = flourescence from bremsstrahlung quanta;
 #   TF = C+B, total fluorescence;
 #    T = P+C+B, total intensity;
 #    E = emitted; G = generated;
 #  unc = statistical uncertainty (3 sigma).
 #
 # D (cm)     DF (cm)    PE            unc       PG            unc       CE            unc       CG            unc       BE            unc       BG            unc       TFE           unc       TFG           unc       TE            unc       TG            unc
   0.000E+00  0.000E+00  2.514461E+00  1.81E+00  2.955144E+00  3.58E-02  1.284287E-01  2.03E-02  1.483123E-01  7.98E-03  3.175396E-03  9.77E-05  3.800929E-03  3.90E-05  1.316041E-01  2.04E-02  1.521132E-01  8.02E-03  1.862757E+00  3.48E-01  2.035767E+00  1.33E-01
   6.616E-07  1.323E-05  2.285380E+00  1.73E+00  3.637967E+00  3.98E-02  1.151438E-01  1.93E-02  1.873649E-01  8.97E-03  3.061839E-03  9.59E-05  4.875624E-03  4.42E-05  1.182056E-01  1.94E-02  1.922405E-01  9.01E-03  2.029399E+00  3.63E-01  2.169793E+00  1.37E-01
   1.323E-06  2.646E-05  1.532996E+00  1.41E+00  3.173316E+00  3.71E-02  7.833076E-02  1.59E-02  1.485736E-01  7.99E-03  2.176348E-03  8.09E-05  4.695928E-03  4.34E-05  8.050711E-02  1.60E-02  1.532695E-01  8.03E-03  2.376901E+00  3.93E-01  2.394375E+00  1.44E-01
   1.985E-06  3.969E-05  8.392394E-01  1.05E+00  2.373079E+00  3.21E-02  3.536546E-02  1.07E-02  9.981398E-02  6.56E-03  1.361849E-03  6.40E-05  3.977176E-03  3.99E-05  3.672731E-02  1.08E-02  1.037912E-01  6.60E-03  2.553258E+00  4.07E-01  2.495024E+00  1.47E-01
   2.646E-06  5.293E-05  4.027915E-01  7.24E-01  1.570820E+00  2.61E-02  1.431007E-02  6.79E-03  6.060550E-02  5.12E-03  8.241327E-04  4.98E-05  3.068911E-03  3.51E-05  1.513420E-02  6.84E-03  6.367441E-02  5.15E-03  2.414583E+00  3.96E-01  2.707125E+00  1.53E-01
   3.308E-06  6.616E-05  1.661108E-01  4.65E-01  9.032575E-01  1.98E-02  5.493817E-03  4.21E-03  3.077377E-02  3.66E-03  4.284976E-04  3.59E-05  2.227920E-03  2.99E-05  5.922315E-03  4.25E-03  3.300169E-02  3.69E-03  2.654784E+00  4.15E-01  2.721998E+00  1.54E-01
   3.969E-06  7.939E-05  6.586527E-02  2.93E-01  4.563706E-01  1.41E-02  1.151052E-03  1.89E-03  1.390725E-02  2.44E-03  2.400047E-04  2.69E-05  1.568713E-03  2.51E-05  1.391057E-03  1.92E-03  1.547597E-02  2.47E-03  2.501384E+00  4.03E-01  2.840090E+00  1.57E-01
   4.631E-06  9.262E-05  2.099003E-02  1.65E-01  1.962201E-01  9.24E-03  3.618971E-04  1.09E-03  5.675894E-03  1.56E-03  1.303595E-04  1.98E-05  1.121600E-03  2.12E-05  4.922565E-04  1.11E-03  6.797493E-03  1.58E-03  2.792456E+00  4.26E-01  2.973502E+00  1.60E-01
   5.293E-06  1.059E-04  4.704662E-03  7.83E-02  6.807046E-02  5.45E-03  0.000000E+00  0.00E+00  1.881500E-03  8.93E-04  5.779935E-05  1.32E-05  8.225368E-04  1.81E-05  5.779935E-05  1.32E-05  2.704037E-03  9.11E-04  2.783720E+00  4.26E-01  3.164438E+00  1.65E-01
   5.954E-06  1.191E-04  2.171383E-03  5.32E-02  2.031523E-02  2.99E-03  0.000000E+00  0.00E+00  5.556272E-04  4.81E-04  3.975793E-05  1.09E-05  6.370821E-04  1.60E-05  3.975793E-05  1.09E-05  1.192709E-03  4.97E-04  2.717434E+00  4.20E-01  3.111970E+00  1.64E-01
   6.616E-06  1.323E-04  0.000000E+00  0.00E+00  5.102878E-03  1.50E-03  0.000000E+00  0.00E+00  1.965876E-04  2.58E-04  1.971192E-05  7.70E-06  5.387870E-04  1.47E-05  1.971192E-05  7.70E-06  7.353746E-04  2.73E-04  2.792251E+00  4.26E-01  3.296355E+00  1.69E-01
   7.277E-06  1.455E-04  0.000000E+00  0.00E+00  1.059088E-03  6.77E-04  0.000000E+00  0.00E+00  8.291805E-05  1.54E-04  1.637091E-05  7.02E-06  4.540390E-04  1.35E-05  1.637091E-05  7.02E-06  5.369570E-04  1.67E-04  2.980577E+00  4.41E-01  3.374740E+00  1.71E-01
   7.939E-06  1.588E-04  0.000000E+00  0.00E+00  4.814036E-05  1.44E-04  0.000000E+00  0.00E+00  1.571417E-04  2.16E-04  7.684306E-06  4.81E-06  4.154423E-04  1.29E-05  7.684306E-06  4.81E-06  5.725840E-04  2.28E-04  2.771041E+00  4.24E-01  3.355248E+00  1.70E-01
   8.600E-06  1.720E-04  0.000000E+00  0.00E+00  0.000000E+00  0.00E+00  3.618971E-04  1.09E-03  2.360335E-04  2.95E-04  7.350206E-06  4.70E-06  3.601271E-04  1.20E-05  3.692473E-04  1.09E-03  5.961607E-04  3.07E-04  2.657734E+00  4.15E-01  3.338348E+00  1.70E-01
   9.262E-06  1.852E-04  0.000000E+00  0.00E+00  0.000000E+00  0.00E+00  0.000000E+00  0.00E+00  3.477770E-05  5.22E-05  3.006903E-06  3.01E-06  3.249167E-04  1.14E-05  3.006903E-06  3.01E-06  3.596944E-04  6.36E-05  2.740860E+00  4.22E-01  3.545457E+00  1.75E-01
   9.924E-06  1.985E-04  0.000000E+00  0.00E+00  0.000000E+00  0.00E+00  0.000000E+00  0.00E+00  7.422363E-05  1.51E-04  3.341003E-06  3.17E-06  3.062748E-04  1.11E-05  3.341003E-06  3.17E-06  3.804985E-04  1.62E-04  2.870885E+00  4.32E-01  3.575592E+00  1.76E-01
   1.059E-05  2.117E-04  0.000000E+00  0.00E+00  0.000000E+00  0.00E+00  0.000000E+00  0.00E+00  1.965876E-04  2.58E-04  3.006903E-06  3.01E-06  2.783487E-04  1.06E-05  3.006903E-06  3.01E-06  4.749363E-04  2.69E-04  2.785380E+00  4.26E-01  3.641178E+00  1.77E-01
   1.125E-05  2.249E-04  0.000000E+00  0.00E+00  0.000000E+00  0.00E+00  0.000000E+00  0.00E+00  3.477770E-05  5.22E-05  6.682006E-07  1.42E-06  2.572384E-04  1.01E-05  6.682006E-07  1.42E-06  2.920161E-04  6.23E-05  3.111121E+00  4.50E-01  3.797060E+00  1.81E-01
   1.191E-05  2.382E-04  0.000000E+00  0.00E+00  0.000000E+00  0.00E+00  0.000000E+00  0.00E+00  2.608327E-05  4.52E-05  6.682006E-07  1.42E-06  2.387342E-04  9.77E-06  6.682006E-07  1.42E-06  2.648175E-04  5.49E-05  2.731982E+00  4.22E-01  3.769615E+00  1.81E-01
   1.257E-05  2.514E-04  0.000000E+00  0.00E+00  0.000000E+00  0.00E+00  0.000000E+00  0.00E+00  1.003069E-04  1.58E-04  3.341003E-07  1.00E-06  2.288315E-04  9.57E-06  3.341003E-07  1.00E-06  3.291384E-04  1.67E-04  2.792797E+00  4.26E-01  3.837466E+00  1.82E-01
   1.323E-05  2.646E-04  0.000000E+00  0.00E+00  0.000000E+00  0.00E+00  0.000000E+00  0.00E+00  1.310584E-04  2.11E-04  3.341003E-07  1.00E-06  2.118827E-04  9.21E-06  3.341003E-07  1.00E-06  3.429411E-04  2.20E-04  2.818967E+00  4.28E-01  3.714014E+00  1.79E-01
   1.389E-05  2.779E-04  0.000000E+00  0.00E+00  0.000000E+00  0.00E+00  0.000000E+00  0.00E+00  2.186447E-04  2.92E-04  0.000000E+00  0.00E+00  2.064082E-04  9.09E-06  0.000000E+00  0.00E+00  4.250529E-04  3.01E-04  2.866264E+00  4.32E-01  3.928751E+00  1.84E-01
   1.455E-05  2.911E-04  0.000000E+00  0.00E+00  0.000000E+00  0.00E+00  0.000000E+00  0.00E+00  1.310584E-04  2.11E-04  0.000000E+00  0.00E+00  1.882756E-04  8.68E-06  0.000000E+00  0.00E+00  3.193340E-04  2.19E-04  2.718703E+00  4.21E-01  3.849239E+00  1.82E-01
   1.522E-05  3.043E-04  0.000000E+00  0.00E+00  0.000000E+00  0.00E+00  0.000000E+00  0.00E+00  1.738885E-05  3.69E-05  0.000000E+00  0.00E+00  1.777507E-04  8.44E-06  0.000000E+00  0.00E+00  1.951395E-04  4.53E-05  2.487409E+00  4.02E-01  3.802496E+00  1.81E-01
   1.588E-05  3.176E-04  0.000000E+00  0.00E+00  0.000000E+00  0.00E+00  0.000000E+00  0.00E+00  6.552920E-05  1.49E-04  0.000000E+00  0.00E+00  1.669795E-04  8.18E-06  0.000000E+00  0.00E+00  2.325087E-04  1.57E-04  2.442261E+00  3.99E-01  3.782617E+00  1.81E-01
   1.654E-05  3.308E-04  0.000000E+00  0.00E+00  0.000000E+00  0.00E+00  0.000000E+00  0.00E+00  1.136696E-04  2.08E-04  0.000000E+00  0.00E+00  1.627531E-04  8.07E-06  0.000000E+00  0.00E+00  2.764227E-04  2.16E-04  2.442628E+00  3.99E-01  3.924310E+00  1.84E-01
   1.720E-05  3.440E-04  0.000000E+00  0.00E+00  0.000000E+00  0.00E+00  0.000000E+00  0.00E+00  8.291805E-05  1.54E-04  0.000000E+00  0.00E+00  1.560021E-04  7.91E-06  0.000000E+00  0.00E+00  2.389202E-04  1.61E-04  2.452040E+00  3.99E-01  3.911270E+00  1.84E-01
   1.786E-05  3.572E-04  0.000000E+00  0.00E+00  0.000000E+00  0.00E+00  0.000000E+00  0.00E+00  5.683478E-05  1.47E-04  0.000000E+00  0.00E+00  1.456914E-04  7.64E-06  0.000000E+00  0.00E+00  2.025262E-04  1.54E-04  2.508644E+00  4.04E-01  3.938514E+00  1.85E-01
   1.852E-05  3.705E-04  0.000000E+00  0.00E+00  0.000000E+00  0.00E+00  0.000000E+00  0.00E+00  7.422363E-05  1.51E-04  0.000000E+00  0.00E+00  1.399138E-04  7.48E-06  0.000000E+00  0.00E+00  2.141375E-04  1.59E-04  2.203257E+00  3.79E-01  3.783785E+00  1.81E-01
   1.919E-05  3.837E-04  0.000000E+00  0.00E+00  0.000000E+00  0.00E+00  0.000000E+00  0.00E+00  1.738885E-05  3.69E-05  0.000000E+00  0.00E+00  1.331141E-04  7.30E-06  0.000000E+00  0.00E+00  1.505029E-04  4.42E-05  2.608841E+00  4.12E-01  3.919005E+00  1.84E-01
   1.985E-05  3.969E-04  0.000000E+00  0.00E+00  0.000000E+00  0.00E+00  0.000000E+00  0.00E+00  4.814036E-05  1.44E-04  0.000000E+00  0.00E+00  1.300556E-04  7.22E-06  0.000000E+00  0.00E+00  1.781959E-04  1.52E-04  2.275874E+00  3.85E-01  3.888087E+00  1.83E-01
   2.051E-05  4.102E-04  0.000000E+00  0.00E+00  0.000000E+00  0.00E+00  0.000000E+00  0.00E+00  0.000000E+00  0.00E+00  0.000000E+00  0.00E+00  1.257810E-04  7.10E-06  0.000000E+00  0.00E+00  1.257810E-04  7.10E-06  2.616033E+00  4.13E-01  3.812146E+00  1.82E-01
   2.117E-05  4.234E-04  0.000000E+00  0.00E+00  0.000000E+00  0.00E+00  0.000000E+00  0.00E+00  1.310584E-04  2.11E-04  0.000000E+00  0.00E+00  1.188560E-04  6.90E-06  0.000000E+00  0.00E+00  2.499144E-04  2.18E-04  2.349141E+00  3.91E-01  3.903139E+00  1.84E-01
   2.183E-05  4.366E-04  0.000000E+00  0.00E+00  0.000000E+00  0.00E+00  0.000000E+00  0.00E+00  3.477770E-05  5.22E-05  0.000000E+00  0.00E+00  1.159067E-04  6.82E-06  0.000000E+00  0.00E+00  1.506844E-04  5.90E-05  2.434842E+00  3.98E-01  3.842173E+00  1.82E-01
   2.249E-05  4.499E-04  0.000000E+00  0.00E+00  0.000000E+00  0.00E+00  0.000000E+00  0.00E+00  5.683478E-05  1.47E-04  0.000000E+00  0.00E+00  1.113452E-04  6.67E-06  0.000000E+00  0.00E+00  1.681800E-04  1.53E-04  2.130931E+00  3.72E-01  3.848357E+00  1.82E-01
   2.315E-05  4.631E-04  0.000000E+00  0.00E+00  0.000000E+00  0.00E+00  0.000000E+00  0.00E+00  5.683478E-05  1.47E-04  0.000000E+00  0.00E+00  1.052485E-04  6.50E-06  0.000000E+00  0.00E+00  1.620833E-04  1.53E-04  2.203336E+00  3.79E-01  3.857167E+00  1.83E-01
   2.382E-05  4.763E-04  0.000000E+00  0.00E+00  0.000000E+00  0.00E+00  0.000000E+00  0.00E+00  8.291805E-05  1.54E-04  0.000000E+00  0.00E+00  1.039596E-04  6.45E-06  0.000000E+00  0.00E+00  1.868777E-04  1.60E-04  2.197458E+00  3.78E-01  3.771638E+00  1.81E-01
   2.448E-05  4.896E-04  0.000000E+00  0.00E+00  0.000000E+00  0.00E+00  0.000000E+00  0.00E+00  1.136696E-04  2.08E-04  0.000000E+00  0.00E+00  1.015073E-04  6.37E-06  0.000000E+00  0.00E+00  2.151768E-04  2.14E-04  2.234628E+00  3.81E-01  3.751856E+00  1.80E-01
   2.514E-05  5.028E-04  0.000000E+00  0.00E+00  0.000000E+00  0.00E+00  0.000000E+00  0.00E+00  8.291805E-05  1.54E-04  0.000000E+00  0.00E+00  9.262674E-05  6.09E-06  0.000000E+00  0.00E+00  1.755448E-04  1.60E-04  1.978727E+00  3.59E-01  3.729691E+00  1.80E-01
   2.580E-05  5.160E-04  0.000000E+00  0.00E+00  0.000000E+00  0.00E+00  0.000000E+00  0.00E+00  8.694424E-06  2.61E-05  0.000000E+00  0.00E+00  9.196010E-05  6.07E-06  0.000000E+00  0.00E+00  1.006545E-04  3.22E-05  2.101731E+00  3.70E-01  3.645889E+00  1.78E-01
   2.646E-05  5.293E-04  0.000000E+00  0.00E+00  0.000000E+00  0.00E+00  0.000000E+00  0.00E+00  1.049751E-04  2.06E-04  0.000000E+00  0.00E+00  8.996820E-05  6.00E-06  0.000000E+00  0.00E+00  1.949433E-04  2.12E-04  2.081245E+00  3.68E-01  3.718691E+00  1.79E-01
   2.712E-05  5.425E-04  0.000000E+00  0.00E+00  0.000000E+00  0.00E+00  0.000000E+00  0.00E+00  1.791988E-04  2.56E-04  0.000000E+00  0.00E+00  8.617451E-05  5.88E-06  0.000000E+00  0.00E+00  2.653733E-04  2.61E-04  1.985724E+00  3.59E-01  3.652169E+00  1.78E-01
   2.779E-05  5.557E-04  0.000000E+00  0.00E+00  0.000000E+00  0.00E+00  0.000000E+00  0.00E+00  7.422363E-05  1.51E-04  0.000000E+00  0.00E+00  8.693807E-05  5.91E-06  0.000000E+00  0.00E+00  1.611617E-04  1.57E-04  2.060764E+00  3.66E-01  3.640389E+00  1.78E-01
   2.845E-05  5.689E-04  0.000000E+00  0.00E+00  0.000000E+00  0.00E+00  0.000000E+00  0.00E+00  2.608327E-05  4.52E-05  0.000000E+00  0.00E+00  8.373016E-05  5.79E-06  0.000000E+00  0.00E+00  1.098134E-04  5.10E-05  1.963795E+00  3.57E-01  3.591987E+00  1.76E-01
   2.911E-05  5.822E-04  0.000000E+00  0.00E+00  0.000000E+00  0.00E+00  0.000000E+00  0.00E+00  1.049751E-04  2.06E-04  0.000000E+00  0.00E+00  7.835259E-05  5.60E-06  0.000000E+00  0.00E+00  1.833277E-04  2.12E-04  1.862786E+00  3.48E-01  3.590022E+00  1.76E-01
   2.977E-05  5.954E-04  0.000000E+00  0.00E+00  0.000000E+00  0.00E+00  0.000000E+00  0.00E+00  8.694424E-06  2.61E-05  0.000000E+00  0.00E+00  7.850197E-05  5.61E-06  0.000000E+00  0.00E+00  8.719639E-05  3.17E-05  1.559830E+00  3.18E-01  3.422862E+00  1.72E-01
   3.043E-05  6.086E-04  0.000000E+00  0.00E+00  0.000000E+00  0.00E+00  0.000000E+00  0.00E+00  1.049751E-04  2.06E-04  0.000000E+00  0.00E+00  7.399720E-05  5.44E-06  0.000000E+00  0.00E+00  1.789723E-04  2.11E-04  1.748087E+00  3.37E-01  3.518225E+00  1.74E-01
   3.109E-05  6.219E-04  0.000000E+00  0.00E+00  0.000000E+00  0.00E+00  0.000000E+00  0.00E+00  8.694424E-06  2.61E-05  0.000000E+00  0.00E+00  7.084979E-05  5.33E-06  0.000000E+00  0.00E+00  7.954421E-05  3.14E-05  1.703262E+00  3.33E-01  3.328200E+00  1.70E-01
   3.176E-05  6.351E-04  0.000000E+00  0.00E+00  0.000000E+00  0.00E+00  0.000000E+00  0.00E+00  5.683478E-05  1.47E-04  0.000000E+00  0.00E+00  6.888628E-05  5.25E-06  0.000000E+00  0.00E+00  1.257211E-04  1.52E-04  1.775588E+00  3.40E-01  3.449666E+00  1.73E-01
   3.242E-05  6.483E-04  0.000000E+00  0.00E+00  0.000000E+00  0.00E+00  0.000000E+00  0.00E+00  5.683478E-05  1.47E-04  0.000000E+00  0.00E+00  6.817520E-05  5.23E-06  0.000000E+00  0.00E+00  1.250100E-04  1.52E-04  1.637890E+00  3.26E-01  3.341368E+00  1.70E-01
   3.308E-05  6.616E-04  0.000000E+00  0.00E+00  0.000000E+00  0.00E+00  0.000000E+00  0.00E+00  1.049751E-04  2.06E-04  0.000000E+00  0.00E+00  6.459139E-05  5.09E-06  0.000000E+00  0.00E+00  1.695665E-04  2.11E-04  1.522095E+00  3.15E-01  3.282307E+00  1.68E-01
   3.374E-05  6.748E-04  0.000000E+00  0.00E+00  0.000000E+00  0.00E+00  0.000000E+00  0.00E+00  8.694424E-06  2.61E-05  0.000000E+00  0.00E+00  6.333896E-05  5.04E-06  0.000000E+00  0.00E+00  7.203339E-05  3.11E-05  1.695899E+00  3.32E-01  3.339951E+00  1.70E-01
   3.440E-05  6.880E-04  0.000000E+00  0.00E+00  0.000000E+00  0.00E+00  0.000000E+00  0.00E+00  1.310584E-04  2.11E-04  0.000000E+00  0.00E+00  6.346426E-05  5.04E-06  0.000000E+00  0.00E+00  1.945227E-04  2.16E-04  1.413397E+00  3.03E-01  3.205224E+00  1.67E-01
   3.506E-05  7.013E-04  0.000000E+00  0.00E+00  0.000000E+00  0.00E+00  0.000000E+00  0.00E+00  8.694424E-06  2.61E-05  0.000000E+00  0.00E+00  5.951688E-05  4.88E-06  0.000000E+00  0.00E+00  6.821131E-05  3.10E-05  1.494281E+00  3.12E-01  3.127834E+00  1.65E-01
   3.572E-05  7.145E-04  0.000000E+00  0.00E+00  0.000000E+00  0.00E+00  0.000000E+00  0.00E+00  4.814036E-05  1.44E-04  0.000000E+00  0.00E+00  5.969466E-05  4.89E-06  0.000000E+00  0.00E+00  1.078350E-04  1.49E-04  1.458260E+00  3.08E-01  3.161821E+00  1.65E-01
   3.639E-05  7.277E-04  0.000000E+00  0.00E+00  0.000000E+00  0.00E+00  0.000000E+00  0.00E+00  8.694424E-06  2.61E-05  0.000000E+00  0.00E+00  5.658366E-05  4.76E-06  0.000000E+00  0.00E+00  6.527809E-05  3.08E-05  1.109399E+00  2.69E-01  3.052535E+00  1.62E-01
   3.705E-05  7.410E-04  0.000000E+00  0.00E+00  0.000000E+00  0.00E+00  0.000000E+00  0.00E+00  7.422363E-05  1.51E-04  0.000000E+00  0.00E+00  5.413128E-05  4.65E-06  0.000000E+00  0.00E+00  1.283549E-04  1.56E-04  1.342125E+00  2.95E-01  3.118130E+00  1.64E-01
   3.771E-05  7.542E-04  0.000000E+00  0.00E+00  0.000000E+00  0.00E+00  0.000000E+00  0.00E+00  1.738885E-05  3.69E-05  0.000000E+00  0.00E+00  5.177582E-05  4.55E-06  0.000000E+00  0.00E+00  6.916466E-05  4.14E-05  1.232278E+00  2.83E-01  3.132481E+00  1.65E-01
   3.837E-05  7.674E-04  0.000000E+00  0.00E+00  0.000000E+00  0.00E+00  0.000000E+00  0.00E+00  3.477770E-05  5.22E-05  0.000000E+00  0.00E+00  4.706488E-05  4.34E-06  0.000000E+00  0.00E+00  8.184258E-05  5.65E-05  1.282726E+00  2.89E-01  2.970180E+00  1.60E-01
   3.903E-05  7.807E-04  0.000000E+00  0.00E+00  0.000000E+00  0.00E+00  0.000000E+00  0.00E+00  1.738885E-05  3.69E-05  0.000000E+00  0.00E+00  5.258381E-05  4.59E-06  0.000000E+00  0.00E+00  6.997266E-05  4.15E-05  1.340633E+00  2.95E-01  2.887668E+00  1.58E-01
   3.969E-05  7.939E-04  0.000000E+00  0.00E+00  0.000000E+00  0.00E+00  0.000000E+00  0.00E+00  8.694424E-06  2.61E-05  0.000000E+00  0.00E+00  5.044253E-05  4.50E-06  0.000000E+00  0.00E+00  5.913696E-05  3.06E-05  1.188848E+00  2.78E-01  2.865289E+00  1.58E-01
   4.036E-05  8.071E-04  0.000000E+00  0.00E+00  0.000000E+00  0.00E+00  0.000000E+00  0.00E+00  7.422363E-05  1.51E-04  0.000000E+00  0.00E+00  5.128695E-05  4.53E-06  0.000000E+00  0.00E+00  1.255106E-04  1.56E-04  1.109162E+00  2.69E-01  2.846855E+00  1.57E-01
   4.102E-05  8.203E-04  0.000000E+00  0.00E+00  0.000000E+00  0.00E+00  0.000000E+00  0.00E+00  8.694424E-06  2.61E-05  0.000000E+00  0.00E+00  4.790930E-05  4.38E-06  0.000000E+00  0.00E+00  5.660372E-05  3.05E-05  1.088530E+00  2.66E-01  2.744926E+00  1.54E-01
   4.168E-05  8.336E-04  0.000000E+00  0.00E+00  0.000000E+00  0.00E+00  0.000000E+00  0.00E+00  8.694424E-06  2.61E-05  0.000000E+00  0.00E+00  4.667293E-05  4.33E-06  0.000000E+00  0.00E+00  5.536735E-05  3.04E-05  1.021974E+00  2.58E-01  2.854917E+00  1.57E-01
   4.234E-05  8.468E-04  0.000000E+00  0.00E+00  0.000000E+00  0.00E+00  0.000000E+00  0.00E+00  4.814036E-05  1.44E-04  0.000000E+00  0.00E+00  4.493966E-05  4.24E-06  0.000000E+00  0.00E+00  9.308001E-05  1.49E-04  1.224737E+00  2.82E-01  2.695093E+00  1.53E-01
   4.300E-05  8.600E-04  0.000000E+00  0.00E+00  0.000000E+00  0.00E+00  0.000000E+00  0.00E+00  4.814036E-05  1.44E-04  0.000000E+00  0.00E+00  4.302862E-05  4.15E-06  0.000000E+00  0.00E+00  9.116898E-05  1.49E-04  1.058457E+00  2.62E-01  2.698432E+00  1.53E-01
   4.366E-05  8.733E-04  0.000000E+00  0.00E+00  0.000000E+00  0.00E+00  0.000000E+00  0.00E+00  1.738885E-05  3.69E-05  0.000000E+00  0.00E+00  4.453165E-05  4.22E-06  0.000000E+00  0.00E+00  6.192049E-05  4.11E-05  1.108903E+00  2.69E-01  2.658821E+00  1.52E-01
   4.433E-05  8.865E-04  0.000000E+00  0.00E+00  0.000000E+00  0.00E+00  0.000000E+00  0.00E+00  8.694424E-06  2.61E-05  0.000000E+00  0.00E+00  4.275394E-05  4.14E-06  0.000000E+00  0.00E+00  5.144836E-05  3.02E-05  1.029345E+00  2.59E-01  2.562640E+00  1.49E-01
   4.499E-05  8.997E-04  0.000000E+00  0.00E+00  0.000000E+00  0.00E+00  0.000000E+00  0.00E+00  1.310584E-04  2.11E-04  0.000000E+00  0.00E+00  4.022070E-05  4.02E-06  0.000000E+00  0.00E+00  1.712791E-04  2.15E-04  9.423357E-01  2.48E-01  2.583865E+00  1.49E-01
   4.565E-05  9.130E-04  0.000000E+00  0.00E+00  0.000000E+00  0.00E+00  0.000000E+00  0.00E+00  1.738885E-05  3.69E-05  0.000000E+00  0.00E+00  3.808745E-05  3.90E-06  0.000000E+00  0.00E+00  5.547629E-05  4.08E-05  9.205696E-01  2.45E-01  2.546921E+00  1.48E-01
   4.631E-05  9.262E-04  0.000000E+00  0.00E+00  0.000000E+00  0.00E+00  0.000000E+00  0.00E+00  1.136696E-04  2.08E-04  0.000000E+00  0.00E+00  3.765105E-05  3.88E-06  0.000000E+00  0.00E+00  1.513206E-04  2.11E-04  8.216779E-01  2.31E-01  2.394962E+00  1.44E-01
   4.697E-05  9.394E-04  0.000000E+00  0.00E+00  0.000000E+00  0.00E+00  0.000000E+00  0.00E+00  0.000000E+00  0.00E+00  0.000000E+00  0.00E+00  3.733192E-05  3.87E-06  0.000000E+00  0.00E+00  3.733192E-05  3.87E-06  6.527044E-01  2.06E-01  2.299154E+00  1.41E-01
   4.763E-05  9.527E-04  0.000000E+00  0.00E+00  0.000000E+00  0.00E+00  0.000000E+00  0.00E+00  1.310584E-04  2.11E-04  0.000000E+00  0.00E+00  3.950962E-05  3.98E-06  0.000000E+00  0.00E+00  1.705680E-04  2.15E-04  7.539299E-01  2.21E-01  2.385560E+00  1.44E-01
   4.829E-05  9.659E-04  0.000000E+00  0.00E+00  0.000000E+00  0.00E+00  0.000000E+00  0.00E+00  1.049751E-04  2.06E-04  0.000000E+00  0.00E+00  3.777635E-05  3.89E-06  0.000000E+00  0.00E+00  1.427515E-04  2.10E-04  6.959863E-01  2.13E-01  2.307335E+00  1.41E-01
   4.896E-05  9.791E-04  0.000000E+00  0.00E+00  0.000000E+00  0.00E+00  0.000000E+00  0.00E+00  1.049751E-04  2.06E-04  0.000000E+00  0.00E+00  3.733192E-05  3.86E-06  0.000000E+00  0.00E+00  1.423071E-04  2.10E-04  6.527846E-01  2.06E-01  2.327901E+00  1.42E-01
   4.962E-05  9.924E-04  0.000000E+00  0.00E+00  0.000000E+00  0.00E+00  0.000000E+00  0.00E+00  2.608327E-05  4.52E-05  0.000000E+00  0.00E+00  3.573198E-05  3.78E-06  0.000000E+00  0.00E+00  6.181525E-05  4.90E-05  7.902131E-01  2.27E-01  2.216187E+00  1.38E-01
   5.028E-05  1.006E-03  0.000000E+00  0.00E+00  0.000000E+00  0.00E+00  0.000000E+00  0.00E+00  4.814036E-05  1.44E-04  0.000000E+00  0.00E+00  3.173213E-05  3.56E-06  0.000000E+00  0.00E+00  7.987249E-05  1.48E-04  5.886964E-01  1.95E-01  2.223528E+00  1.39E-01
   5.094E-05  1.019E-03  0.000000E+00  0.00E+00  0.000000E+00  0.00E+00  0.000000E+00  0.00E+00  4.814036E-05  1.44E-04  0.000000E+00  0.00E+00  3.315430E-05  3.65E-06  0.000000E+00  0.00E+00  8.129466E-05  1.48E-04  7.247576E-01  2.17E-01  2.194402E+00  1.38E-01
   5.160E-05  1.032E-03  0.000000E+00  0.00E+00  0.000000E+00  0.00E+00  0.000000E+00  0.00E+00  4.814036E-05  1.44E-04  0.000000E+00  0.00E+00  3.182102E-05  3.57E-06  0.000000E+00  0.00E+00  7.996137E-05  1.48E-04  5.438157E-01  1.88E-01  2.068381E+00  1.34E-01
   5.226E-05  1.045E-03  0.000000E+00  0.00E+00  0.000000E+00  0.00E+00  0.000000E+00  0.00E+00  8.694424E-06  2.61E-05  0.000000E+00  0.00E+00  3.204323E-05  3.58E-06  0.000000E+00  0.00E+00  4.073765E-05  2.97E-05  6.019064E-01  1.98E-01  2.062232E+00  1.34E-01
   5.293E-05  1.059E-03  0.000000E+00  0.00E+00  0.000000E+00  0.00E+00  0.000000E+00  0.00E+00  8.694424E-06  2.61E-05  0.000000E+00  0.00E+00  3.079883E-05  3.51E-06  0.000000E+00  0.00E+00  3.949326E-05  2.96E-05  5.669959E-01  1.92E-01  2.001844E+00  1.32E-01
   5.359E-05  1.072E-03  0.000000E+00  0.00E+00  0.000000E+00  0.00E+00  0.000000E+00  0.00E+00  8.694424E-06  2.61E-05  0.000000E+00  0.00E+00  3.030996E-05  3.49E-06  0.000000E+00  0.00E+00  3.900439E-05  2.96E-05  5.451618E-01  1.88E-01  2.095592E+00  1.35E-01
   5.425E-05  1.085E-03  0.000000E+00  0.00E+00  0.000000E+00  0.00E+00  0.000000E+00  0.00E+00  2.608327E-05  4.52E-05  0.000000E+00  0.00E+00  3.262099E-05  3.62E-06  0.000000E+00  0.00E+00  5.870426E-05  4.88E-05  6.090508E-01  1.99E-01  1.989050E+00  1.31E-01
   5.491E-05  1.098E-03  0.000000E+00  0.00E+00  0.000000E+00  0.00E+00  0.000000E+00  0.00E+00  6.552920E-05  1.49E-04  0.000000E+00  0.00E+00  3.026552E-05  3.48E-06  0.000000E+00  0.00E+00  9.579472E-05  1.53E-04  4.714886E-01  1.75E-01  1.861349E+00  1.27E-01
   5.557E-05  1.111E-03  0.000000E+00  0.00E+00  0.000000E+00  0.00E+00  0.000000E+00  0.00E+00  1.136696E-04  2.08E-04  0.000000E+00  0.00E+00  2.995442E-05  3.46E-06  0.000000E+00  0.00E+00  1.436240E-04  2.11E-04  6.233450E-01  2.01E-01  1.834047E+00  1.26E-01
   5.623E-05  1.125E-03  0.000000E+00  0.00E+00  0.000000E+00  0.00E+00  0.000000E+00  0.00E+00  8.694424E-06  2.61E-05  0.000000E+00  0.00E+00  2.684343E-05  3.28E-06  0.000000E+00  0.00E+00  3.553785E-05  2.94E-05  5.220807E-01  1.84E-01  1.846404E+00  1.27E-01
   5.689E-05  1.138E-03  0.000000E+00  0.00E+00  0.000000E+00  0.00E+00  0.000000E+00  0.00E+00  5.683478E-05  1.47E-04  0.000000E+00  0.00E+00  2.671010E-05  3.27E-06  0.000000E+00  0.00E+00  8.354488E-05  1.50E-04  5.075458E-01  1.82E-01  1.816527E+00  1.25E-01
   5.756E-05  1.151E-03  0.000000E+00  0.00E+00  0.000000E+00  0.00E+00  0.000000E+00  0.00E+00  8.694424E-06  2.61E-05  0.000000E+00  0.00E+00  2.582124E-05  3.21E-06  0.000000E+00  0.00E+00  3.451567E-05  2.93E-05  4.062135E-01  1.62E-01  1.702954E+00  1.21E-01
   5.822E-05  1.164E-03  0.000000E+00  0.00E+00  0.000000E+00  0.00E+00  0.000000E+00  0.00E+00  0.000000E+00  0.00E+00  0.000000E+00  0.00E+00  2.697676E-05  3.28E-06  0.000000E+00  0.00E+00  2.697676E-05  3.28E-06  4.133846E-01  1.64E-01  1.709171E+00  1.22E-01
   5.888E-05  1.178E-03  0.000000E+00  0.00E+00  0.000000E+00  0.00E+00  0.000000E+00  0.00E+00  0.000000E+00  0.00E+00  0.000000E+00  0.00E+00  2.733230E-05  3.31E-06  0.000000E+00  0.00E+00  2.733230E-05  3.31E-06  3.119398E-01  1.42E-01  1.617274E+00  1.18E-01
   5.954E-05  1.191E-03  0.000000E+00  0.00E+00  0.000000E+00  0.00E+00  0.000000E+00  0.00E+00  5.683478E-05  1.47E-04  0.000000E+00  0.00E+00  2.542929E-05  3.19E-06  0.000000E+00  0.00E+00  8.226407E-05  1.50E-04  3.641064E-01  1.54E-01  1.581213E+00  1.17E-01
   6.020E-05  1.204E-03  0.000000E+00  0.00E+00  0.000000E+00  0.00E+00  0.000000E+00  0.00E+00  0.000000E+00  0.00E+00  0.000000E+00  0.00E+00  2.386576E-05  3.09E-06  0.000000E+00  0.00E+00  2.386576E-05  3.09E-06  3.916507E-01  1.60E-01  1.493252E+00  1.14E-01
   6.086E-05  1.217E-03  0.000000E+00  0.00E+00  0.000000E+00  0.00E+00  0.000000E+00  0.00E+00  0.000000E+00  0.00E+00  0.000000E+00  0.00E+00  2.537682E-05  3.20E-06  0.000000E+00  0.00E+00  2.537682E-05  3.20E-06  4.133244E-01  1.64E-01  1.540896E+00  1.15E-01
   6.153E-05  1.231E-03  0.000000E+00  0.00E+00  0.000000E+00  0.00E+00  0.000000E+00  0.00E+00  4.814036E-05  1.44E-04  0.000000E+00  0.00E+00  2.364355E-05  3.08E-06  0.000000E+00  0.00E+00  7.178390E-05  1.47E-04  3.191510E-01  1.44E-01  1.477621E+00  1.13E-01
   6.219E-05  1.244E-03  0.000000E+00  0.00E+00  0.000000E+00  0.00E+00  0.000000E+00  0.00E+00  8.694424E-06  2.61E-05  0.000000E+00  0.00E+00  2.298493E-05  3.03E-06  0.000000E+00  0.00E+00  3.167936E-05  2.91E-05  3.480694E-01  1.50E-01  1.439399E+00  1.12E-01
   6.285E-05  1.257E-03  0.000000E+00  0.00E+00  0.000000E+00  0.00E+00  0.000000E+00  0.00E+00  8.694424E-06  2.61E-05  0.000000E+00  0.00E+00  2.437069E-05  3.12E-06  0.000000E+00  0.00E+00  3.306511E-05  2.92E-05  2.467205E-01  1.27E-01  1.367169E+00  1.09E-01
   6.351E-05  1.270E-03  0.000000E+00  0.00E+00  0.000000E+00  0.00E+00  0.000000E+00  0.00E+00  0.000000E+00  0.00E+00  0.000000E+00  0.00E+00  2.356269E-05  3.08E-06  0.000000E+00  0.00E+00  2.356269E-05  3.08E-06  3.119131E-01  1.42E-01  1.372061E+00  1.09E-01
   6.417E-05  1.283E-03  0.000000E+00  0.00E+00  0.000000E+00  0.00E+00  0.000000E+00  0.00E+00  0.000000E+00  0.00E+00  0.000000E+00  0.00E+00  2.213250E-05  2.98E-06  0.000000E+00  0.00E+00  2.213250E-05  2.98E-06  2.902193E-01  1.37E-01  1.313403E+00  1.07E-01
   6.483E-05  1.297E-03  0.000000E+00  0.00E+00  0.000000E+00  0.00E+00  0.000000E+00  0.00E+00  8.694424E-06  2.61E-05  0.000000E+00  0.00E+00  2.222138E-05  2.98E-06  0.000000E+00  0.00E+00  3.091580E-05  2.91E-05  2.973503E-01  1.39E-01  1.303828E+00  1.06E-01
   6.550E-05  1.310E-03  0.000000E+00  0.00E+00  0.000000E+00  0.00E+00  0.000000E+00  0.00E+00  8.694424E-06  2.61E-05  0.000000E+00  0.00E+00  2.156277E-05  2.94E-06  0.000000E+00  0.00E+00  3.025719E-05  2.90E-05  3.988018E-01  1.61E-01  1.326829E+00  1.07E-01
   6.616E-05  1.323E-03  0.000000E+00  0.00E+00  0.000000E+00  0.00E+00  0.000000E+00  0.00E+00  6.552920E-05  1.49E-04  0.000000E+00  0.00E+00  2.097698E-05  2.90E-06  0.000000E+00  0.00E+00  8.650619E-05  1.52E-04  2.321353E-01  1.23E-01  1.196865E+00  1.02E-01
   6.682E-05  1.336E-03  0.000000E+00  0.00E+00  0.000000E+00  0.00E+00  0.000000E+00  0.00E+00  1.738885E-05  3.69E-05  0.000000E+00  0.00E+00  1.871040E-05  2.74E-06  0.000000E+00  0.00E+00  3.609925E-05  3.96E-05  1.828450E-01  1.09E-01  1.205790E+00  1.02E-01
   6.748E-05  1.350E-03  0.000000E+00  0.00E+00  0.000000E+00  0.00E+00  0.000000E+00  0.00E+00  5.683478E-05  1.47E-04  0.000000E+00  0.00E+00  2.057700E-05  2.87E-06  0.000000E+00  0.00E+00  7.741178E-05  1.50E-04  2.466446E-01  1.27E-01  1.186125E+00  1.01E-01
   6.814E-05  1.363E-03  0.000000E+00  0.00E+00  0.000000E+00  0.00E+00  0.000000E+00  0.00E+00  0.000000E+00  0.00E+00  0.000000E+00  0.00E+00  1.999924E-05  2.83E-06  0.000000E+00  0.00E+00  1.999924E-05  2.83E-06  2.394869E-01  1.25E-01  1.160800E+00  1.00E-01
   6.880E-05  1.376E-03  0.000000E+00  0.00E+00  0.000000E+00  0.00E+00  0.000000E+00  0.00E+00  0.000000E+00  0.00E+00  0.000000E+00  0.00E+00  2.026590E-05  2.85E-06  0.000000E+00  0.00E+00  2.026590E-05  2.85E-06  2.247771E-01  1.21E-01  1.043386E+00  9.50E-02
   6.946E-05  1.389E-03  0.000000E+00  0.00E+00  0.000000E+00  0.00E+00  0.000000E+00  0.00E+00  0.000000E+00  0.00E+00  0.000000E+00  0.00E+00  1.839930E-05  2.71E-06  0.000000E+00  0.00E+00  1.839930E-05  2.71E-06  2.393666E-01  1.25E-01  1.107920E+00  9.79E-02
   7.013E-05  1.403E-03  0.000000E+00  0.00E+00  0.000000E+00  0.00E+00  0.000000E+00  0.00E+00  0.000000E+00  0.00E+00  0.000000E+00  0.00E+00  1.916286E-05  2.77E-06  0.000000E+00  0.00E+00  1.916286E-05  2.77E-06  1.959122E-01  1.13E-01  1.031701E+00  9.44E-02
   7.079E-05  1.416E-03  0.000000E+00  0.00E+00  0.000000E+00  0.00E+00  0.000000E+00  0.00E+00  8.694424E-06  2.61E-05  0.000000E+00  0.00E+00  1.959926E-05  2.80E-06  0.000000E+00  0.00E+00  2.829368E-05  2.89E-05  1.959402E-01  1.13E-01  1.048133E+00  9.52E-02
   7.145E-05  1.429E-03  0.000000E+00  0.00E+00  0.000000E+00  0.00E+00  0.000000E+00  0.00E+00  0.000000E+00  0.00E+00  0.000000E+00  0.00E+00  1.679936E-05  2.59E-06  0.000000E+00  0.00E+00  1.679936E-05  2.59E-06  1.234326E-01  8.95E-02  9.495878E-01  9.06E-02
   7.211E-05  1.442E-03  0.000000E+00  0.00E+00  0.000000E+00  0.00E+00  0.000000E+00  0.00E+00  4.814036E-05  1.44E-04  0.000000E+00  0.00E+00  1.688825E-05  2.61E-06  0.000000E+00  0.00E+00  6.502861E-05  1.47E-04  2.030378E-01  1.15E-01  9.383065E-01  9.01E-02
   7.277E-05  1.455E-03  0.000000E+00  0.00E+00  0.000000E+00  0.00E+00  0.000000E+00  0.00E+00  8.694424E-06  2.61E-05  0.000000E+00  0.00E+00  1.755489E-05  2.65E-06  0.000000E+00  0.00E+00  2.624931E-05  2.87E-05  1.378684E-01  9.46E-02  9.004981E-01  8.82E-02
   7.343E-05  1.469E-03  0.000000E+00  0.00E+00  0.000000E+00  0.00E+00  0.000000E+00  0.00E+00  0.000000E+00  0.00E+00  0.000000E+00  0.00E+00  1.862152E-05  2.74E-06  0.000000E+00  0.00E+00  1.862152E-05  2.74E-06  2.320485E-01  1.23E-01  9.064109E-01  8.85E-02
   7.410E-05  1.482E-03  0.000000E+00  0.00E+00  0.000000E+00  0.00E+00  0.000000E+00  0.00E+00  1.738885E-05  3.69E-05  0.000000E+00  0.00E+00  1.782155E-05  2.67E-06  0.000000E+00  0.00E+00  3.521039E-05  3.96E-05  1.668268E-01  1.04E-01  8.822895E-01  8.73E-02
   7.476E-05  1.495E-03  0.000000E+00  0.00E+00  0.000000E+00  0.00E+00  0.000000E+00  0.00E+00  2.608327E-05  4.52E-05  0.000000E+00  0.00E+00  1.839930E-05  2.71E-06  0.000000E+00  0.00E+00  4.448257E-05  4.79E-05  1.451263E-01  9.71E-02  8.233660E-01  8.44E-02
   7.542E-05  1.508E-03  0.000000E+00  0.00E+00  0.000000E+00  0.00E+00  0.000000E+00  0.00E+00  5.683478E-05  1.47E-04  0.000000E+00  0.00E+00  1.768822E-05  2.67E-06  0.000000E+00  0.00E+00  7.452300E-05  1.49E-04  1.378416E-01  9.46E-02  7.703657E-01  8.16E-02
   7.608E-05  1.522E-03  0.000000E+00  0.00E+00  0.000000E+00  0.00E+00  0.000000E+00  0.00E+00  8.694424E-06  2.61E-05  0.000000E+00  0.00E+00  1.555497E-05  2.50E-06  0.000000E+00  0.00E+00  2.424939E-05  2.86E-05  1.233524E-01  8.95E-02  7.290812E-01  7.95E-02
   7.674E-05  1.535E-03  0.000000E+00  0.00E+00  0.000000E+00  0.00E+00  0.000000E+00  0.00E+00  1.738885E-05  3.69E-05  0.000000E+00  0.00E+00  1.617717E-05  2.54E-06  0.000000E+00  0.00E+00  3.356601E-05  3.94E-05  1.233591E-01  8.95E-02  7.714142E-01  8.16E-02
   7.740E-05  1.548E-03  0.000000E+00  0.00E+00  0.000000E+00  0.00E+00  0.000000E+00  0.00E+00  8.694424E-06  2.61E-05  0.000000E+00  0.00E+00  1.671048E-05  2.59E-06  0.000000E+00  0.00E+00  2.540490E-05  2.87E-05  1.234459E-01  8.95E-02  7.259681E-01  7.92E-02
   7.807E-05  1.561E-03  0.000000E+00  0.00E+00  0.000000E+00  0.00E+00  0.000000E+00  0.00E+00  8.694424E-06  2.61E-05  0.000000E+00  0.00E+00  1.582162E-05  2.52E-06  0.000000E+00  0.00E+00  2.451605E-05  2.86E-05  1.017254E-01  8.12E-02  6.663121E-01  7.59E-02
   7.873E-05  1.575E-03  0.000000E+00  0.00E+00  0.000000E+00  0.00E+00  0.000000E+00  0.00E+00  1.738885E-05  3.69E-05  0.000000E+00  0.00E+00  1.622161E-05  2.55E-06  0.000000E+00  0.00E+00  3.361046E-05  3.94E-05  6.548894E-02  6.51E-02  6.808622E-01  7.67E-02
   7.939E-05  1.588E-03  0.000000E+00  0.00E+00  0.000000E+00  0.00E+00  0.000000E+00  0.00E+00  1.738885E-05  3.69E-05  0.000000E+00  0.00E+00  1.511054E-05  2.46E-06  0.000000E+00  0.00E+00  3.249939E-05  3.93E-05  1.306116E-01  9.21E-02  6.972905E-01  7.76E-02
   8.005E-05  1.601E-03  0.000000E+00  0.00E+00  0.000000E+00  0.00E+00  0.000000E+00  0.00E+00  4.814036E-05  1.44E-04  0.000000E+00  0.00E+00  1.515498E-05  2.46E-06  0.000000E+00  0.00E+00  6.329534E-05  1.47E-04  1.089433E-01  8.41E-02  6.347786E-01  7.40E-02
   8.071E-05  1.614E-03  0.000000E+00  0.00E+00  0.000000E+00  0.00E+00  0.000000E+00  0.00E+00  8.694424E-06  2.61E-05  0.000000E+00  0.00E+00  1.466611E-05  2.42E-06  0.000000E+00  0.00E+00  2.336054E-05  2.85E-05  1.160810E-01  8.69E-02  6.208435E-01  7.34E-02
   8.137E-05  1.627E-03  0.000000E+00  0.00E+00  0.000000E+00  0.00E+00  0.000000E+00  0.00E+00  0.000000E+00  0.00E+00  0.000000E+00  0.00E+00  1.444390E-05  2.40E-06  0.000000E+00  0.00E+00  1.444390E-05  2.40E-06  8.722281E-02  7.52E-02  6.109739E-01  7.26E-02
   8.203E-05  1.641E-03  0.000000E+00  0.00E+00  0.000000E+00  0.00E+00  0.000000E+00  0.00E+00  5.683478E-05  1.47E-04  0.000000E+00  0.00E+00  1.342171E-05  2.32E-06  0.000000E+00  0.00E+00  7.025649E-05  1.49E-04  7.980446E-02  7.20E-02  5.562111E-01  6.93E-02
   8.270E-05  1.654E-03  0.000000E+00  0.00E+00  0.000000E+00  0.00E+00  0.000000E+00  0.00E+00  0.000000E+00  0.00E+00  0.000000E+00  0.00E+00  1.399947E-05  2.37E-06  0.000000E+00  0.00E+00  1.399947E-05  2.37E-06  8.710922E-02  7.52E-02  5.248397E-01  6.73E-02
   8.336E-05  1.667E-03  0.000000E+00  0.00E+00  0.000000E+00  0.00E+00  0.000000E+00  0.00E+00  8.694424E-06  2.61E-05  0.000000E+00  0.00E+00  1.373281E-05  2.34E-06  0.000000E+00  0.00E+00  2.242724E-05  2.84E-05  6.538203E-02  6.51E-02  5.449186E-01  6.86E-02
   8.402E-05  1.680E-03  0.000000E+00  0.00E+00  0.000000E+00  0.00E+00  0.000000E+00  0.00E+00  0.000000E+00  0.00E+00  0.000000E+00  0.00E+00  1.417724E-05  2.38E-06  0.000000E+00  0.00E+00  1.417724E-05  2.38E-06  8.840975E-02  7.53E-02  5.294440E-01  6.76E-02
   8.468E-05  1.694E-03  0.000000E+00  0.00E+00  0.000000E+00  0.00E+00  0.000000E+00  0.00E+00  4.814036E-05  1.44E-04  0.000000E+00  0.00E+00  1.479944E-05  2.44E-06  0.000000E+00  0.00E+00  6.293980E-05  1.47E-04  1.160476E-01  8.69E-02  4.772334E-01  6.42E-02
   8.534E-05  1.707E-03  0.000000E+00  0.00E+00  0.000000E+00  0.00E+00  0.000000E+00  0.00E+00  0.000000E+00  0.00E+00  0.000000E+00  0.00E+00  1.328839E-05  2.31E-06  0.000000E+00  0.00E+00  1.328839E-05  2.31E-06  5.088610E-02  5.74E-02  4.868241E-01  6.50E-02
   8.600E-05  1.720E-03  0.000000E+00  0.00E+00  0.000000E+00  0.00E+00  0.000000E+00  0.00E+00  0.000000E+00  0.00E+00  0.000000E+00  0.00E+00  1.297729E-05  2.28E-06  0.000000E+00  0.00E+00  1.297729E-05  2.28E-06  2.921237E-02  4.34E-02  4.388133E-01  6.15E-02
   8.667E-05  1.733E-03  0.000000E+00  0.00E+00  0.000000E+00  0.00E+00  0.000000E+00  0.00E+00  0.000000E+00  0.00E+00  0.000000E+00  0.00E+00  1.346616E-05  2.32E-06  0.000000E+00  0.00E+00  1.346616E-05  2.32E-06  4.360138E-02  5.32E-02  4.549907E-01  6.27E-02
   8.733E-05  1.747E-03  0.000000E+00  0.00E+00  0.000000E+00  0.00E+00  0.000000E+00  0.00E+00  0.000000E+00  0.00E+00  0.000000E+00  0.00E+00  1.245200E-05  2.23E-06  0.000000E+00  0.00E+00  1.245200E-05  2.23E-06  4.366820E-02  5.32E-02  4.077466E-01  5.93E-02
   8.799E-05  1.760E-03  0.000000E+00  0.00E+00  0.000000E+00  0.00E+00  0.000000E+00  0.00E+00  9.628071E-05  2.04E-04  0.000000E+00  0.00E+00  1.319950E-05  2.30E-06  0.000000E+00  0.00E+00  1.094802E-04  2.07E-04  5.082717E-02  5.74E-02  3.942914E-01  5.83E-02
   8.865E-05  1.773E-03  0.000000E+00  0.00E+00  0.000000E+00  0.00E+00  0.000000E+00  0.00E+00  5.683478E-05  1.47E-04  0.000000E+00  0.00E+00  1.231064E-05  2.22E-06  0.000000E+00  0.00E+00  6.914542E-05  1.49E-04  4.368157E-02  5.32E-02  3.875456E-01  5.78E-02
   8.931E-05  1.786E-03  0.000000E+00  0.00E+00  0.000000E+00  0.00E+00  0.000000E+00  0.00E+00  0.000000E+00  0.00E+00  0.000000E+00  0.00E+00  1.115513E-05  2.11E-06  0.000000E+00  0.00E+00  1.115513E-05  2.11E-06  2.192765E-02  3.76E-02  3.808924E-01  5.73E-02
   8.997E-05  1.799E-03  0.000000E+00  0.00E+00  0.000000E+00  0.00E+00  0.000000E+00  0.00E+00  8.694424E-06  2.61E-05  0.000000E+00  0.00E+00  1.231064E-05  2.22E-06  0.000000E+00  0.00E+00  2.100507E-05  2.83E-05  3.640353E-02  4.86E-02  3.664461E-01  5.62E-02
   9.063E-05  1.813E-03  0.000000E+00  0.00E+00  0.000000E+00  0.00E+00  0.000000E+00  0.00E+00  8.694424E-06  2.61E-05  0.000000E+00  0.00E+00  1.173289E-05  2.17E-06  0.000000E+00  0.00E+00  2.042731E-05  2.82E-05  3.639685E-02  4.86E-02  3.182055E-01  5.24E-02
   9.130E-05  1.826E-03  0.000000E+00  0.00E+00  0.000000E+00  0.00E+00  0.000000E+00  0.00E+00  8.694424E-06  2.61E-05  0.000000E+00  0.00E+00  1.195510E-05  2.19E-06  0.000000E+00  0.00E+00  2.064953E-05  2.83E-05  2.190760E-02  3.76E-02  3.008326E-01  5.09E-02
   9.196E-05  1.839E-03  0.000000E+00  0.00E+00  0.000000E+00  0.00E+00  0.000000E+00  0.00E+00  0.000000E+00  0.00E+00  0.000000E+00  0.00E+00  1.031072E-05  2.03E-06  0.000000E+00  0.00E+00  1.031072E-05  2.03E-06  8.700231E-02  7.52E-02  3.038092E-01  5.12E-02
   9.262E-05  1.852E-03  0.000000E+00  0.00E+00  0.000000E+00  0.00E+00  0.000000E+00  0.00E+00  8.694424E-06  2.61E-05  0.000000E+00  0.00E+00  1.195510E-05  2.19E-06  0.000000E+00  0.00E+00  2.064953E-05  2.83E-05  4.360807E-02  5.32E-02  3.536853E-01  5.53E-02
   9.328E-05  1.866E-03  0.000000E+00  0.00E+00  0.000000E+00  0.00E+00  0.000000E+00  0.00E+00  1.738885E-05  3.69E-05  0.000000E+00  0.00E+00  1.151068E-05  2.15E-06  0.000000E+00  0.00E+00  2.889952E-05  3.90E-05  2.909209E-02  4.34E-02  2.903212E-01  5.00E-02
   9.394E-05  1.879E-03  0.000000E+00  0.00E+00  0.000000E+00  0.00E+00  0.000000E+00  0.00E+00  8.694424E-06  2.61E-05  0.000000E+00  0.00E+00  1.097736E-05  2.10E-06  0.000000E+00  0.00E+00  1.967179E-05  2.82E-05  3.637681E-02  4.86E-02  2.701810E-01  4.83E-02
   9.460E-05  1.892E-03  0.000000E+00  0.00E+00  0.000000E+00  0.00E+00  0.000000E+00  0.00E+00  8.694424E-06  2.61E-05  0.000000E+00  0.00E+00  1.044405E-05  2.04E-06  0.000000E+00  0.00E+00  1.913847E-05  2.81E-05  5.087274E-02  5.74E-02  2.804979E-01  4.92E-02
   9.527E-05  1.905E-03  0.000000E+00  0.00E+00  0.000000E+00  0.00E+00  0.000000E+00  0.00E+00  8.694424E-06  2.61E-05  0.000000E+00  0.00E+00  1.128846E-05  2.12E-06  0.000000E+00  0.00E+00  1.998289E-05  2.82E-05  2.903863E-02  4.34E-02  2.342744E-01  4.49E-02
   9.593E-05  1.919E-03  0.000000E+00  0.00E+00  0.000000E+00  0.00E+00  0.000000E+00  0.00E+00  4.814036E-05  1.44E-04  0.000000E+00  0.00E+00  9.999621E-06  2.00E-06  0.000000E+00  0.00E+00  5.813998E-05  1.46E-04  4.356797E-02  5.32E-02  2.478435E-01  4.62E-02
   9.659E-05  1.932E-03  0.000000E+00  0.00E+00  0.000000E+00  0.00E+00  0.000000E+00  0.00E+00  0.000000E+00  0.00E+00  0.000000E+00  0.00E+00  9.110766E-06  1.91E-06  0.000000E+00  0.00E+00  9.110766E-06  1.91E-06  7.398310E-03  2.17E-02  2.235376E-01  4.39E-02
   9.725E-05  1.945E-03  0.000000E+00  0.00E+00  0.000000E+00  0.00E+00  0.000000E+00  0.00E+00  5.683478E-05  1.47E-04  0.000000E+00  0.00E+00  9.821850E-06  1.98E-06  0.000000E+00  0.00E+00  6.665663E-05  1.49E-04  3.628994E-02  4.86E-02  2.091143E-01  4.25E-02
   9.791E-05  1.958E-03  0.000000E+00  0.00E+00  0.000000E+00  0.00E+00  0.000000E+00  0.00E+00  4.814036E-05  1.44E-04  0.000000E+00  0.00E+00  9.732965E-06  1.97E-06  0.000000E+00  0.00E+00  5.787332E-05  1.46E-04  1.462289E-02  3.07E-02  2.034943E-01  4.19E-02
   9.857E-05  1.971E-03  0.000000E+00  0.00E+00  0.000000E+00  0.00E+00  0.000000E+00  0.00E+00  1.738885E-05  3.69E-05  0.000000E+00  0.00E+00  9.910736E-06  1.99E-06  0.000000E+00  0.00E+00  2.729958E-05  3.89E-05  4.354793E-02  5.32E-02  1.860074E-01  4.00E-02
   9.924E-05  1.985E-03  0.000000E+00  0.00E+00  0.000000E+00  0.00E+00  0.000000E+00  0.00E+00  0.000000E+00  0.00E+00  0.000000E+00  0.00E+00  9.910736E-06  1.99E-06  0.000000E+00  0.00E+00  9.910736E-06  1.99E-06  1.457732E-02  3.07E-02  2.196678E-01  4.35E-02
   9.990E-05  1.998E-03  0.000000E+00  0.00E+00  0.000000E+00  0.00E+00  0.000000E+00  0.00E+00  1.738885E-05  3.69E-05  0.000000E+00  0.00E+00  9.777408E-06  1.98E-06  0.000000E+00  0.00E+00  2.716626E-05  3.89E-05  7.384946E-03  2.17E-02  1.763387E-01  3.90E-02
   1.006E-04  2.011E-03  0.000000E+00  0.00E+00  0.000000E+00  0.00E+00  0.000000E+00  0.00E+00  0.000000E+00  0.00E+00  0.000000E+00  0.00E+00  1.008851E-05  2.01E-06  0.000000E+00  0.00E+00  1.008851E-05  2.01E-06  1.458948E-02  3.07E-02  1.955353E-01  4.11E-02
   1.012E-04  2.024E-03  0.000000E+00  0.00E+00  0.000000E+00  0.00E+00  0.000000E+00  0.00E+00  0.000000E+00  0.00E+00  0.000000E+00  0.00E+00  9.555194E-06  1.96E-06  0.000000E+00  0.00E+00  9.555194E-06  1.96E-06  7.318126E-03  2.17E-02  1.416231E-01  3.49E-02
   1.019E-04  2.038E-03  0.000000E+00  0.00E+00  0.000000E+00  0.00E+00  0.000000E+00  0.00E+00  0.000000E+00  0.00E+00  0.000000E+00  0.00E+00  9.688522E-06  1.97E-06  0.000000E+00  0.00E+00  9.688522E-06  1.97E-06  1.670501E-04  1.00E-04  1.319828E-01  3.37E-02
   1.025E-04  2.051E-03  0.000000E+00  0.00E+00  0.000000E+00  0.00E+00  0.000000E+00  0.00E+00  8.694424E-06  2.61E-05  0.000000E+00  0.00E+00  8.488567E-06  1.84E-06  0.000000E+00  0.00E+00  1.718299E-05  2.79E-05  1.202761E-04  8.50E-05  1.512177E-01  3.61E-02
   1.032E-04  2.064E-03  0.000000E+00  0.00E+00  0.000000E+00  0.00E+00  0.000000E+00  0.00E+00  0.000000E+00  0.00E+00  0.000000E+00  0.00E+00  8.977438E-06  1.89E-06  0.000000E+00  0.00E+00  8.977438E-06  1.89E-06  1.457611E-02  3.07E-02  1.531539E-01  3.63E-02
   1.039E-04  2.077E-03  0.000000E+00  0.00E+00  0.000000E+00  0.00E+00  0.000000E+00  0.00E+00  0.000000E+00  0.00E+00  0.000000E+00  0.00E+00  8.266354E-06  1.82E-06  0.000000E+00  0.00E+00  8.266354E-06  1.82E-06  2.180737E-02  3.76E-02  1.396411E-01  3.47E-02
   1.045E-04  2.091E-03  0.000000E+00  0.00E+00  0.000000E+00  0.00E+00  0.000000E+00  0.00E+00  8.694424E-06  2.61E-05  0.000000E+00  0.00E+00  8.621896E-06  1.86E-06  0.000000E+00  0.00E+00  1.731632E-05  2.79E-05  7.331490E-03  2.17E-02  1.241699E-01  3.27E-02
   1.052E-04  2.104E-03  0.000000E+00  0.00E+00  0.000000E+00  0.00E+00  0.000000E+00  0.00E+00  0.000000E+00  0.00E+00  0.000000E+00  0.00E+00  9.466308E-06  1.95E-06  0.000000E+00  0.00E+00  9.466308E-06  1.95E-06  7.358218E-03  2.17E-02  1.280643E-01  3.32E-02
   1.059E-04  2.117E-03  0.000000E+00  0.00E+00  0.000000E+00  0.00E+00  0.000000E+00  0.00E+00  0.000000E+00  0.00E+00  0.000000E+00  0.00E+00  7.688598E-06  1.75E-06  0.000000E+00  0.00E+00  7.688598E-06  1.75E-06  2.672802E-05  4.01E-05  1.039672E-01  2.99E-02
   1.065E-04  2.130E-03  0.000000E+00  0.00E+00  0.000000E+00  0.00E+00  0.000000E+00  0.00E+00  0.000000E+00  0.00E+00  0.000000E+00  0.00E+00  8.266354E-06  1.82E-06  0.000000E+00  0.00E+00  8.266354E-06  1.82E-06  7.271352E-03  2.17E-02  1.126381E-01  3.11E-02
   1.072E-04  2.143E-03  0.000000E+00  0.00E+00  0.000000E+00  0.00E+00  0.000000E+00  0.00E+00  8.694424E-06  2.61E-05  0.000000E+00  0.00E+00  9.021881E-06  1.90E-06  0.000000E+00  0.00E+00  1.771630E-05  2.80E-05  7.311444E-03  2.17E-02  8.850818E-02  2.76E-02
   1.078E-04  2.157E-03  0.000000E+00  0.00E+00  0.000000E+00  0.00E+00  0.000000E+00  0.00E+00  0.000000E+00  0.00E+00  0.000000E+00  0.00E+00  8.710781E-06  1.87E-06  0.000000E+00  0.00E+00  8.710781E-06  1.87E-06  1.454270E-02  3.07E-02  1.135609E-01  3.12E-02
   1.085E-04  2.170E-03  0.000000E+00  0.00E+00  0.000000E+00  0.00E+00  0.000000E+00  0.00E+00  8.694424E-06  2.61E-05  0.000000E+00  0.00E+00  7.733041E-06  1.76E-06  0.000000E+00  0.00E+00  1.642746E-05  2.78E-05  1.454270E-02  3.07E-02  1.002358E-01  2.93E-02
   1.092E-04  2.183E-03  0.000000E+00  0.00E+00  0.000000E+00  0.00E+00  0.000000E+00  0.00E+00  1.738885E-05  3.69E-05  0.000000E+00  0.00E+00  7.288613E-06  1.71E-06  0.000000E+00  0.00E+00  2.467746E-05  3.86E-05  7.278034E-03  2.17E-02  9.351315E-02  2.83E-02
   1.098E-04  2.196E-03  0.000000E+00  0.00E+00  0.000000E+00  0.00E+00  0.000000E+00  0.00E+00  0.000000E+00  0.00E+00  0.000000E+00  0.00E+00  7.999697E-06  1.79E-06  0.000000E+00  0.00E+00  7.999697E-06  1.79E-06  1.069121E-04  8.02E-05  7.788530E-02  2.58E-02
   1.105E-04  2.210E-03  0.000000E+00  0.00E+00  0.000000E+00  0.00E+00  0.000000E+00  0.00E+00  4.814036E-05  1.44E-04  0.000000E+00  0.00E+00  6.666414E-06  1.63E-06  0.000000E+00  0.00E+00  5.480677E-05  1.46E-04  4.677404E-05  5.30E-05  8.206443E-02  2.65E-02
   1.111E-04  2.223E-03  0.000000E+00  0.00E+00  0.000000E+00  0.00E+00  0.000000E+00  0.00E+00  4.814036E-05  1.44E-04  0.000000E+00  0.00E+00  6.666414E-06  1.64E-06  0.000000E+00  0.00E+00  5.480677E-05  1.46E-04  8.686607E-05  7.23E-05  7.690827E-02  2.57E-02
   1.118E-04  2.236E-03  0.000000E+00  0.00E+00  0.000000E+00  0.00E+00  0.000000E+00  0.00E+00  0.000000E+00  0.00E+00  0.000000E+00  0.00E+00  7.955254E-06  1.78E-06  0.000000E+00  0.00E+00  7.955254E-06  1.78E-06  6.013805E-05  6.01E-05  6.454240E-02  2.35E-02
   1.125E-04  2.249E-03  0.000000E+00  0.00E+00  0.000000E+00  0.00E+00  0.000000E+00  0.00E+00  1.738885E-05  3.69E-05  0.000000E+00  0.00E+00  7.288613E-06  1.72E-06  0.000000E+00  0.00E+00  2.467746E-05  3.86E-05  4.677404E-05  5.30E-05  4.893588E-02  2.04E-02
   1.131E-04  2.263E-03  0.000000E+00  0.00E+00  0.000000E+00  0.00E+00  0.000000E+00  0.00E+00  8.694424E-06  2.61E-05  0.000000E+00  0.00E+00  8.221911E-06  1.81E-06  0.000000E+00  0.00E+00  1.691633E-05  2.79E-05  1.451598E-02  3.07E-02  6.339002E-02  2.33E-02
   1.138E-04  2.276E-03  0.000000E+00  0.00E+00  0.000000E+00  0.00E+00  0.000000E+00  0.00E+00  3.477770E-05  5.22E-05  0.000000E+00  0.00E+00  6.888628E-06  1.66E-06  0.000000E+00  0.00E+00  4.166632E-05  5.38E-05  7.350206E-05  6.65E-05  5.853123E-02  2.24E-02
   1.145E-04  2.289E-03  0.000000E+00  0.00E+00  0.000000E+00  0.00E+00  0.000000E+00  0.00E+00  0.000000E+00  0.00E+00  0.000000E+00  0.00E+00  8.266354E-06  1.82E-06  0.000000E+00  0.00E+00  8.266354E-06  1.82E-06  9.354808E-05  7.50E-05  5.658088E-02  2.20E-02
   1.151E-04  2.302E-03  0.000000E+00  0.00E+00  0.000000E+00  0.00E+00  0.000000E+00  0.00E+00  0.000000E+00  0.00E+00  0.000000E+00  0.00E+00  7.733041E-06  1.76E-06  0.000000E+00  0.00E+00  7.733041E-06  1.76E-06  7.304762E-03  2.17E-02  4.792790E-02  2.02E-02
   1.158E-04  2.315E-03  0.000000E+00  0.00E+00  0.000000E+00  0.00E+00  0.000000E+00  0.00E+00  0.000000E+00  0.00E+00  0.000000E+00  0.00E+00  6.088658E-06  1.56E-06  0.000000E+00  0.00E+00  6.088658E-06  1.56E-06  2.004602E-05  3.47E-05  5.388647E-02  2.14E-02
   1.164E-04  2.329E-03  0.000000E+00  0.00E+00  0.000000E+00  0.00E+00  0.000000E+00  0.00E+00  8.694424E-06  2.61E-05  0.000000E+00  0.00E+00  7.199727E-06  1.70E-06  0.000000E+00  0.00E+00  1.589415E-05  2.78E-05  7.257988E-03  2.17E-02  4.409251E-02  1.94E-02
   1.171E-04  2.342E-03  0.000000E+00  0.00E+00  0.000000E+00  0.00E+00  0.000000E+00  0.00E+00  0.000000E+00  0.00E+00  0.000000E+00  0.00E+00  6.755300E-06  1.64E-06  0.000000E+00  0.00E+00  6.755300E-06  1.64E-06  7.298080E-03  2.17E-02  4.214750E-02  1.89E-02
   1.178E-04  2.355E-03  0.000000E+00  0.00E+00  0.000000E+00  0.00E+00  0.000000E+00  0.00E+00  0.000000E+00  0.00E+00  0.000000E+00  0.00E+00  7.021956E-06  1.68E-06  0.000000E+00  0.00E+00  7.021956E-06  1.68E-06  7.331490E-03  2.17E-02  4.311225E-02  1.92E-02
   1.184E-04  2.368E-03  0.000000E+00  0.00E+00  0.000000E+00  0.00E+00  0.000000E+00  0.00E+00  0.000000E+00  0.00E+00  0.000000E+00  0.00E+00  6.799743E-06  1.65E-06  0.000000E+00  0.00E+00  6.799743E-06  1.65E-06  3.341003E-05  4.48E-05  4.306175E-02  1.92E-02
   1.191E-04  2.382E-03  0.000000E+00  0.00E+00  0.000000E+00  0.00E+00  0.000000E+00  0.00E+00  0.000000E+00  0.00E+00  0.000000E+00  0.00E+00  6.533086E-06  1.62E-06  0.000000E+00  0.00E+00  6.533086E-06  1.62E-06  7.251306E-03  2.17E-02  3.745225E-02  1.78E-02
   1.197E-04  2.395E-03  0.000000E+00  0.00E+00  0.000000E+00  0.00E+00  0.000000E+00  0.00E+00  0.000000E+00  0.00E+00  0.000000E+00  0.00E+00  7.066399E-06  1.68E-06  0.000000E+00  0.00E+00  7.066399E-06  1.68E-06  5.345604E-05  5.67E-05  3.540074E-02  1.73E-02
   1.204E-04  2.408E-03  0.000000E+00  0.00E+00  0.000000E+00  0.00E+00  0.000000E+00  0.00E+00  4.814036E-05  1.44E-04  0.000000E+00  0.00E+00  6.488643E-06  1.61E-06  0.000000E+00  0.00E+00  5.462900E-05  1.46E-04  8.686607E-05  7.23E-05  3.827672E-02  1.80E-02
   1.211E-04  2.421E-03  0.000000E+00  0.00E+00  0.000000E+00  0.00E+00  0.000000E+00  0.00E+00  0.000000E+00  0.00E+00  0.000000E+00  0.00E+00  6.888628E-06  1.66E-06  0.000000E+00  0.00E+00  6.888628E-06  1.66E-06  7.257988E-03  2.17E-02  3.343069E-02  1.68E-02
   1.217E-04  2.435E-03  0.000000E+00  0.00E+00  0.000000E+00  0.00E+00  0.000000E+00  0.00E+00  0.000000E+00  0.00E+00  0.000000E+00  0.00E+00  5.910887E-06  1.54E-06  0.000000E+00  0.00E+00  5.910887E-06  1.54E-06  4.677404E-05  5.30E-05  2.088115E-02  1.32E-02
   1.224E-04  2.448E-03  0.000000E+00  0.00E+00  0.000000E+00  0.00E+00  0.000000E+00  0.00E+00  4.814036E-05  1.44E-04  0.000000E+00  0.00E+00  5.918914E-06  1.54E-06  0.000000E+00  0.00E+00  5.405927E-05  1.46E-04  1.452934E-02  3.07E-02  2.666882E-02  1.50E-02
   1.231E-04  2.461E-03  0.000000E+00  0.00E+00  0.000000E+00  0.00E+00  0.000000E+00  0.00E+00  5.683478E-05  1.47E-04  0.000000E+00  0.00E+00  6.577529E-06  1.62E-06  0.000000E+00  0.00E+00  6.341231E-05  1.48E-04  4.677404E-05  5.30E-05  1.895731E-02  1.26E-02
   1.237E-04  2.474E-03  0.000000E+00  0.00E+00  0.000000E+00  0.00E+00  0.000000E+00  0.00E+00  8.694424E-06  2.61E-05  0.000000E+00  0.00E+00  7.021956E-06  1.68E-06  0.000000E+00  0.00E+00  1.571638E-05  2.78E-05  2.004602E-05  3.47E-05  2.198956E-02  1.36E-02
   1.244E-04  2.487E-03  0.000000E+00  0.00E+00  0.000000E+00  0.00E+00  0.000000E+00  0.00E+00  5.683478E-05  1.47E-04  0.000000E+00  0.00E+00  6.221987E-06  1.58E-06  0.000000E+00  0.00E+00  6.305677E-05  1.48E-04  3.341003E-05  4.48E-05  2.470336E-02  1.44E-02
   1.250E-04  2.501E-03  0.000000E+00  0.00E+00  0.000000E+00  0.00E+00  0.000000E+00  0.00E+00  0.000000E+00  0.00E+00  0.000000E+00  0.00E+00  6.044216E-06  1.57E-06  0.000000E+00  0.00E+00  6.044216E-06  1.57E-06  5.345604E-05  5.67E-05  2.564096E-02  1.47E-02
   1.257E-04  2.514E-03  0.000000E+00  0.00E+00  0.000000E+00  0.00E+00  0.000000E+00  0.00E+00  0.000000E+00  0.00E+00  0.000000E+00  0.00E+00  6.444200E-06  1.62E-06  0.000000E+00  0.00E+00  6.444200E-06  1.62E-06  4.009203E-05  4.91E-05  1.698725E-02  1.19E-02
   1.264E-04  2.527E-03  0.000000E+00  0.00E+00  0.000000E+00  0.00E+00  0.000000E+00  0.00E+00  8.694424E-06  2.61E-05  0.000000E+00  0.00E+00  4.933147E-06  1.40E-06  0.000000E+00  0.00E+00  1.362757E-05  2.75E-05  7.278034E-03  2.17E-02  1.697085E-02  1.19E-02
   1.270E-04  2.540E-03  0.000000E+00  0.00E+00  0.000000E+00  0.00E+00  0.000000E+00  0.00E+00  8.694424E-06  2.61E-05  0.000000E+00  0.00E+00  6.088658E-06  1.56E-06  0.000000E+00  0.00E+00  1.478308E-05  2.76E-05  4.009203E-05  4.91E-05  1.508596E-02  1.12E-02
   1.277E-04  2.554E-03  0.000000E+00  0.00E+00  0.000000E+00  0.00E+00  0.000000E+00  0.00E+00  0.000000E+00  0.00E+00  0.000000E+00  0.00E+00  5.999773E-06  1.55E-06  0.000000E+00  0.00E+00  5.999773E-06  1.55E-06  7.264670E-03  2.17E-02  1.218760E-02  1.00E-02
   1.283E-04  2.567E-03  0.000000E+00  0.00E+00  0.000000E+00  0.00E+00  0.000000E+00  0.00E+00  0.000000E+00  0.00E+00  0.000000E+00  0.00E+00  5.110918E-06  1.43E-06  0.000000E+00  0.00E+00  5.110918E-06  1.43E-06  4.009203E-05  4.91E-05  1.794828E-02  1.23E-02
   1.290E-04  2.580E-03  0.000000E+00  0.00E+00  0.000000E+00  0.00E+00  0.000000E+00  0.00E+00  0.000000E+00  0.00E+00  0.000000E+00  0.00E+00  5.333131E-06  1.46E-06  0.000000E+00  0.00E+00  5.333131E-06  1.46E-06  2.672802E-05  4.01E-05  1.040921E-02  9.15E-03
   1.297E-04  2.593E-03  0.000000E+00  0.00E+00  0.000000E+00  0.00E+00  0.000000E+00  0.00E+00  0.000000E+00  0.00E+00  0.000000E+00  0.00E+00  5.555345E-06  1.49E-06  0.000000E+00  0.00E+00  5.555345E-06  1.49E-06  3.341003E-05  4.48E-05  1.407322E-02  1.08E-02
   1.303E-04  2.607E-03  0.000000E+00  0.00E+00  0.000000E+00  0.00E+00  0.000000E+00  0.00E+00  4.814036E-05  1.44E-04  0.000000E+00  0.00E+00  5.866445E-06  1.53E-06  0.000000E+00  0.00E+00  5.400680E-05  1.46E-04  2.672802E-05  4.01E-05  2.173018E-02  1.35E-02
   1.310E-04  2.620E-03  0.000000E+00  0.00E+00  0.000000E+00  0.00E+00  0.000000E+00  0.00E+00  4.814036E-05  1.44E-04  0.000000E+00  0.00E+00  5.910887E-06  1.54E-06  0.000000E+00  0.00E+00  5.405124E-05  1.46E-04  4.677404E-05  5.30E-05  9.219910E-03  8.67E-03
   1.317E-04  2.633E-03  0.000000E+00  0.00E+00  0.000000E+00  0.00E+00  0.000000E+00  0.00E+00  5.683478E-05  1.47E-04  0.000000E+00  0.00E+00  5.422017E-06  1.47E-06  0.000000E+00  0.00E+00  6.225680E-05  1.48E-04  4.677404E-05  5.30E-05  1.214477E-02  1.00E-02
   1.323E-04  2.646E-03  0.000000E+00  0.00E+00  0.000000E+00  0.00E+00  0.000000E+00  0.00E+00  8.694424E-06  2.61E-05  0.000000E+00  0.00E+00  5.199803E-06  1.44E-06  0.000000E+00  0.00E+00  1.389423E-05  2.75E-05  6.682006E-06  2.00E-05  1.401350E-02  1.08E-02
   1.330E-04  2.660E-03  0.000000E+00  0.00E+00  0.000000E+00  0.00E+00  0.000000E+00  0.00E+00  8.694424E-06  2.61E-05  0.000000E+00  0.00E+00  4.533162E-06  1.35E-06  0.000000E+00  0.00E+00  1.322759E-05  2.74E-05  1.336401E-05  2.83E-05  1.308003E-02  1.04E-02
   1.336E-04  2.673E-03  0.000000E+00  0.00E+00  0.000000E+00  0.00E+00  0.000000E+00  0.00E+00  0.000000E+00  0.00E+00  0.000000E+00  0.00E+00  4.266505E-06  1.31E-06  0.000000E+00  0.00E+00  4.266505E-06  1.31E-06  2.004602E-05  3.47E-05  5.540792E-03  6.48E-03
   1.343E-04  2.686E-03  0.000000E+00  0.00E+00  0.000000E+00  0.00E+00  0.000000E+00  0.00E+00  0.000000E+00  0.00E+00  0.000000E+00  0.00E+00  4.799818E-06  1.39E-06  0.000000E+00  0.00E+00  4.799818E-06  1.39E-06  4.677404E-05  5.30E-05  1.022643E-02  9.13E-03
   1.350E-04  2.699E-03  0.000000E+00  0.00E+00  0.000000E+00  0.00E+00  0.000000E+00  0.00E+00  0.000000E+00  0.00E+00  0.000000E+00  0.00E+00  4.177620E-06  1.29E-06  0.000000E+00  0.00E+00  4.177620E-06  1.29E-06  4.677404E-05  5.30E-05  2.637421E-03  4.12E-03
   1.356E-04  2.712E-03  0.000000E+00  0.00E+00  0.000000E+00  0.00E+00  0.000000E+00  0.00E+00  0.000000E+00  0.00E+00  0.000000E+00  0.00E+00  4.363417E-06  1.32E-06  0.000000E+00  0.00E+00  4.363417E-06  1.32E-06  2.672802E-05  4.01E-05  7.315789E-03  7.64E-03
   1.363E-04  2.726E-03  0.000000E+00  0.00E+00  0.000000E+00  0.00E+00  0.000000E+00  0.00E+00  8.694424E-06  2.61E-05  0.000000E+00  0.00E+00  5.155360E-06  1.44E-06  0.000000E+00  0.00E+00  1.384978E-05  2.75E-05  2.004602E-05  3.47E-05  3.442178E-03  5.00E-03
   1.369E-04  2.739E-03  0.000000E+00  0.00E+00  0.000000E+00  0.00E+00  0.000000E+00  0.00E+00  0.000000E+00  0.00E+00  0.000000E+00  0.00E+00  3.999849E-06  1.26E-06  0.000000E+00  0.00E+00  3.999849E-06  1.26E-06  2.672802E-05  4.01E-05  1.130268E-02  9.59E-03
   1.376E-04  2.752E-03  0.000000E+00  0.00E+00  0.000000E+00  0.00E+00  0.000000E+00  0.00E+00  8.694424E-06  2.61E-05  0.000000E+00  0.00E+00  4.088734E-06  1.28E-06  0.000000E+00  0.00E+00  1.278316E-05  2.74E-05  3.341003E-05  4.48E-05  3.440400E-03  5.00E-03
   1.383E-04  2.765E-03  0.000000E+00  0.00E+00  0.000000E+00  0.00E+00  0.000000E+00  0.00E+00  0.000000E+00  0.00E+00  0.000000E+00  0.00E+00  3.599864E-06  1.20E-06  0.000000E+00  0.00E+00  3.599864E-06  1.20E-06  2.672802E-05  4.01E-05  6.314600E-03  7.08E-03
   1.389E-04  2.779E-03  0.000000E+00  0.00E+00  0.000000E+00  0.00E+00  0.000000E+00  0.00E+00  8.694424E-06  2.61E-05  0.000000E+00  0.00E+00  4.399833E-06  1.33E-06  0.000000E+00  0.00E+00  1.309426E-05  2.74E-05  2.672802E-05  4.01E-05  3.400402E-03  5.00E-03
   1.396E-04  2.792E-03  0.000000E+00  0.00E+00  0.000000E+00  0.00E+00  0.000000E+00  0.00E+00  8.694424E-06  2.61E-05  0.000000E+00  0.00E+00  4.844261E-06  1.39E-06  0.000000E+00  0.00E+00  1.353868E-05  2.75E-05  6.682006E-06  2.00E-05  3.616067E-03  5.03E-03
   1.403E-04  2.805E-03  0.000000E+00  0.00E+00  0.000000E+00  0.00E+00  0.000000E+00  0.00E+00  0.000000E+00  0.00E+00  0.000000E+00  0.00E+00  3.688749E-06  1.21E-06  0.000000E+00  0.00E+00  3.688749E-06  1.21E-06  3.341003E-05  4.48E-05  6.461416E-03  7.09E-03
   1.409E-04  2.818E-03  0.000000E+00  0.00E+00  0.000000E+00  0.00E+00  0.000000E+00  0.00E+00  0.000000E+00  0.00E+00  0.000000E+00  0.00E+00  4.488719E-06  1.34E-06  0.000000E+00  0.00E+00  4.488719E-06  1.34E-06  1.336401E-05  2.83E-05  5.342016E-03  6.46E-03
   1.416E-04  2.832E-03  0.000000E+00  0.00E+00  0.000000E+00  0.00E+00  0.000000E+00  0.00E+00  8.694424E-06  2.61E-05  0.000000E+00  0.00E+00  4.533162E-06  1.35E-06  0.000000E+00  0.00E+00  1.322759E-05  2.74E-05  2.004602E-05  3.47E-05  3.430055E-03  5.00E-03
   1.422E-04  2.845E-03  0.000000E+00  0.00E+00  0.000000E+00  0.00E+00  0.000000E+00  0.00E+00  4.814036E-05  1.44E-04  0.000000E+00  0.00E+00  4.088734E-06  1.28E-06  0.000000E+00  0.00E+00  5.222909E-05  1.46E-04  1.336401E-05  2.83E-05  2.440261E-03  4.09E-03
   1.429E-04  2.858E-03  0.000000E+00  0.00E+00  0.000000E+00  0.00E+00  0.000000E+00  0.00E+00  0.000000E+00  0.00E+00  0.000000E+00  0.00E+00  3.555421E-06  1.19E-06  0.000000E+00  0.00E+00  3.555421E-06  1.19E-06  6.682006E-06  2.00E-05  1.666614E-03  2.94E-03
   1.436E-04  2.871E-03  0.000000E+00  0.00E+00  0.000000E+00  0.00E+00  0.000000E+00  0.00E+00  0.000000E+00  0.00E+00  0.000000E+00  0.00E+00  4.044291E-06  1.27E-06  0.000000E+00  0.00E+00  4.044291E-06  1.27E-06  0.000000E+00  0.00E+00  4.352543E-03  5.78E-03
   1.442E-04  2.884E-03  0.000000E+00  0.00E+00  0.000000E+00  0.00E+00  0.000000E+00  0.00E+00  0.000000E+00  0.00E+00  0.000000E+00  0.00E+00  3.777635E-06  1.23E-06  0.000000E+00  0.00E+00  3.777635E-06  1.23E-06  6.682006E-06  2.00E-05  2.435817E-03  4.09E-03
   1.449E-04  2.898E-03  0.000000E+00  0.00E+00  0.000000E+00  0.00E+00  0.000000E+00  0.00E+00  0.000000E+00  0.00E+00  0.000000E+00  0.00E+00  4.222062E-06  1.30E-06  0.000000E+00  0.00E+00  4.222062E-06  1.30E-06  0.000000E+00  0.00E+00  6.306033E-03  7.08E-03
   1.455E-04  2.911E-03  0.000000E+00  0.00E+00  0.000000E+00  0.00E+00  0.000000E+00  0.00E+00  0.000000E+00  0.00E+00  0.000000E+00  0.00E+00  5.288689E-06  1.45E-06  0.000000E+00  0.00E+00  5.288689E-06  1.45E-06  6.682006E-06  2.00E-05  3.575179E-03  5.03E-03
   1.462E-04  2.924E-03  0.000000E+00  0.00E+00  0.000000E+00  0.00E+00  0.000000E+00  0.00E+00  0.000000E+00  0.00E+00  0.000000E+00  0.00E+00  4.622047E-06  1.36E-06  0.000000E+00  0.00E+00  4.622047E-06  1.36E-06  1.336401E-05  2.83E-05  1.591789E-03  2.94E-03
   1.469E-04  2.937E-03  0.000000E+00  0.00E+00  0.000000E+00  0.00E+00  0.000000E+00  0.00E+00  0.000000E+00  0.00E+00  0.000000E+00  0.00E+00  3.733192E-06  1.22E-06  0.000000E+00  0.00E+00  3.733192E-06  1.22E-06  2.004602E-05  3.47E-05  2.407374E-03  4.09E-03
   1.475E-04  2.951E-03  0.000000E+00  0.00E+00  0.000000E+00  0.00E+00  0.000000E+00  0.00E+00  0.000000E+00  0.00E+00  0.000000E+00  0.00E+00  3.910963E-06  1.25E-06  0.000000E+00  0.00E+00  3.910963E-06  1.25E-06  2.672802E-05  4.01E-05  1.610455E-03  2.94E-03
   1.482E-04  2.964E-03  0.000000E+00  0.00E+00  0.000000E+00  0.00E+00  0.000000E+00  0.00E+00  4.814036E-05  1.44E-04  0.000000E+00  0.00E+00  4.399833E-06  1.33E-06  0.000000E+00  0.00E+00  5.254019E-05  1.46E-04  4.009203E-05  4.91E-05  1.440122E-03  2.89E-03
   1.489E-04  2.977E-03  0.000000E+00  0.00E+00  0.000000E+00  0.00E+00  0.000000E+00  0.00E+00  4.814036E-05  1.44E-04  0.000000E+00  0.00E+00  4.088734E-06  1.28E-06  0.000000E+00  0.00E+00  5.222909E-05  1.46E-04  6.682006E-06  2.00E-05  4.808707E-04  6.20E-05
   1.495E-04  2.990E-03  0.000000E+00  0.00E+00  0.000000E+00  0.00E+00  0.000000E+00  0.00E+00  8.694424E-06  2.61E-05  0.000000E+00  0.00E+00  3.377650E-06  1.16E-06  0.000000E+00  0.00E+00  1.207207E-05  2.72E-05  1.336401E-05  2.83E-05  4.324988E-03  5.78E-03
   1.502E-04  3.004E-03  0.000000E+00  0.00E+00  0.000000E+00  0.00E+00  0.000000E+00  0.00E+00  0.000000E+00  0.00E+00  0.000000E+00  0.00E+00  4.044291E-06  1.27E-06  0.000000E+00  0.00E+00  4.044291E-06  1.27E-06  3.341003E-05  4.48E-05  4.685872E-04  6.12E-05
   1.508E-04  3.017E-03  0.000000E+00  0.00E+00  0.000000E+00  0.00E+00  0.000000E+00  0.00E+00  0.000000E+00  0.00E+00  0.000000E+00  0.00E+00  4.185646E-06  1.29E-06  0.000000E+00  0.00E+00  4.185646E-06  1.29E-06  1.336401E-05  2.83E-05  3.336404E-03  5.00E-03
   1.515E-04  3.030E-03  0.000000E+00  0.00E+00  0.000000E+00  0.00E+00  0.000000E+00  0.00E+00  0.000000E+00  0.00E+00  0.000000E+00  0.00E+00  4.133177E-06  1.29E-06  0.000000E+00  0.00E+00  4.133177E-06  1.29E-06  6.682006E-06  2.00E-05  3.324849E-03  5.00E-03
   1.522E-04  3.043E-03  0.000000E+00  0.00E+00  0.000000E+00  0.00E+00  0.000000E+00  0.00E+00  0.000000E+00  0.00E+00  0.000000E+00  0.00E+00  3.866520E-06  1.24E-06  0.000000E+00  0.00E+00  3.866520E-06  1.24E-06  2.672802E-05  4.01E-05  1.575951E-03  2.94E-03
   1.528E-04  3.056E-03  0.000000E+00  0.00E+00  0.000000E+00  0.00E+00  0.000000E+00  0.00E+00  0.000000E+00  0.00E+00  0.000000E+00  0.00E+00  3.955406E-06  1.26E-06  0.000000E+00  0.00E+00  3.955406E-06  1.26E-06  6.682006E-06  2.00E-05  4.383662E-04  5.92E-05
   1.535E-04  3.070E-03  0.000000E+00  0.00E+00  0.000000E+00  0.00E+00  0.000000E+00  0.00E+00  0.000000E+00  0.00E+00  0.000000E+00  0.00E+00  3.910963E-06  1.25E-06  0.000000E+00  0.00E+00  3.910963E-06  1.25E-06  2.004602E-05  3.47E-05  2.399535E-03  4.09E-03
   1.541E-04  3.083E-03  0.000000E+00  0.00E+00  0.000000E+00  0.00E+00  0.000000E+00  0.00E+00  8.694424E-06  2.61E-05  0.000000E+00  0.00E+00  3.955406E-06  1.26E-06  0.000000E+00  0.00E+00  1.264983E-05  2.73E-05  2.672802E-05  4.01E-05  4.408722E-04  5.94E-05
   1.548E-04  3.096E-03  0.000000E+00  0.00E+00  0.000000E+00  0.00E+00  0.000000E+00  0.00E+00  0.000000E+00  0.00E+00  0.000000E+00  0.00E+00  3.333207E-06  1.15E-06  0.000000E+00  0.00E+00  3.333207E-06  1.15E-06  0.000000E+00  0.00E+00  4.542050E-04  6.03E-05
   1.555E-04  3.109E-03  0.000000E+00  0.00E+00  0.000000E+00  0.00E+00  0.000000E+00  0.00E+00  8.694424E-06  2.61E-05  0.000000E+00  0.00E+00  3.288764E-06  1.15E-06  0.000000E+00  0.00E+00  1.198319E-05  2.72E-05  6.682006E-06  2.00E-05  4.411933E-04  5.94E-05
   1.561E-04  3.123E-03  0.000000E+00  0.00E+00  0.000000E+00  0.00E+00  0.000000E+00  0.00E+00  8.694424E-06  2.61E-05  0.000000E+00  0.00E+00  3.377650E-06  1.16E-06  0.000000E+00  0.00E+00  1.207207E-05  2.72E-05  1.336401E-05  2.83E-05  1.381458E-03  2.89E-03
   1.568E-04  3.136E-03  0.000000E+00  0.00E+00  0.000000E+00  0.00E+00  0.000000E+00  0.00E+00  0.000000E+00  0.00E+00  0.000000E+00  0.00E+00  3.377650E-06  1.16E-06  0.000000E+00  0.00E+00  3.377650E-06  1.16E-06  1.336401E-05  2.83E-05  1.352286E-03  2.89E-03
   1.575E-04  3.149E-03  0.000000E+00  0.00E+00  0.000000E+00  0.00E+00  0.000000E+00  0.00E+00  0.000000E+00  0.00E+00  0.000000E+00  0.00E+00  3.244322E-06  1.14E-06  0.000000E+00  0.00E+00  3.244322E-06  1.14E-06  2.004602E-05  3.47E-05  4.462053E-04  5.97E-05
   1.581E-04  3.162E-03  0.000000E+00  0.00E+00  0.000000E+00  0.00E+00  0.000000E+00  0.00E+00  0.000000E+00  0.00E+00  0.000000E+00  0.00E+00  3.066551E-06  1.11E-06  0.000000E+00  0.00E+00  3.066551E-06  1.11E-06  1.336401E-05  2.83E-05  4.302059E-04  5.88E-05
   1.588E-04  3.176E-03  0.000000E+00  0.00E+00  0.000000E+00  0.00E+00  0.000000E+00  0.00E+00  0.000000E+00  0.00E+00  0.000000E+00  0.00E+00  2.977665E-06  1.09E-06  0.000000E+00  0.00E+00  2.977665E-06  1.09E-06  0.000000E+00  0.00E+00  4.411933E-04  5.95E-05
   1.594E-04  3.189E-03  0.000000E+00  0.00E+00  0.000000E+00  0.00E+00  0.000000E+00  0.00E+00  0.000000E+00  0.00E+00  0.000000E+00  0.00E+00  3.644306E-06  1.21E-06  0.000000E+00  0.00E+00  3.644306E-06  1.21E-06  0.000000E+00  0.00E+00  4.870927E-04  6.24E-05
   1.601E-04  3.202E-03  0.000000E+00  0.00E+00  0.000000E+00  0.00E+00  0.000000E+00  0.00E+00  8.694424E-06  2.61E-05  0.000000E+00  0.00E+00  3.333207E-06  1.17E-06  0.000000E+00  0.00E+00  1.202763E-05  2.73E-05  1.336401E-05  2.83E-05  1.375396E-03  2.89E-03
   1.608E-04  3.215E-03  0.000000E+00  0.00E+00  0.000000E+00  0.00E+00  0.000000E+00  0.00E+00  8.694424E-06  2.61E-05  0.000000E+00  0.00E+00  3.110993E-06  1.12E-06  0.000000E+00  0.00E+00  1.180542E-05  2.72E-05  1.336401E-05  2.83E-05  4.230951E-04  5.83E-05
   1.614E-04  3.228E-03  0.000000E+00  0.00E+00  0.000000E+00  0.00E+00  0.000000E+00  0.00E+00  0.000000E+00  0.00E+00  0.000000E+00  0.00E+00  2.577680E-06  1.02E-06  0.000000E+00  0.00E+00  2.577680E-06  1.02E-06  2.004602E-05  3.47E-05  4.152559E-04  5.76E-05
   1.621E-04  3.242E-03  0.000000E+00  0.00E+00  0.000000E+00  0.00E+00  0.000000E+00  0.00E+00  0.000000E+00  0.00E+00  0.000000E+00  0.00E+00  3.510978E-06  1.19E-06  0.000000E+00  0.00E+00  3.510978E-06  1.19E-06  1.336401E-05  2.83E-05  5.926998E-04  5.25E-04
   1.627E-04  3.255E-03  0.000000E+00  0.00E+00  0.000000E+00  0.00E+00  0.000000E+00  0.00E+00  0.000000E+00  0.00E+00  0.000000E+00  0.00E+00  3.644306E-06  1.21E-06  0.000000E+00  0.00E+00  3.644306E-06  1.21E-06  2.004602E-05  3.47E-05  5.836507E-04  5.25E-04
   1.634E-04  3.268E-03  0.000000E+00  0.00E+00  0.000000E+00  0.00E+00  0.000000E+00  0.00E+00  0.000000E+00  0.00E+00  0.000000E+00  0.00E+00  3.110993E-06  1.12E-06  0.000000E+00  0.00E+00  3.110993E-06  1.12E-06  0.000000E+00  0.00E+00  4.053180E-04  5.69E-05
   1.641E-04  3.281E-03  0.000000E+00  0.00E+00  0.000000E+00  0.00E+00  0.000000E+00  0.00E+00  0.000000E+00  0.00E+00  0.000000E+00  0.00E+00  2.533237E-06  1.01E-06  0.000000E+00  0.00E+00  2.533237E-06  1.01E-06  6.682006E-06  2.00E-05  1.544680E-03  2.94E-03
