 #  Results from PENEPMA.
 #  Energy distribution of upbound photons.
 #  1st column: E (eV).
 #  2nd and 3rd columns: probability density and STU (1/(eV*particle)).

   7.500001E+00  1.000000E-35  1.000000E-35
   2.250000E+01  1.000000E-35  1.000000E-35
   3.750000E+01  1.000000E-35  1.000000E-35
   5.250001E+01  1.000000E-35  1.000000E-35
   6.750001E+01  1.000000E-35  1.000000E-35
   8.250001E+01  1.000000E-35  1.000000E-35
   9.750001E+01  5.113077E-08  2.015205E-09
   1.125000E+02  1.626290E-07  4.802070E-09
   1.275000E+02  1.661085E-07  5.313646E-09
   1.425000E+02  1.575088E-07  3.719663E-09
   1.575000E+02  1.569358E-07  3.227376E-09
   1.725000E+02  1.769737E-07  4.885872E-09
   1.875000E+02  1.944845E-07  6.020541E-09
   2.025000E+02  1.934699E-07  5.258093E-09
   2.175000E+02  1.886965E-07  3.465146E-09
   2.325000E+02  1.947053E-07  3.453734E-09
   2.475000E+02  2.051708E-07  3.891315E-09
   2.625000E+02  2.092409E-07  3.907599E-09
   2.775000E+02  2.252537E-07  5.287883E-09
   2.925000E+02  2.182769E-07  3.573618E-09
   3.075000E+02  2.266354E-07  3.910420E-09
   3.225000E+02  2.443377E-07  5.090825E-09
   3.375000E+02  2.453400E-07  4.541123E-09
   3.525000E+02  2.497005E-07  4.105414E-09
   3.675000E+02  2.553031E-07  3.857670E-09
   3.825000E+02  2.695712E-07  4.862699E-09
   3.975000E+02  2.753759E-07  4.433569E-09
   4.125000E+02  2.722598E-07  3.859987E-09
   4.275000E+02  2.810452E-07  3.876406E-09
   4.425000E+02  2.998453E-07  5.631625E-09
   4.575000E+02  3.002271E-07  4.967175E-09
   4.725000E+02  2.975778E-07  4.035480E-09
   4.875000E+02  3.001030E-07  3.753898E-09
   5.025001E+02  6.050755E-06  7.896988E-08
   5.175001E+02  3.187555E-06  5.589159E-08
   5.325001E+02  3.184777E-07  4.808471E-09
   5.475001E+02  3.161421E-07  4.028281E-09
   5.625001E+02  1.147103E-06  3.018956E-08
   5.775001E+02  2.125652E-06  4.464530E-08
   5.925001E+02  1.974492E-07  3.237857E-09
   6.075001E+02  1.846504E-07  2.753732E-09
   6.225001E+02  2.139077E-05  1.518150E-07
   6.375001E+02  3.023686E-07  1.133096E-08
   6.525001E+02  7.325370E-07  2.435478E-08
   6.675001E+02  2.047364E-07  4.815713E-09
   6.825001E+02  2.170882E-07  5.700657E-09
   6.975001E+02  6.199850E-06  8.058694E-08
   7.125001E+02  1.949614E-06  4.417617E-08
   7.275001E+02  1.725969E-07  1.013319E-08
   7.425001E+02  1.066347E-06  3.286713E-08
   7.575001E+02  5.877129E-07  2.370127E-08
   7.725001E+02  7.648291E-08  2.801124E-09
   7.875001E+02  7.519693E-07  2.710211E-08
   8.025001E+02  7.705945E-08  2.112248E-09
   8.175001E+02  9.079868E-08  4.195408E-09
   8.325001E+02  8.522598E-08  3.201103E-09
   8.475001E+02  9.898266E-07  3.138730E-08
   8.625001E+02  5.094010E-07  2.180279E-08
   8.775001E+02  8.395982E-08  4.260512E-09
   8.925001E+02  6.802231E-08  1.431308E-09
   9.075001E+02  6.919188E-08  1.443058E-09
   9.225001E+02  8.568202E-08  4.206323E-09
   9.375001E+02  2.043202E-07  1.203425E-08
   9.525001E+02  8.094838E-08  3.200942E-09
   9.675001E+02  7.617590E-08  1.514083E-09
   9.825001E+02  7.695084E-08  1.562617E-09
   9.975001E+02  7.764287E-08  1.528495E-09
   1.012500E+03  8.029091E-08  1.781575E-09
   1.027500E+03  8.189448E-08  2.175649E-09
   1.042500E+03  8.075059E-08  1.558773E-09
   1.057500E+03  8.276497E-08  1.656166E-09
   1.072500E+03  8.393152E-08  1.628304E-09
   1.087500E+03  8.426568E-08  1.631859E-09
   1.102500E+03  8.655167E-08  1.614214E-09
   1.117500E+03  8.793845E-08  1.627054E-09
   1.132500E+03  9.056069E-08  1.761215E-09
   1.147500E+03  9.010654E-08  1.722318E-09
   1.162500E+03  9.044071E-08  1.725037E-09
   1.177500E+03  9.157018E-08  1.734900E-09
   1.192500E+03  9.296427E-08  1.672232E-09
   1.207500E+03  9.520922E-08  1.765417E-09
   1.222500E+03  9.617192E-08  1.737893E-09
   1.237500E+03  9.764590E-08  1.714322E-09
   1.252500E+03  9.931974E-08  1.764995E-09
   1.267500E+03  9.989450E-08  1.770471E-09
   1.282500E+03  1.006524E-07  1.846429E-09
   1.297500E+03  1.021638E-07  1.753825E-09
   1.312500E+03  1.014854E-07  1.747529E-09
   1.327500E+03  1.031529E-07  1.761817E-09
   1.342500E+03  1.055455E-07  1.782855E-09
   1.357500E+03  1.049674E-07  1.777505E-09
   1.372500E+03  1.050470E-07  1.848033E-09
   1.387500E+03  1.061938E-07  1.787763E-09
   1.402500E+03  1.072862E-07  1.831785E-09
   1.417500E+03  1.077173E-07  1.836111E-09
   1.432500E+03  1.086599E-07  1.808767E-09
   1.447500E+03  1.095181E-07  1.884024E-09
   1.462500E+03  1.106840E-07  1.925787E-09
   1.477500E+03  1.109890E-07  1.828850E-09
   1.492500E+03  1.128804E-07  1.842180E-09
   1.507500E+03  1.124393E-07  1.839538E-09
   1.522500E+03  1.140099E-07  1.851620E-09
   1.537500E+03  1.136079E-07  1.949108E-09
   1.552500E+03  1.146013E-07  1.856265E-09
   1.567500E+03  1.146779E-07  1.892033E-09
   1.582500E+03  1.150391E-07  1.860694E-09
   1.597500E+03  1.157105E-07  1.899300E-09
   1.612500E+03  1.150154E-07  1.893787E-09
   1.627500E+03  1.148316E-07  1.892128E-09
   1.642500E+03  1.168767E-07  1.908637E-09
   1.657500E+03  1.181930E-07  1.951685E-09
   1.672500E+03  1.167534E-07  1.874208E-09
   1.687500E+03  1.171139E-07  1.910646E-09
   1.702500E+03  1.173381E-07  1.879813E-09
   1.717500E+03  1.180833E-07  1.884056E-09
   1.732500E+03  5.979995E-07  2.280999E-08
   1.747500E+03  1.179530E-07  1.884039E-09
   1.762500E+03  1.182902E-07  1.920579E-09
   1.777500E+03  1.193161E-07  1.928154E-09
   1.792500E+03  1.198073E-07  1.932101E-09
   1.807500E+03  1.196703E-07  1.930784E-09
   1.822500E+03  1.209939E-07  1.908138E-09
   1.837500E+03  1.292872E-07  3.493008E-09
   1.852500E+03  1.196369E-07  1.929954E-09
   1.867500E+03  1.194935E-07  1.896073E-09
   1.882500E+03  1.199246E-07  1.899721E-09
   1.897500E+03  1.205655E-07  1.970218E-09
   1.912500E+03  1.199142E-07  1.932873E-09
   1.927500E+03  1.195369E-07  1.896308E-09
   1.942500E+03  1.204857E-07  1.937167E-09
   1.957500E+03  1.192359E-07  1.927430E-09
   1.972500E+03  1.197274E-07  1.898968E-09
   1.987500E+03  1.197900E-07  1.996353E-09
   2.002500E+03  1.190655E-07  1.925487E-09
   2.017500E+03  2.660706E-07  1.275368E-08
   2.032500E+03  1.193428E-07  1.928256E-09
   2.047500E+03  1.203617E-07  1.968166E-09
   2.062500E+03  1.195199E-07  1.929207E-09
   2.077500E+03  1.189822E-07  1.891946E-09
   2.092500E+03  1.199513E-07  1.900618E-09
   2.107500E+03  1.192978E-07  2.084328E-09
   2.122500E+03  1.549463E-07  6.565338E-09
   2.137500E+03  1.201536E-07  2.060574E-09
   2.152500E+03  1.175885E-07  1.914184E-09
   2.167500E+03  1.183771E-07  1.920416E-09
   2.182500E+03  1.191353E-07  1.958248E-09
   2.197500E+03  1.179831E-07  1.884224E-09
   2.212500E+03  1.174615E-07  1.913458E-09
   2.227500E+03  1.179548E-07  2.044274E-09
   2.242500E+03  1.164058E-07  1.871981E-09
   2.257500E+03  1.177185E-07  1.947802E-09
   2.272500E+03  1.169399E-07  1.940959E-09
   2.287500E+03  1.124207E-06  3.292695E-08
   2.302500E+03  1.350841E-07  4.844186E-09
   2.317500E+03  1.164025E-07  1.870934E-09
   2.332500E+03  1.180086E-07  2.013379E-09
   2.347500E+03  1.164490E-07  1.905454E-09
   2.362500E+03  1.145947E-07  1.857889E-09
   2.377500E+03  1.149556E-07  1.860835E-09
   2.392500E+03  5.041169E-07  2.046807E-08
   2.407500E+03  1.156533E-07  1.932463E-09
   2.422500E+03  1.147049E-07  1.858989E-09
   2.437500E+03  1.150278E-07  1.991454E-09
   2.452500E+03  1.423718E-07  5.766113E-09
   2.467500E+03  1.438918E-07  5.899489E-09
   2.482500E+03  1.137489E-07  1.885183E-09
   2.497500E+03  1.127868E-07  1.843278E-09
   2.512500E+03  1.493686E-07  6.464012E-09
   2.527500E+03  1.119277E-07  1.869334E-09
   2.542500E+03  1.115969E-07  1.866587E-09
   2.557500E+03  1.138410E-07  2.614043E-09
   2.572500E+03  1.118910E-07  1.869901E-09
   2.587500E+03  1.096089E-07  1.815631E-09
   2.602500E+03  1.088237E-07  1.808672E-09
   2.617500E+03  1.243699E-07  4.415654E-09
   2.632500E+03  1.085894E-07  1.841924E-09
   2.647500E+03  1.079345E-07  1.837545E-09
   2.662500E+03  1.085897E-07  1.808078E-09
   2.677500E+03  1.075605E-07  1.798454E-09
   2.692500E+03  1.071228E-07  1.795158E-09
   2.707500E+03  1.073099E-07  1.797774E-09
   2.722500E+03  1.072297E-07  1.796437E-09
   2.737500E+03  1.073597E-07  1.832986E-09
   2.752500E+03  1.063041E-07  1.789300E-09
   2.767500E+03  1.066276E-07  1.860039E-09
   2.782500E+03  1.055719E-07  1.818386E-09
   2.797500E+03  1.132747E-07  3.386036E-09
   2.812500E+03  1.058857E-07  1.854463E-09
   2.827500E+03  1.053885E-07  1.781203E-09
   2.842500E+03  1.034470E-07  1.763792E-09
   2.857500E+03  1.037444E-07  1.766703E-09
   2.872500E+03  1.028822E-07  1.759582E-09
   2.887500E+03  1.026684E-07  1.758397E-09
   2.902500E+03  1.029488E-07  1.795626E-09
   2.917500E+03  1.012081E-07  1.744584E-09
   2.932500E+03  1.028288E-07  1.759300E-09
   2.947500E+03  1.019065E-07  1.751291E-09
   2.962500E+03  1.020602E-07  1.753001E-09
   2.977500E+03  1.019666E-07  1.751861E-09
   2.992500E+03  1.013785E-07  1.747134E-09
   3.007500E+03  9.981127E-08  1.732832E-09
   3.022500E+03  1.000385E-07  1.735482E-09
   3.037500E+03  1.008071E-07  1.741095E-09
   3.052500E+03  9.926325E-08  1.727759E-09
   3.067500E+03  9.928967E-08  1.763602E-09
   3.082500E+03  9.894913E-08  1.725860E-09
   3.097500E+03  9.790289E-08  1.752462E-09
   3.112500E+03  9.830754E-08  1.719720E-09
   3.127500E+03  9.813346E-08  1.754252E-09
   3.142500E+03  9.811038E-08  1.717599E-09
   3.157500E+03  9.691408E-08  1.708353E-09
   3.172500E+03  9.762585E-08  1.713913E-09
   3.187500E+03  9.639278E-08  1.703145E-09
   3.202500E+03  9.557742E-08  1.696874E-09
   3.217500E+03  9.517309E-08  1.691771E-09
   3.232500E+03  9.438749E-08  1.722093E-09
   3.247500E+03  9.469126E-08  1.760576E-09
   3.262500E+03  9.382307E-08  1.680118E-09
   3.277500E+03  9.378965E-08  1.680001E-09
   3.292500E+03  9.425748E-08  1.684092E-09
   3.307500E+03  9.435439E-08  1.685368E-09
   3.322500E+03  9.308456E-08  1.673305E-09
   3.337500E+03  9.324131E-08  1.711838E-09
   3.352500E+03  9.386317E-08  1.679936E-09
   3.367500E+03  9.151065E-08  1.659327E-09
   3.382500E+03  9.145385E-08  1.658391E-09
   3.397500E+03  9.124301E-08  1.694679E-09
   3.412500E+03  9.240621E-08  1.666640E-09
   3.427500E+03  8.996985E-08  1.683009E-09
   3.442500E+03  8.970283E-08  1.642982E-09
   3.457500E+03  9.032103E-08  1.648589E-09
   3.472500E+03  9.043131E-08  1.649892E-09
   3.487500E+03  8.946892E-08  1.640426E-09
   3.502500E+03  9.041460E-08  1.649193E-09
   3.517500E+03  8.961866E-08  1.718142E-09
   3.532500E+03  8.704289E-08  1.618504E-09
   3.547500E+03  8.826259E-08  1.629101E-09
   3.562500E+03  8.723336E-08  1.621190E-09
   3.577500E+03  8.700216E-08  1.693650E-09
   3.592500E+03  8.690588E-08  1.616990E-09
   3.607500E+03  8.564609E-08  1.606252E-09
   3.622500E+03  8.574634E-08  1.606308E-09
   3.637500E+03  8.591676E-08  1.607517E-09
   3.652500E+03  8.593347E-08  1.608172E-09
   3.667500E+03  8.530524E-08  1.602578E-09
   3.682500E+03  8.410862E-08  1.629557E-09
   3.697500E+03  8.392180E-08  1.589253E-09
   3.712500E+03  8.456006E-08  1.594106E-09
   3.727500E+03  8.406215E-08  1.590129E-09
   3.742500E+03  8.331363E-08  1.583400E-09
   3.757500E+03  8.413901E-08  1.591040E-09
   3.772500E+03  8.273886E-08  1.577968E-09
   3.787500E+03  8.281541E-08  1.617908E-09
   3.802500E+03  8.294605E-08  1.579610E-09
   3.817500E+03  8.200005E-08  1.610550E-09
   3.832500E+03  8.109812E-08  1.561778E-09
   3.847500E+03  8.146539E-08  1.606146E-09
   3.862500E+03  8.155258E-08  1.566761E-09
   3.877500E+03  8.081743E-08  1.559542E-09
   3.892500E+03  7.977149E-08  1.549554E-09
   3.907500E+03  8.046624E-08  1.595754E-09
   3.922500E+03  7.979823E-08  1.549552E-09
   3.937500E+03  7.956097E-08  1.547263E-09
   3.952500E+03  8.000207E-08  1.551063E-09
   3.967500E+03  7.917334E-08  1.543320E-09
   3.982500E+03  7.872890E-08  1.539729E-09
   3.997500E+03  7.817419E-08  1.533746E-09
   4.012500E+03  7.737523E-08  1.565837E-09
   4.027500E+03  7.752894E-08  1.568137E-09
   4.042500E+03  7.641952E-08  1.558237E-09
   4.057500E+03  7.714131E-08  1.564181E-09
   4.072500E+03  7.742901E-08  1.526534E-09
   4.087500E+03  7.632961E-08  1.515666E-09
   4.102500E+03  7.587818E-08  1.552130E-09
   4.117500E+03  7.577824E-08  1.509886E-09
   4.132500E+03  7.508986E-08  1.502923E-09
   4.147500E+03  7.524358E-08  1.504718E-09
   4.162500E+03  7.503274E-08  1.543837E-09
   4.177500E+03  7.468824E-08  1.580343E-09
   4.192500E+03  7.469221E-08  1.498158E-09
   4.207500E+03  7.466213E-08  1.498797E-09
   4.222500E+03  7.366967E-08  1.488933E-09
   4.237500E+03  7.414418E-08  1.494160E-09
   4.252500E+03  7.342907E-08  1.486853E-09
   4.267500E+03  7.225282E-08  1.474775E-09
   4.282500E+03  7.323829E-08  1.526099E-09
   4.297500E+03  7.276409E-08  1.479337E-09
   4.312500E+03  7.193536E-08  1.470801E-09
   4.327500E+03  7.222577E-08  1.515684E-09
   4.342500E+03  7.137397E-08  1.465358E-09
   4.357500E+03  7.130713E-08  1.464950E-09
   4.372500E+03  7.038453E-08  1.497947E-09
   4.387500E+03  7.071232E-08  1.458315E-09
   4.402500E+03  7.116679E-08  1.463654E-09
   4.417500E+03  7.043465E-08  1.497978E-09
   4.432500E+03  6.993007E-08  1.493471E-09
   4.447500E+03  6.855029E-08  1.435764E-09
   4.462500E+03  6.852355E-08  1.435766E-09
   4.477500E+03  6.960624E-08  1.446374E-09
   4.492500E+03  6.814929E-08  1.431792E-09
   4.507500E+03  6.887108E-08  1.440079E-09
   4.522500E+03  6.847343E-08  1.435594E-09
   4.537500E+03  6.737069E-08  1.423777E-09
   4.552500E+03  6.794211E-08  1.429767E-09
   4.567500E+03  6.707663E-08  1.421179E-09
   4.582500E+03  6.759124E-08  1.425316E-09
   4.597500E+03  6.666560E-08  1.416705E-09
   4.612500E+03  6.626461E-08  1.411611E-09
   4.627500E+03  6.602401E-08  1.409131E-09
   4.642500E+03  6.585025E-08  1.407570E-09
   4.657500E+03  6.480431E-08  1.396554E-09
   4.672500E+03  6.620446E-08  1.410546E-09
   4.687500E+03  6.566311E-08  1.405151E-09
   4.702500E+03  6.554616E-08  1.404335E-09
   4.717500E+03  6.456372E-08  1.393326E-09
   4.732500E+03  6.508835E-08  1.399594E-09
   4.747500E+03  6.391847E-08  1.431158E-09
   4.762500E+03  6.342422E-08  1.381400E-09
   4.777500E+03  6.442671E-08  1.391998E-09
   4.792500E+03  6.424626E-08  1.390925E-09
   4.807500E+03  6.346766E-08  1.381652E-09
   4.822500E+03  6.340751E-08  1.381438E-09
   4.837500E+03  6.262891E-08  1.372759E-09
   4.852500E+03  6.246851E-08  1.371596E-09
   4.867500E+03  6.276258E-08  1.373484E-09
   4.882500E+03  6.234821E-08  1.369550E-09
   4.897500E+03  6.161608E-08  1.406953E-09
   4.912500E+03  6.114857E-08  1.355564E-09
   4.927500E+03  6.082443E-08  1.352724E-09
   4.942500E+03  6.981061E-08  3.360748E-09
   4.957500E+03  7.636303E-08  4.291451E-09
   4.972500E+03  6.086453E-08  1.353168E-09
   4.987500E+03  6.056044E-08  1.350024E-09
   5.002501E+03  6.045016E-08  1.348801E-09
   5.017501E+03  6.003914E-08  1.344756E-09
   5.032501E+03  5.994892E-08  1.343752E-09
   5.047501E+03  5.919005E-08  1.381271E-09
   5.062501E+03  5.892304E-08  1.331221E-09
   5.077501E+03  5.928059E-08  1.335536E-09
   5.092501E+03  5.840843E-08  1.324891E-09
   5.107501E+03  5.880942E-08  1.329792E-09
   5.122501E+03  5.836164E-08  1.325121E-09
   5.137501E+03  5.854209E-08  1.326552E-09
   5.152501E+03  5.774981E-08  1.365208E-09
   5.167501E+03  5.721546E-08  1.312264E-09
   5.182501E+03  5.733910E-08  1.313138E-09
   5.197501E+03  5.738192E-08  1.406391E-09
   5.212501E+03  5.689801E-08  1.308484E-09
   5.227501E+03  5.671756E-08  1.306495E-09
   5.242501E+03  5.694145E-08  1.308904E-09
   5.257501E+03  5.689404E-08  1.401619E-09
   5.272501E+03  5.656959E-08  1.441934E-09
   5.287501E+03  5.572812E-08  1.342408E-09
   5.302501E+03  5.546382E-08  1.385897E-09
   5.317501E+03  5.514668E-08  1.335457E-09
   5.332501E+03  5.541401E-08  1.339051E-09
   5.347501E+03  5.511660E-08  1.335120E-09
   5.362501E+03  5.493313E-08  1.285182E-09
   5.377501E+03  5.400749E-08  1.274274E-09
   5.392501E+03  5.383676E-08  1.320918E-09
   5.407501E+03  8.054405E-06  9.149327E-08
   5.422501E+03  5.620671E-08  2.051887E-09
   5.437501E+03  5.292480E-08  1.261648E-09
   5.452501E+03  5.301169E-08  1.262758E-09
   5.467501E+03  5.298829E-08  1.262560E-09
   5.482501E+03  5.327568E-08  1.266122E-09
   5.497501E+03  5.264745E-08  1.258751E-09
   5.512501E+03  5.271094E-08  1.259426E-09
   5.527501E+03  5.209942E-08  1.251733E-09
   5.542501E+03  5.210610E-08  1.252535E-09
   5.557501E+03  5.236675E-08  1.255167E-09
   5.572501E+03  5.164162E-08  1.247130E-09
   5.587501E+03  5.138097E-08  1.243673E-09
   5.602501E+03  5.162491E-08  1.246365E-09
   5.617501E+03  5.181538E-08  1.248813E-09
   5.632501E+03  5.078616E-08  1.235840E-09
   5.647501E+03  5.040187E-08  1.231337E-09
   5.662501E+03  5.027792E-08  1.280800E-09
   5.677501E+03  5.035175E-08  1.230809E-09
   5.692501E+03  4.954307E-08  1.221340E-09
   5.707501E+03  5.003095E-08  1.226981E-09
   5.722501E+03  4.930581E-08  1.218509E-09
   5.737501E+03  4.973688E-08  1.223057E-09
   5.752501E+03  4.937265E-08  1.218506E-09
   5.767501E+03  4.905519E-08  1.214598E-09
   5.782501E+03  4.896497E-08  1.213153E-09
   5.797501E+03  4.863049E-08  1.260431E-09
   5.812501E+03  4.895828E-08  1.213899E-09
   5.827501E+03  4.827659E-08  1.205541E-09
   5.842501E+03  4.774861E-08  1.198376E-09
   5.857501E+03  4.783549E-08  1.199964E-09
   5.872501E+03  4.763166E-08  1.197081E-09
   5.887501E+03  2.265969E-07  1.370771E-08
   5.902501E+03  3.921837E-07  1.897945E-08
   5.917501E+03  4.649550E-08  1.182777E-09
   5.932501E+03  4.720727E-08  1.191674E-09
   5.947501E+03  9.872666E-07  3.133469E-08
   5.962501E+03  4.639525E-08  1.181421E-09
   5.977501E+03  4.629500E-08  1.179553E-09
   5.992501E+03  4.572933E-08  1.324495E-09
   6.007501E+03  4.321736E-08  1.141462E-09
   6.022501E+03  4.342454E-08  1.143036E-09
   6.037501E+03  4.387900E-08  1.148804E-09
   6.052501E+03  4.387566E-08  1.149372E-09
   6.067501E+03  4.339415E-08  1.196739E-09
   6.082501E+03  4.286314E-08  1.135298E-09
   6.097501E+03  4.342757E-08  1.197158E-09
   6.112501E+03  4.307001E-08  1.192252E-09
   6.127501E+03  4.316055E-08  1.139658E-09
   6.142501E+03  4.265596E-08  1.132826E-09
   6.157501E+03  4.191746E-08  1.122656E-09
   6.172501E+03  4.217142E-08  1.126041E-09
   6.187501E+03  4.193417E-08  1.122789E-09
   6.202501E+03  4.234153E-08  1.182720E-09
   6.217501E+03  4.201071E-08  1.178862E-09
   6.232501E+03  4.185700E-08  1.176906E-09
   6.247501E+03  4.172030E-08  1.120380E-09
   6.262501E+03  4.108174E-08  1.166561E-09
   6.277501E+03  4.165284E-08  1.226600E-09
   6.292501E+03  4.073055E-08  1.215278E-09
   6.307501E+03  4.036694E-08  1.101670E-09
   6.322501E+03  4.068743E-08  1.161483E-09
   6.337501E+03  4.065401E-08  1.161398E-09
   6.352501E+03  4.108205E-08  1.111538E-09
   6.367501E+03  3.979552E-08  1.094235E-09
   6.382501E+03  3.992219E-08  1.152176E-09
   6.397501E+03  1.656415E-05  1.317410E-07
   6.412501E+03  4.067103E-08  1.106254E-09
   6.427501E+03  3.936445E-08  1.088406E-09
   6.442501E+03  3.977881E-08  1.094006E-09
   6.457501E+03  3.953822E-08  1.090428E-09
   6.472501E+03  3.871283E-08  1.079115E-09
   6.487501E+03  1.041076E-07  8.344742E-09
   6.502501E+03  3.891333E-08  1.081618E-09
   6.517501E+03  3.846221E-08  1.075160E-09
   6.532501E+03  3.857917E-08  1.077163E-09
   6.547501E+03  3.866271E-08  1.078325E-09
   6.562501E+03  3.844550E-08  1.075208E-09
   6.577501E+03  3.801777E-08  1.069697E-09
   6.592501E+03  3.771034E-08  1.065191E-09
   6.607501E+03  3.855243E-08  1.076791E-09
   6.622501E+03  3.749648E-08  1.062272E-09
   6.637501E+03  3.758336E-08  1.063686E-09
   6.652501E+03  3.791752E-08  1.067727E-09
   6.667501E+03  3.786740E-08  1.067399E-09
   6.682501E+03  3.657085E-08  1.049222E-09
   6.697501E+03  3.700192E-08  1.054983E-09
   6.712501E+03  3.687828E-08  1.053415E-09
   6.727501E+03  3.679808E-08  1.051986E-09
   6.742501E+03  3.656082E-08  1.049174E-09
   6.757501E+03  3.698521E-08  1.054840E-09
   6.772501E+03  3.638706E-08  1.046400E-09
   6.787501E+03  3.690501E-08  1.053986E-09
   6.802501E+03  3.650067E-08  1.048218E-09
   6.817501E+03  3.587913E-08  1.038709E-09
   6.832501E+03  3.572875E-08  1.036730E-09
   6.847501E+03  3.549150E-08  1.033196E-09
   6.862501E+03  3.543772E-08  1.091438E-09
   6.877501E+03  3.550821E-08  1.033146E-09
   6.892501E+03  3.517070E-08  1.028529E-09
   6.907501E+03  3.553828E-08  1.034457E-09
   6.922501E+03  4.251958E-08  3.014656E-09
   6.937501E+03  4.783456E-08  3.729283E-09
   6.952501E+03  3.473295E-08  1.022324E-09
   6.967501E+03  3.446864E-08  1.078135E-09
   6.982501E+03  3.450237E-08  1.018640E-09
   6.997501E+03  3.403455E-08  1.012027E-09
   7.012501E+03  3.430522E-08  1.015931E-09
   7.027501E+03  3.480646E-08  1.023009E-09
   7.042501E+03  3.373380E-08  1.007361E-09
   7.057501E+03  2.067620E-06  4.614112E-08
   7.072501E+03  3.416153E-08  1.013808E-09
   7.087501E+03  3.392427E-08  1.010193E-09
   7.102501E+03  3.483100E-08  1.388742E-09
   7.117501E+03  3.147819E-08  9.731992E-10
   7.132501E+03  2.944982E-08  9.413083E-10
   7.147501E+03  2.930279E-08  9.384267E-10
   7.162501E+03  2.922928E-08  9.375724E-10
   7.177501E+03  2.891850E-08  9.324785E-10
   7.192501E+03  2.914908E-08  9.361808E-10
   7.207501E+03  2.999785E-08  9.496847E-10
   7.222501E+03  2.919586E-08  9.367157E-10
   7.237501E+03  2.932618E-08  9.392287E-10
   7.252501E+03  2.924932E-08  9.378931E-10
   7.267501E+03  2.940304E-08  9.405624E-10
   7.282501E+03  2.876813E-08  9.303801E-10
   7.297501E+03  2.864783E-08  9.281134E-10
   7.312501E+03  2.896163E-08  9.990884E-10
   7.327501E+03  2.827357E-08  9.218255E-10
   7.342501E+03  2.827691E-08  9.222069E-10
   7.357501E+03  2.876479E-08  9.303262E-10
   7.372501E+03  2.778235E-08  9.143451E-10
   7.387501E+03  2.818334E-08  9.207925E-10
   7.402501E+03  2.858768E-08  9.271406E-10
   7.417501E+03  2.706724E-08  9.020883E-10
   7.432501E+03  2.783916E-08  9.150572E-10
   7.447501E+03  2.781242E-08  9.145089E-10
   7.462501E+03  6.517209E-07  2.557917E-08
   7.477501E+03  1.244398E-06  3.572540E-08
   7.492501E+03  2.724434E-08  9.051404E-10
   7.507501E+03  2.720424E-08  9.048087E-10
   7.522501E+03  2.738469E-08  9.076855E-10
   7.537501E+03  2.717417E-08  9.043098E-10
   7.552501E+03  2.727776E-08  9.059161E-10
   7.567501E+03  2.731118E-08  9.061367E-10
   7.582501E+03  2.699706E-08  9.015894E-10
   7.597501E+03  2.671971E-08  8.965132E-10
   7.612501E+03  2.662280E-08  8.945527E-10
   7.627501E+03  2.633208E-08  8.902273E-10
   7.642501E+03  2.914615E-08  1.842812E-09
   7.657501E+03  2.603133E-08  8.850298E-10
   7.672501E+03  2.672973E-08  8.970171E-10
   7.687501E+03  2.667961E-08  8.958418E-10
   7.702501E+03  2.598789E-08  8.841792E-10
   7.717501E+03  2.589432E-08  8.822482E-10
   7.732501E+03  2.597452E-08  8.838387E-10
   7.747501E+03  2.600794E-08  8.841785E-10
   7.762501E+03  2.564036E-08  8.782611E-10
   7.777501E+03  2.546325E-08  8.752297E-10
   7.792501E+03  2.591103E-08  8.829877E-10
   7.807501E+03  2.525273E-08  8.717278E-10
   7.822501E+03  2.538305E-08  8.744283E-10
   7.837501E+03  2.505557E-08  8.680956E-10
   7.852501E+03  2.523268E-08  8.711519E-10
   7.867501E+03  2.500211E-08  8.679816E-10
   7.882501E+03  2.515248E-08  8.698848E-10
   7.897501E+03  2.471473E-08  8.620663E-10
   7.912501E+03  2.455433E-08  8.596202E-10
   7.927501E+03  2.490854E-08  8.660143E-10
   7.942501E+03  2.488181E-08  8.653187E-10
   7.957501E+03  2.463787E-08  8.609608E-10
   7.972501E+03  2.457104E-08  8.596781E-10
   7.987501E+03  2.454430E-08  8.593282E-10
   8.002501E+03  2.441732E-08  8.569904E-10
   8.017501E+03  2.504889E-08  8.677484E-10
   8.032501E+03  3.086010E-08  2.757475E-09
   8.047501E+03  3.655717E-08  3.649275E-09
   8.062501E+03  2.402301E-08  8.499386E-10
   8.077501E+03  2.457438E-08  8.598533E-10
   8.092501E+03  2.417338E-08  8.529433E-10
   8.107501E+03  2.397288E-08  8.489346E-10
   8.122501E+03  2.376570E-08  8.455016E-10
   8.137501E+03  2.435717E-08  8.560538E-10
   8.152501E+03  2.374565E-08  8.453834E-10
   8.167501E+03  2.356186E-08  8.416366E-10
   8.182501E+03  2.336137E-08  8.388924E-10
   8.197501E+03  2.338476E-08  8.383524E-10
   8.212501E+03  2.352845E-08  8.415183E-10
   8.227501E+03  2.340481E-08  8.393101E-10
   8.242501E+03  2.269972E-08  8.262399E-10
   8.257501E+03  2.486476E-07  1.535963E-08
   8.272501E+03  2.295369E-08  8.308407E-10
   8.287501E+03  2.355852E-08  8.421739E-10
   8.302501E+03  2.274985E-08  8.271500E-10
   8.317501E+03  2.306396E-08  8.334337E-10
   8.332501E+03  2.255269E-08  8.236864E-10
   8.347501E+03  2.216840E-08  8.166533E-10
   8.362501E+03  2.230875E-08  8.191063E-10
   8.377501E+03  2.202137E-08  8.140697E-10
   8.392501E+03  2.165045E-08  8.069520E-10
   8.407501E+03  2.246247E-08  8.217961E-10
   8.422501E+03  2.204476E-08  8.141307E-10
   8.437501E+03  2.181419E-08  8.101163E-10
   8.452501E+03  2.198461E-08  8.136387E-10
   8.467501E+03  2.192446E-08  8.119096E-10
   8.482501E+03  2.168721E-08  8.076355E-10
   8.497501E+03  2.179748E-08  8.094343E-10
   8.512501E+03  2.125614E-08  7.994573E-10
   8.527501E+03  2.173733E-08  8.083180E-10
   8.542501E+03  2.109240E-08  7.965029E-10
   8.557501E+03  2.106232E-08  7.959359E-10
   8.572501E+03  2.133633E-08  8.010873E-10
   8.587501E+03  2.097544E-08  7.945485E-10
   8.602501E+03  2.122940E-08  7.990810E-10
   8.617501E+03  2.080836E-08  7.911313E-10
   8.632501E+03  2.085180E-08  7.917014E-10
   8.647501E+03  2.092866E-08  7.931574E-10
   8.662501E+03  2.054771E-08  7.862975E-10
   8.677501E+03  2.079499E-08  7.912588E-10
   8.692501E+03  2.050427E-08  7.852117E-10
   8.707501E+03  2.027370E-08  7.805334E-10
   8.722501E+03  2.055105E-08  7.864891E-10
   8.737501E+03  2.051429E-08  7.856593E-10
   8.752501E+03  2.056442E-08  7.862331E-10
   8.767501E+03  2.001305E-08  7.758924E-10
   8.782501E+03  1.967888E-08  7.693992E-10
   8.797501E+03  2.012332E-08  7.780233E-10
   8.812501E+03  2.000302E-08  7.758280E-10
   8.827501E+03  2.019684E-08  7.795695E-10
   8.842501E+03  1.977245E-08  7.709621E-10
   8.857501E+03  1.997963E-08  7.748565E-10
   8.872501E+03  1.939150E-08  7.636391E-10
   8.887501E+03  1.923445E-08  7.605449E-10
   8.902501E+03  2.259895E-08  1.891332E-09
   8.917501E+03  1.921440E-08  7.604133E-10
   8.932501E+03  1.957529E-08  7.669821E-10
   8.947501E+03  1.933135E-08  7.623238E-10
   8.962501E+03  1.910078E-08  7.580341E-10
   8.977501E+03  1.913754E-08  7.588943E-10
   8.992501E+03  1.956193E-08  7.667204E-10
   9.007501E+03  1.900053E-08  7.559129E-10
   9.022501E+03  1.867639E-08  7.498491E-10
   9.037501E+03  1.889694E-08  7.538525E-10
   9.052501E+03  1.858617E-08  7.477715E-10
   9.067501E+03  1.902727E-08  7.565766E-10
   9.082501E+03  1.943829E-08  7.649526E-10
   9.097501E+03  1.852268E-08  7.464955E-10
   9.112501E+03  1.850931E-08  7.460919E-10
   9.127501E+03  1.841575E-08  7.440715E-10
   9.142501E+03  1.838233E-08  7.438023E-10
   9.157501E+03  1.803146E-08  7.366850E-10
   9.172501E+03  1.823864E-08  7.407602E-10
   9.187501E+03  1.808492E-08  7.379102E-10
   9.202501E+03  1.838567E-08  7.435995E-10
   9.217501E+03  1.832552E-08  7.425192E-10
   9.232501E+03  1.828542E-08  7.419788E-10
   9.247501E+03  1.795460E-08  7.351167E-10
   9.262501E+03  1.754024E-08  7.266034E-10
   9.277501E+03  1.794123E-08  7.345701E-10
   9.292501E+03  1.796463E-08  7.349114E-10
   9.307501E+03  1.791784E-08  7.340918E-10
   9.322501E+03  1.818852E-08  7.394717E-10
   9.337501E+03  1.825535E-08  7.406919E-10
   9.352501E+03  1.761041E-08  7.277760E-10
   9.367501E+03  1.756697E-08  7.268792E-10
   9.382501E+03  1.779086E-08  7.316271E-10
   9.397501E+03  1.722278E-08  7.198731E-10
   9.412501E+03  1.715929E-08  7.184076E-10
   9.427501E+03  1.712922E-08  7.179187E-10
   9.442501E+03  1.693540E-08  7.134306E-10
   9.457501E+03  1.707575E-08  7.166592E-10
   9.472501E+03  1.716932E-08  7.184772E-10
   9.487501E+03  1.694543E-08  7.142046E-10
   9.502501E+03  1.705570E-08  7.165195E-10
   9.517501E+03  1.747675E-08  7.247356E-10
   9.532501E+03  1.725954E-08  7.207789E-10
   9.547501E+03  1.652438E-08  7.051534E-10
   9.562501E+03  1.670149E-08  7.090569E-10
   9.577501E+03  1.659121E-08  7.065753E-10
   9.592501E+03  1.668478E-08  7.081355E-10
   9.607501E+03  1.725620E-08  7.205698E-10
   9.622501E+03  1.654777E-08  7.052240E-10
   9.637501E+03  1.659790E-08  7.064329E-10
   9.652501E+03  1.638737E-08  7.022295E-10
   9.667501E+03  1.638403E-08  7.018718E-10
   9.682501E+03  1.632388E-08  7.013005E-10
   9.697501E+03  1.597970E-08  6.933111E-10
   9.712501E+03  1.595296E-08  6.925867E-10
   9.727501E+03  1.610668E-08  6.959119E-10
   9.742501E+03  1.588279E-08  6.910634E-10
   9.757501E+03  1.581596E-08  6.897551E-10
   9.772501E+03  1.603984E-08  6.946128E-10
   9.787501E+03  1.554862E-08  6.842034E-10
   9.802501E+03  1.592623E-08  6.924423E-10
   9.817501E+03  1.547177E-08  6.820723E-10
   9.832501E+03  1.567226E-08  6.864730E-10
   9.847501E+03  1.577251E-08  6.885167E-10
   9.862501E+03  1.549516E-08  6.825872E-10
   9.877501E+03  1.539825E-08  6.803039E-10
   9.892501E+03  1.538823E-08  6.802303E-10
   9.907501E+03  1.564887E-08  6.865468E-10
   9.922501E+03  1.513426E-08  6.745997E-10
   9.937501E+03  1.505740E-08  6.728863E-10
   9.952501E+03  1.503401E-08  6.723640E-10
   9.967501E+03  1.532808E-08  6.790490E-10
   9.982501E+03  1.499725E-08  6.715424E-10
   9.997501E+03  1.489032E-08  6.691465E-10
   1.001250E+04  1.493376E-08  6.702709E-10
   1.002750E+04  1.498055E-08  6.711686E-10
   1.004250E+04  1.462299E-08  6.631189E-10
   1.005750E+04  1.504404E-08  6.725879E-10
   1.007250E+04  1.480010E-08  6.672689E-10
   1.008750E+04  1.458958E-08  6.626650E-10
   1.010250E+04  1.448264E-08  6.602368E-10
   1.011750E+04  1.450603E-08  6.607687E-10
   1.013250E+04  1.415850E-08  6.528211E-10
   1.014750E+04  1.433561E-08  6.564242E-10
   1.016250E+04  1.479007E-08  6.673445E-10
   1.017750E+04  1.405157E-08  6.502015E-10
   1.019250E+04  1.444589E-08  6.594000E-10
   1.020750E+04  1.398140E-08  6.484234E-10
   1.022250E+04  1.380429E-08  6.443077E-10
   1.023750E+04  1.373078E-08  6.425915E-10
   1.025250E+04  1.384773E-08  6.453197E-10
   1.026750E+04  1.398474E-08  6.485008E-10
   1.028250E+04  1.339995E-08  6.349695E-10
   1.029750E+04  1.401147E-08  6.489649E-10
   1.031250E+04  1.335651E-08  6.336239E-10
   1.032750E+04  1.390454E-08  6.469513E-10
   1.034250E+04  1.334649E-08  6.337034E-10
   1.035750E+04  1.340664E-08  6.351276E-10
   1.037250E+04  1.334649E-08  6.338620E-10
   1.038750E+04  1.355367E-08  6.384381E-10
   1.040250E+04  1.339661E-08  6.345738E-10
   1.041750E+04  1.356704E-08  6.385952E-10
   1.043250E+04  1.358374E-08  6.389881E-10
   1.044750E+04  1.340998E-08  6.350484E-10
   1.046250E+04  1.299562E-08  6.251702E-10
   1.047750E+04  1.314933E-08  6.291724E-10
   1.049250E+04  1.302569E-08  6.258924E-10
   1.050750E+04  1.282519E-08  6.208998E-10
   1.052250E+04  1.282185E-08  6.211426E-10
   1.053750E+04  1.298225E-08  6.246880E-10
   1.055250E+04  1.295886E-08  6.241253E-10
   1.056750E+04  1.255786E-08  6.143979E-10
   1.058250E+04  1.276170E-08  6.204966E-10
   1.059750E+04  1.250774E-08  6.131711E-10
   1.061250E+04  1.233063E-08  6.091467E-10
   1.062750E+04  1.245427E-08  6.121883E-10
   1.064250E+04  1.276170E-08  6.195241E-10
   1.065750E+04  1.265477E-08  6.167628E-10
   1.067250E+04  1.242754E-08  6.112031E-10
   1.068750E+04  1.252445E-08  6.135804E-10
   1.070250E+04  1.216689E-08  6.047628E-10
   1.071750E+04  1.251442E-08  6.134987E-10
   1.073250E+04  1.197976E-08  6.002638E-10
   1.074750E+04  1.225377E-08  6.069172E-10
   1.076250E+04  1.201318E-08  6.010995E-10
   1.077750E+04  1.209003E-08  6.030173E-10
   1.079250E+04  1.219362E-08  6.055925E-10
   1.080750E+04  1.192629E-08  5.989241E-10
   1.082250E+04  1.192629E-08  5.990919E-10
   1.083750E+04  1.190290E-08  5.983371E-10
   1.085250E+04  1.144510E-08  5.865585E-10
   1.086750E+04  1.169906E-08  5.931970E-10
   1.088250E+04  1.176924E-08  5.949716E-10
   1.089750E+04  1.141168E-08  5.860450E-10
   1.091250E+04  1.106081E-08  5.768057E-10
   1.092750E+04  1.136824E-08  5.847585E-10
   1.094250E+04  1.138161E-08  5.852735E-10
   1.095750E+04  1.133148E-08  5.836411E-10
   1.097250E+04  1.139497E-08  5.854449E-10
   1.098750E+04  1.107418E-08  5.771538E-10
   1.100250E+04  1.143507E-08  5.863016E-10
   1.101750E+04  1.130809E-08  5.830387E-10
   1.103250E+04  1.148186E-08  5.874992E-10
   1.104750E+04  1.072665E-08  5.678580E-10
   1.106250E+04  1.114435E-08  5.789776E-10
   1.107750E+04  1.115772E-08  5.793244E-10
   1.109250E+04  1.058630E-08  5.641324E-10
   1.110750E+04  1.096724E-08  5.741884E-10
   1.112250E+04  1.043927E-08  5.602028E-10
   1.113750E+04  1.081687E-08  5.702402E-10
   1.115250E+04  1.052615E-08  5.628853E-10
   1.116750E+04  1.075338E-08  5.687416E-10
   1.118250E+04  1.053617E-08  5.629744E-10
   1.119750E+04  1.022206E-08  5.543465E-10
   1.121250E+04  1.036909E-08  5.583175E-10
   1.122750E+04  1.027887E-08  5.560649E-10
   1.124250E+04  1.057293E-08  5.641327E-10
   1.125750E+04  1.054620E-08  5.632419E-10
   1.127250E+04  1.028221E-08  5.559744E-10
   1.128750E+04  1.023208E-08  5.547994E-10
   1.130250E+04  1.028555E-08  5.562455E-10
   1.131750E+04  1.019533E-08  5.536215E-10
   1.133250E+04  1.016859E-08  5.532589E-10
   1.134750E+04  1.022540E-08  5.549806E-10
   1.136250E+04  9.567099E-09  5.363002E-10
   1.137750E+04  1.003159E-08  5.491596E-10
   1.139250E+04  1.007837E-08  5.504381E-10
   1.140750E+04  9.854480E-09  5.444769E-10
   1.142250E+04  9.500266E-09  5.348004E-10
   1.143750E+04  9.460167E-09  5.336725E-10
   1.145250E+04  9.804355E-09  5.429068E-10
   1.146750E+04  9.787647E-09  5.428146E-10
   1.148250E+04  9.496925E-09  5.345185E-10
   1.149750E+04  9.653981E-09  5.389154E-10
   1.151250E+04  9.523658E-09  5.350817E-10
   1.152750E+04  9.520316E-09  5.349878E-10
   1.154250E+04  9.510291E-09  5.347062E-10
   1.155750E+04  9.336526E-09  5.298006E-10
   1.157250E+04  9.396676E-09  5.318819E-10
   1.158750E+04  9.443458E-09  5.328248E-10
   1.160250E+04  8.885406E-09  5.170418E-10
   1.161750E+04  9.246302E-09  5.272355E-10
   1.163250E+04  9.059171E-09  5.218749E-10
   1.164750E+04  9.206202E-09  5.260914E-10
   1.166250E+04  9.095929E-09  5.229322E-10
   1.167750E+04  8.745057E-09  5.127507E-10
   1.169250E+04  8.922164E-09  5.179150E-10
   1.170750E+04  9.039121E-09  5.218754E-10
   1.172250E+04  8.868697E-09  5.167505E-10
   1.173750E+04  8.638125E-09  5.096073E-10
   1.175250E+04  8.688249E-09  5.112798E-10
   1.176750E+04  8.925505E-09  5.180120E-10
   1.178250E+04  8.882064E-09  5.169447E-10
   1.179750E+04  8.601367E-09  5.085222E-10
   1.181250E+04  8.450993E-09  5.040590E-10
   1.182750E+04  8.080072E-09  4.928767E-10
   1.184250E+04  8.307303E-09  4.997569E-10
   1.185750E+04  8.394185E-09  5.023626E-10
   1.187250E+04  8.243812E-09  4.978441E-10
   1.188750E+04  8.430943E-09  5.034609E-10
   1.190250E+04  8.340719E-09  5.007607E-10
   1.191750E+04  8.233787E-09  4.975414E-10
   1.193250E+04  8.227104E-09  4.975415E-10
   1.194750E+04  8.273886E-09  4.989525E-10
   1.196250E+04  8.193687E-09  4.963287E-10
   1.197750E+04  7.879574E-09  4.867252E-10
   1.199250E+04  8.003214E-09  4.907326E-10
   1.200750E+04  7.953090E-09  4.891952E-10
   1.202250E+04  7.939723E-09  4.887844E-10
   1.203750E+04  7.852841E-09  4.858991E-10
   1.205250E+04  7.628951E-09  4.791343E-10
   1.206750E+04  7.882915E-09  4.868283E-10
   1.208250E+04  7.745908E-09  4.825805E-10
   1.209750E+04  7.775983E-09  4.835162E-10
   1.211250E+04  7.745908E-09  4.825805E-10
   1.212750E+04  7.525360E-09  4.756628E-10
   1.214250E+04  7.602218E-09  4.782950E-10
   1.215750E+04  7.548752E-09  4.764012E-10
   1.217250E+04  7.314837E-09  4.689642E-10
   1.218750E+04  7.395037E-09  4.715273E-10
   1.220250E+04  7.301471E-09  4.685356E-10
   1.221750E+04  7.147756E-09  4.637956E-10
   1.223250E+04  7.391695E-09  4.716339E-10
   1.224750E+04  7.348254E-09  4.702476E-10
   1.226250E+04  7.278079E-09  4.677847E-10
   1.227750E+04  7.194539E-09  4.650931E-10
   1.229250E+04  6.699977E-09  4.488274E-10
   1.230750E+04  7.177830E-09  4.645528E-10
   1.232250E+04  6.933891E-09  4.570329E-10
   1.233750E+04  6.857034E-09  4.540560E-10
   1.235250E+04  7.000724E-09  4.587875E-10
   1.236750E+04  6.893792E-09  4.552711E-10
   1.238250E+04  6.893792E-09  4.552711E-10
   1.239750E+04  6.893792E-09  4.554918E-10
   1.241250E+04  6.800226E-09  4.521718E-10
   1.242750E+04  6.616436E-09  4.460211E-10
   1.244250E+04  6.740076E-09  4.501681E-10
   1.245750E+04  6.599728E-09  4.456833E-10
   1.247250E+04  6.810251E-09  4.527269E-10
   1.248750E+04  6.556286E-09  4.439897E-10
   1.250250E+04  6.502820E-09  4.421761E-10
   1.251750E+04  6.432646E-09  4.397844E-10
   1.253250E+04  6.569653E-09  4.444419E-10
   1.254750E+04  6.506162E-09  4.425168E-10
   1.256250E+04  6.098483E-09  4.282119E-10
   1.257750E+04  6.435988E-09  4.398986E-10
   1.259250E+04  6.225465E-09  4.326460E-10
   1.260750E+04  6.195390E-09  4.315999E-10
   1.262250E+04  5.861227E-09  4.198017E-10
   1.263750E+04  6.178682E-09  4.310177E-10
   1.265250E+04  5.991550E-09  4.246788E-10
   1.266750E+04  6.265564E-09  4.342683E-10
   1.268250E+04  5.827810E-09  4.188436E-10
   1.269750E+04  5.811102E-09  4.180032E-10
   1.271250E+04  5.821127E-09  4.183635E-10
   1.272750E+04  5.841177E-09  4.190832E-10
   1.274250E+04  5.901326E-09  4.214735E-10
   1.275750E+04  5.804419E-09  4.177628E-10
   1.277250E+04  5.730903E-09  4.151094E-10
   1.278750E+04  5.630654E-09  4.114635E-10
   1.280250E+04  5.466914E-09  4.059335E-10
   1.281750E+04  5.537088E-09  4.080313E-10
   1.283250E+04  5.523721E-09  4.075386E-10
   1.284750E+04  5.493647E-09  4.066751E-10
   1.286250E+04  5.373348E-09  4.019543E-10
   1.287750E+04  5.236341E-09  3.967978E-10
   1.289250E+04  5.603921E-09  4.104858E-10
   1.290750E+04  5.309857E-09  3.995730E-10
   1.292250E+04  5.209608E-09  3.957839E-10
   1.293750E+04  5.152800E-09  3.936205E-10
   1.295250E+04  5.263074E-09  3.978092E-10
   1.296750E+04  5.172850E-09  3.943854E-10
   1.298250E+04  5.196241E-09  3.952759E-10
   1.299750E+04  5.343273E-09  4.008281E-10
   1.301250E+04  4.945619E-09  3.856277E-10
   1.302750E+04  5.119384E-09  3.925984E-10
   1.304250E+04  4.902177E-09  3.839306E-10
   1.305750E+04  5.019135E-09  3.887413E-10
   1.307250E+04  4.855395E-09  3.820946E-10
   1.308750E+04  5.029160E-09  3.888704E-10
   1.310250E+04  4.915544E-09  3.844536E-10
   1.311750E+04  4.688313E-09  3.754641E-10
   1.313250E+04  4.658238E-09  3.742581E-10
   1.314750E+04  4.788562E-09  3.794563E-10
   1.316250E+04  4.852053E-09  3.819631E-10
   1.317750E+04  4.578039E-09  3.710230E-10
   1.319250E+04  4.678288E-09  3.753304E-10
   1.320750E+04  4.648213E-09  3.738552E-10
   1.322250E+04  4.417641E-09  3.644665E-10
   1.323750E+04  4.431007E-09  3.650174E-10
   1.325250E+04  4.344125E-09  3.614217E-10
   1.326750E+04  4.267267E-09  3.582108E-10
   1.328250E+04  4.310708E-09  3.600292E-10
   1.329750E+04  4.354149E-09  3.618384E-10
   1.331250E+04  4.420982E-09  3.646043E-10
   1.332750E+04  4.230509E-09  3.569466E-10
   1.334250E+04  4.019986E-09  3.476788E-10
   1.335750E+04  4.340783E-09  3.615607E-10
   1.337250E+04  4.260584E-09  3.579302E-10
   1.338750E+04  4.056744E-09  3.492644E-10
   1.340250E+04  4.223826E-09  3.563831E-10
   1.341750E+04  3.996595E-09  3.466659E-10
   1.343250E+04  3.999936E-09  3.471004E-10
   1.344750E+04  3.916395E-09  3.431706E-10
   1.346250E+04  3.882979E-09  3.417036E-10
   1.347750E+04  3.903029E-09  3.425846E-10
   1.349250E+04  3.876296E-09  3.414095E-10
   1.350750E+04  3.732605E-09  3.350228E-10
   1.352250E+04  3.538791E-09  3.262102E-10
   1.353750E+04  3.635698E-09  3.306459E-10
   1.355250E+04  3.856246E-09  3.405255E-10
   1.356750E+04  3.705872E-09  3.338211E-10
   1.358250E+04  3.555499E-09  3.269792E-10
   1.359750E+04  3.488666E-09  3.238920E-10
   1.361250E+04  3.284827E-09  3.142885E-10
   1.362750E+04  3.595598E-09  3.288177E-10
   1.364250E+04  3.451908E-09  3.221814E-10
   1.365750E+04  3.455250E-09  3.223373E-10
   1.367250E+04  3.418492E-09  3.206184E-10
   1.368750E+04  3.264777E-09  3.133280E-10
   1.370250E+04  3.381734E-09  3.188902E-10
   1.371750E+04  3.375051E-09  3.185749E-10
   1.373250E+04  2.977396E-09  2.992218E-10
   1.374750E+04  3.201286E-09  3.102667E-10
   1.376250E+04  3.214652E-09  3.112368E-10
   1.377750E+04  3.181236E-09  3.092937E-10
   1.379250E+04  2.930613E-09  2.968620E-10
   1.380750E+04  3.134453E-09  3.070114E-10
   1.382250E+04  2.883830E-09  2.944832E-10
   1.383750E+04  3.007471E-09  3.007290E-10
   1.385250E+04  2.907222E-09  2.956750E-10
   1.386750E+04  2.770215E-09  2.886247E-10
   1.388250E+04  2.740140E-09  2.870538E-10
   1.389750E+04  2.750165E-09  2.875784E-10
   1.391250E+04  2.793606E-09  2.898405E-10
   1.392750E+04  2.726774E-09  2.863529E-10
   1.394250E+04  2.706724E-09  2.852983E-10
   1.395750E+04  2.589767E-09  2.790671E-10
   1.397250E+04  2.442735E-09  2.710302E-10
   1.398750E+04  2.649916E-09  2.822889E-10
   1.400250E+04  2.476151E-09  2.728776E-10
   1.401750E+04  2.496201E-09  2.739800E-10
   1.403250E+04  2.636549E-09  2.815761E-10
   1.404750E+04  2.355852E-09  2.661671E-10
   1.406250E+04  2.268970E-09  2.612134E-10
   1.407750E+04  2.309069E-09  2.635113E-10
   1.409250E+04  2.335802E-09  2.650321E-10
   1.410750E+04  2.355852E-09  2.661671E-10
   1.412250E+04  2.235553E-09  2.592829E-10
   1.413750E+04  2.185429E-09  2.563599E-10
   1.415250E+04  2.128621E-09  2.530064E-10
   1.416750E+04  2.081838E-09  2.502109E-10
   1.418250E+04  2.035055E-09  2.473838E-10
   1.419750E+04  2.228870E-09  2.588951E-10
   1.421250E+04  1.888023E-09  2.382802E-10
   1.422750E+04  1.998297E-09  2.451396E-10
   1.424250E+04  2.021689E-09  2.465701E-10
   1.425750E+04  1.814507E-09  2.335954E-10
   1.427250E+04  1.834557E-09  2.353099E-10
   1.428750E+04  1.928123E-09  2.407972E-10
   1.430250E+04  1.914756E-09  2.399611E-10
   1.431750E+04  1.744333E-09  2.290342E-10
   1.433250E+04  1.794458E-09  2.323014E-10
   1.434750E+04  1.657451E-09  2.232578E-10
   1.436250E+04  1.714258E-09  2.270513E-10
   1.437750E+04  1.710917E-09  2.268299E-10
   1.439250E+04  1.670817E-09  2.241562E-10
   1.440750E+04  1.553860E-09  2.161689E-10
   1.442250E+04  1.466977E-09  2.100389E-10
   1.443750E+04  1.570568E-09  2.173279E-10
   1.445250E+04  1.436903E-09  2.078749E-10
   1.446750E+04  1.456953E-09  2.093200E-10
   1.448250E+04  1.299896E-09  1.977169E-10
   1.449750E+04  1.313262E-09  1.987308E-10
   1.451250E+04  1.336654E-09  2.004927E-10
   1.452750E+04  1.326629E-09  1.997395E-10
   1.454250E+04  1.256454E-09  1.943852E-10
   1.455750E+04  1.269821E-09  1.954164E-10
   1.457250E+04  1.019198E-09  1.750738E-10
   1.458750E+04  1.139497E-09  1.851175E-10
   1.460250E+04  1.129472E-09  1.843014E-10
   1.461750E+04  1.086031E-09  1.807226E-10
   1.463250E+04  1.072665E-09  1.796071E-10
   1.464750E+04  9.523658E-10  1.692366E-10
   1.466250E+04  8.788498E-10  1.625738E-10
   1.467750E+04  9.323160E-10  1.674458E-10
   1.469250E+04  8.688249E-10  1.616439E-10
   1.470750E+04  8.253837E-10  1.575511E-10
   1.472250E+04  8.053339E-10  1.556258E-10
   1.473750E+04  7.552093E-10  1.507051E-10
   1.475250E+04  7.017432E-10  1.452726E-10
   1.476750E+04  6.081774E-10  1.352417E-10
   1.478250E+04  6.716685E-10  1.421256E-10
   1.479750E+04  6.048358E-10  1.348696E-10
   1.481250E+04  6.215440E-10  1.367198E-10
   1.482750E+04  5.547113E-10  1.291604E-10
   1.484250E+04  5.446864E-10  1.279880E-10
   1.485750E+04  4.678288E-10  1.186151E-10
   1.487250E+04  4.410957E-10  1.151764E-10
   1.488750E+04  3.943128E-10  1.088975E-10
   1.490250E+04  2.940638E-10  9.404137E-11
   1.491750E+04  2.806973E-10  9.187924E-11
   1.493250E+04  3.207969E-10  9.822296E-11
   1.494750E+04  2.573058E-10  8.796771E-11
   1.496250E+04  1.470319E-10  6.649749E-11
   1.497750E+04  1.737650E-10  7.229035E-11
   1.499250E+04  9.690739E-11  5.398565E-11
