 #  Results from PENEPMA.
 #  Energy distribution of upbound electrons.
 #  1st column: E (eV).
 #  2nd and 3rd columns: probability density and STU (1/(eV*particle)).

   7.500001E+00  1.000000E-35  1.000000E-35
   2.250000E+01  1.000000E-35  1.000000E-35
   3.750000E+01  1.000000E-35  1.000000E-35
   5.250001E+01  1.000000E-35  1.000000E-35
   6.750001E+01  1.000000E-35  1.000000E-35
   8.250001E+01  1.000000E-35  1.000000E-35
   9.750001E+01  1.103349E-05  9.042004E-07
   1.125000E+02  3.166765E-05  1.536209E-06
   1.275000E+02  2.803460E-05  1.437190E-06
   1.425000E+02  2.561100E-05  1.376743E-06
   1.575000E+02  2.406934E-05  1.325519E-06
   1.725000E+02  2.227765E-05  1.276011E-06
   1.875000E+02  2.101133E-05  1.225015E-06
   2.025000E+02  1.989728E-05  1.200256E-06
   2.175000E+02  1.838377E-05  1.146387E-06
   2.325000E+02  1.655486E-05  1.075418E-06
   2.475000E+02  1.512572E-05  1.023262E-06
   2.625000E+02  1.416750E-05  9.811616E-07
   2.775000E+02  1.312973E-05  9.351915E-07
   2.925000E+02  1.284218E-05  9.198962E-07
   3.075000E+02  1.148199E-05  8.522516E-07
   3.225000E+02  1.065171E-05  8.086170E-07
   3.375000E+02  9.776147E-06  7.564990E-07
   3.525000E+02  9.523877E-06  7.389507E-07
   3.675000E+02  9.071153E-06  7.066720E-07
   3.825000E+02  8.698081E-06  6.763616E-07
   3.975000E+02  8.639143E-06  6.643599E-07
   4.125000E+02  8.577926E-06  6.520040E-07
   4.275000E+02  9.035808E-06  6.719803E-07
   4.425000E+02  8.681622E-06  6.484014E-07
   4.575000E+02  8.786340E-06  6.258461E-07
   4.725000E+02  9.185747E-06  6.432723E-07
   4.875000E+02  9.445327E-06  6.236684E-07
   5.025001E+02  8.519257E-06  6.394990E-07
   5.175001E+02  9.064845E-06  6.310877E-07
   5.325001E+02  8.317443E-06  6.055545E-07
   5.475001E+02  8.814371E-06  6.270002E-07
   5.625001E+02  8.730196E-06  6.330821E-07
   5.775001E+02  7.571747E-06  6.066285E-07
   5.925001E+02  1.154844E-05  6.508291E-07
   6.075001E+02  6.645619E-06  6.051828E-07
   6.225001E+02  6.731233E-06  6.149603E-07
   6.375001E+02  8.859977E-06  6.414271E-07
   6.525001E+02  7.127140E-06  6.187645E-07
   6.675001E+02  6.080061E-06  6.212035E-07
   6.825001E+02  5.471285E-06  5.900009E-07
   6.975001E+02  6.964411E-06  6.083675E-07
   7.125001E+02  5.960492E-06  6.045258E-07
   7.275001E+02  5.765387E-06  6.409228E-07
   7.425001E+02  4.978212E-06  6.105866E-07
   7.575001E+02  5.044861E-06  6.112027E-07
   7.725001E+02  4.977390E-06  5.883447E-07
   7.875001E+02  5.223080E-06  6.210309E-07
   8.025001E+02  4.713920E-06  5.993092E-07
   8.175001E+02  4.833634E-06  6.075654E-07
   8.325001E+02  5.159382E-06  6.101704E-07
   8.475001E+02  4.321356E-06  5.829404E-07
   8.625001E+02  4.523943E-06  5.891242E-07
   8.775001E+02  4.726958E-06  6.120558E-07
   8.925001E+02  4.400652E-06  5.913723E-07
   9.075001E+02  4.433029E-06  5.943747E-07
   9.225001E+02  4.199564E-06  5.773895E-07
   9.375001E+02  4.249314E-06  5.822889E-07
   9.525001E+02  4.449495E-06  5.949628E-07
   9.675001E+02  4.509037E-06  5.991267E-07
   9.825001E+02  4.698455E-06  6.108840E-07
   9.975001E+02  4.562749E-06  6.026753E-07
   1.012500E+03  4.341521E-06  5.877506E-07
   1.027500E+03  4.323427E-06  5.877504E-07
   1.042500E+03  4.554115E-06  6.020857E-07
   1.057500E+03  4.035778E-06  5.680706E-07
   1.072500E+03  4.449501E-06  5.949629E-07
   1.087500E+03  4.373758E-06  5.895669E-07
   1.102500E+03  4.457678E-06  5.955592E-07
   1.117500E+03  4.441967E-06  5.943665E-07
   1.132500E+03  4.450794E-06  5.949640E-07
   1.147500E+03  4.387049E-06  5.907669E-07
   1.162500E+03  4.599987E-06  6.050307E-07
   1.177500E+03  4.511787E-06  5.991292E-07
   1.192500E+03  4.405166E-06  5.919690E-07
   1.207500E+03  4.292849E-06  5.841159E-07
   1.222500E+03  4.360871E-06  5.889601E-07
   1.237500E+03  4.514516E-06  5.991317E-07
   1.252500E+03  4.610943E-06  6.056196E-07
   1.267500E+03  4.675831E-06  6.097155E-07
   1.282500E+03  4.561880E-06  6.020926E-07
   1.297500E+03  4.419996E-06  5.925744E-07
   1.312500E+03  4.446347E-06  5.943705E-07
   1.327500E+03  4.389052E-06  5.907687E-07
   1.342500E+03  4.338137E-06  5.871507E-07
   1.357500E+03  4.366737E-06  5.889653E-07
   1.372500E+03  4.581341E-06  6.032733E-07
   1.387500E+03  4.393454E-06  5.919748E-07
   1.402500E+03  4.396401E-06  5.907754E-07
   1.417500E+03  4.556996E-06  6.015057E-07
   1.432500E+03  4.732696E-06  6.132055E-07
   1.447500E+03  4.527766E-06  5.997284E-07
   1.462500E+03  4.715835E-06  6.132065E-07
   1.477500E+03  4.275373E-06  5.822965E-07
   1.492500E+03  4.576237E-06  6.026874E-07
   1.507500E+03  4.657056E-06  6.079715E-07
   1.522500E+03  4.355732E-06  5.877637E-07
   1.537500E+03  4.203247E-06  5.773927E-07
   1.552500E+03  4.202374E-06  5.773920E-07
   1.567500E+03  4.308200E-06  5.841302E-07
   1.582500E+03  4.494781E-06  5.985446E-07
   1.597500E+03  4.488600E-06  5.967632E-07
   1.612500E+03  4.825284E-06  6.184099E-07
   1.627500E+03  4.439349E-06  5.937741E-07
   1.642500E+03  4.442685E-06  5.937771E-07
   1.657500E+03  4.485364E-06  5.967604E-07
   1.672500E+03  4.599964E-06  6.044670E-07
   1.687500E+03  4.280450E-06  5.829032E-07
   1.702500E+03  4.442112E-06  5.949724E-07
   1.717500E+03  4.486802E-06  5.961739E-07
   1.732500E+03  4.348505E-06  5.883697E-07
   1.747500E+03  4.677270E-06  6.091415E-07
   1.762500E+03  4.308977E-06  5.847309E-07
   1.777500E+03  4.724209E-06  6.126261E-07
   1.792500E+03  4.527764E-06  5.991438E-07
   1.807500E+03  4.370797E-06  5.889691E-07
   1.822500E+03  4.498237E-06  5.973591E-07
   1.837500E+03  4.811224E-06  6.178306E-07
   1.852500E+03  4.672213E-06  6.091373E-07
   1.867500E+03  4.402130E-06  5.907808E-07
   1.882500E+03  4.793027E-06  6.166789E-07
   1.897500E+03  4.699076E-06  6.103108E-07
   1.912500E+03  4.288227E-06  5.835116E-07
   1.927500E+03  4.538639E-06  6.003226E-07
   1.942500E+03  4.529058E-06  5.997299E-07
   1.957500E+03  4.562793E-06  6.032730E-07
   1.972500E+03  4.247418E-06  5.804619E-07
   1.987500E+03  4.763539E-06  6.149454E-07
   2.002500E+03  4.609548E-06  6.050395E-07
   2.017500E+03  4.731059E-06  6.143624E-07
   2.032500E+03  4.626848E-06  6.062125E-07
   2.047500E+03  4.715994E-06  6.103258E-07
   2.062500E+03  4.539576E-06  6.009073E-07
   2.077500E+03  4.727280E-06  6.132010E-07
   2.092500E+03  4.655530E-06  6.085469E-07
   2.107500E+03  4.538760E-06  6.009066E-07
   2.122500E+03  4.914326E-06  6.252525E-07
   2.137500E+03  4.575720E-06  6.032688E-07
   2.152500E+03  4.991957E-06  6.297883E-07
   2.167500E+03  5.052414E-06  6.342772E-07
   2.182500E+03  5.054761E-06  6.342791E-07
   2.197500E+03  4.948444E-06  6.275206E-07
   2.212500E+03  4.864785E-06  6.224000E-07
   2.227500E+03  4.616999E-06  6.062040E-07
   2.242500E+03  5.080611E-06  6.359571E-07
   2.257500E+03  4.890599E-06  6.241098E-07
   2.272500E+03  4.714376E-06  6.126177E-07
   2.287500E+03  4.942657E-06  6.275157E-07
   2.302500E+03  5.124356E-06  6.387442E-07
   2.317500E+03  4.572324E-06  6.032658E-07
   2.332500E+03  4.600268E-06  6.050314E-07
   2.347500E+03  4.966830E-06  6.286680E-07
   2.362500E+03  4.973285E-06  6.292155E-07
   2.377500E+03  4.805376E-06  6.183930E-07
   2.392500E+03  4.920363E-06  6.258183E-07
   2.407500E+03  4.563077E-06  6.026760E-07
   2.422500E+03  4.917956E-06  6.258162E-07
   2.437500E+03  4.849314E-06  6.212592E-07
   2.452500E+03  4.742097E-06  6.143564E-07
   2.467500E+03  4.766601E-06  6.160874E-07
   2.482500E+03  5.014823E-06  6.320307E-07
   2.497500E+03  5.557315E-06  6.654438E-07
   2.512500E+03  5.295472E-06  6.492302E-07
   2.527500E+03  4.708561E-06  6.120403E-07
   2.542500E+03  4.654883E-06  6.097133E-07
   2.557500E+03  5.056027E-06  6.342804E-07
   2.572500E+03  4.921049E-06  6.258190E-07
   2.587500E+03  4.852823E-06  6.212623E-07
   2.602500E+03  5.254944E-06  6.470331E-07
   2.617500E+03  5.152627E-06  6.415214E-07
   2.632500E+03  4.974837E-06  6.292170E-07
   2.647500E+03  4.825402E-06  6.195432E-07
   2.662500E+03  5.023425E-06  6.331615E-07
   2.677500E+03  5.162044E-06  6.409675E-07
   2.692500E+03  5.093907E-06  6.365195E-07
   2.707500E+03  4.902222E-06  6.246814E-07
   2.722500E+03  5.387655E-06  6.546833E-07
   2.737500E+03  4.949666E-06  6.275217E-07
   2.752500E+03  5.419743E-06  6.568480E-07
   2.767500E+03  5.472254E-06  6.600854E-07
   2.782500E+03  5.135206E-06  6.393019E-07
   2.797500E+03  5.418796E-06  6.568473E-07
   2.812500E+03  5.199911E-06  6.431831E-07
   2.827500E+03  5.501738E-06  6.617007E-07
   2.842500E+03  5.288741E-06  6.486845E-07
   2.857500E+03  5.035052E-06  6.326023E-07
   2.872500E+03  5.652424E-06  6.707675E-07
   2.887500E+03  5.283800E-06  6.481396E-07
   2.902500E+03  5.370624E-06  6.546841E-07
   2.917500E+03  5.227142E-06  6.448390E-07
   2.932500E+03  5.667570E-06  6.713023E-07
   2.947500E+03  4.872330E-06  6.224067E-07
   2.962500E+03  5.590635E-06  6.670492E-07
   2.977500E+03  5.426098E-06  6.568532E-07
   2.992500E+03  5.894825E-06  6.849233E-07
   3.007500E+03  5.567670E-06  6.654521E-07
   3.022500E+03  5.442549E-06  6.579336E-07
   3.037500E+03  5.755556E-06  6.765738E-07
   3.052500E+03  5.450619E-06  6.584725E-07
   3.067500E+03  5.506994E-06  6.617049E-07
   3.082500E+03  5.721411E-06  6.744710E-07
   3.097500E+03  5.860214E-06  6.828457E-07
   3.112500E+03  5.416618E-06  6.563120E-07
   3.127500E+03  5.811321E-06  6.807647E-07
   3.142500E+03  5.674437E-06  6.718296E-07
   3.157500E+03  5.846096E-06  6.818071E-07
   3.172500E+03  5.764660E-06  6.770991E-07
   3.187500E+03  6.122532E-06  6.977771E-07
   3.202500E+03  5.906241E-06  6.854440E-07
   3.217500E+03  5.971870E-06  6.890659E-07
   3.232500E+03  5.638699E-06  6.697104E-07
   3.247500E+03  5.698357E-06  6.728914E-07
   3.262500E+03  6.543132E-06  7.213165E-07
   3.277500E+03  6.318062E-06  7.088919E-07
   3.292500E+03  6.114951E-06  6.972687E-07
   3.307500E+03  5.866453E-06  6.828507E-07
   3.322500E+03  6.087310E-06  6.957374E-07
   3.337500E+03  5.903354E-06  6.859670E-07
   3.352500E+03  6.087631E-06  6.957376E-07
   3.367500E+03  6.240785E-06  7.043682E-07
   3.382500E+03  6.132752E-06  6.982872E-07
   3.397500E+03  6.230805E-06  7.038627E-07
   3.412500E+03  6.011920E-06  6.911290E-07
   3.427500E+03  6.160716E-06  6.998131E-07
   3.442500E+03  6.490244E-06  7.183549E-07
   3.457500E+03  6.582601E-06  7.237717E-07
   3.472500E+03  6.526928E-06  7.203317E-07
   3.487500E+03  6.160292E-06  6.998128E-07
   3.502500E+03  6.233725E-06  7.038649E-07
   3.517500E+03  6.180516E-06  7.008295E-07
   3.532500E+03  6.702638E-06  7.311022E-07
   3.547500E+03  6.518678E-06  7.198388E-07
   3.562500E+03  6.561746E-06  7.223016E-07
   3.577500E+03  6.320870E-06  7.084128E-07
   3.592500E+03  6.517202E-06  7.198376E-07
   3.607500E+03  7.051690E-06  7.488706E-07
   3.622500E+03  6.841899E-06  7.373975E-07
   3.637500E+03  6.526965E-06  7.203318E-07
   3.652500E+03  6.481340E-06  7.178602E-07
   3.667500E+03  6.704341E-06  7.301307E-07
   3.682500E+03  6.968103E-06  7.441144E-07
   3.697500E+03  6.806397E-06  7.354677E-07
   3.712500E+03  6.556922E-06  7.218125E-07
   3.727500E+03  6.900935E-06  7.407606E-07
   3.742500E+03  6.335548E-06  7.093994E-07
   3.757500E+03  7.045016E-06  7.483976E-07
   3.772500E+03  7.243319E-06  7.587729E-07
   3.787500E+03  7.319765E-06  7.629733E-07
   3.802500E+03  7.210074E-06  7.568990E-07
   3.817500E+03  6.812933E-06  7.354723E-07
   3.832500E+03  7.236778E-06  7.583060E-07
   3.847500E+03  6.940789E-06  7.426800E-07
   3.862500E+03  7.468373E-06  7.703931E-07
   3.877500E+03  7.278680E-06  7.606435E-07
   3.892500E+03  7.226628E-06  7.578365E-07
   3.907500E+03  7.086833E-06  7.502987E-07
   3.922500E+03  7.258915E-06  7.592457E-07
   3.937500E+03  7.031201E-06  7.474502E-07
   3.952500E+03  7.453821E-06  7.694724E-07
   3.967500E+03  7.646045E-06  7.795629E-07
   3.982500E+03  7.678354E-06  7.813940E-07
   3.997500E+03  7.293166E-06  7.611145E-07
   4.012500E+03  7.292333E-06  7.611140E-07
   4.027500E+03  7.434231E-06  7.685470E-07
   4.042500E+03  7.480743E-06  7.708566E-07
   4.057500E+03  8.011121E-06  7.980321E-07
   4.072500E+03  7.894874E-06  7.922223E-07
   4.087500E+03  7.250928E-06  7.597144E-07
   4.102500E+03  7.319061E-06  7.625132E-07
   4.117500E+03  8.068643E-06  8.007018E-07
   4.132500E+03  7.420776E-06  7.676248E-07
   4.147500E+03  7.927751E-06  7.935829E-07
   4.162500E+03  7.604144E-06  7.772823E-07
   4.177500E+03  8.204670E-06  8.073325E-07
   4.192500E+03  7.890270E-06  7.917765E-07
   4.207500E+03  8.202290E-06  8.082110E-07
   4.222500E+03  7.693780E-06  7.818408E-07
   4.237500E+03  8.081637E-06  8.015857E-07
   4.252500E+03  7.964549E-06  7.953607E-07
   4.267500E+03  8.110668E-06  8.029160E-07
   4.282500E+03  8.276089E-06  8.117221E-07
   4.297500E+03  8.293167E-06  8.117214E-07
   4.312500E+03  7.698673E-06  7.818441E-07
   4.327500E+03  7.760112E-06  7.859233E-07
   4.342500E+03  8.368642E-06  8.152186E-07
   4.357500E+03  8.260618E-06  8.099706E-07
   4.372500E+03  8.713001E-06  8.320416E-07
   4.387500E+03  8.330650E-06  8.139144E-07
   4.402500E+03  8.216439E-06  8.073402E-07
   4.417500E+03  8.252145E-06  8.095320E-07
   4.432500E+03  8.288243E-06  8.112862E-07
   4.447500E+03  8.387889E-06  8.160908E-07
   4.462500E+03  9.088033E-06  8.497888E-07
   4.477500E+03  8.585139E-06  8.256147E-07
   4.492500E+03  8.843441E-06  8.380026E-07
   4.507500E+03  8.577628E-06  8.260461E-07
   4.522500E+03  8.557368E-06  8.243220E-07
   4.537500E+03  8.878526E-06  8.396967E-07
   4.552500E+03  8.872435E-06  8.392750E-07
   4.567500E+03  8.392338E-06  8.160937E-07
   4.582500E+03  9.275229E-06  8.581160E-07
   4.597500E+03  8.051944E-06  7.993881E-07
   4.612500E+03  8.895280E-06  8.405418E-07
   4.627500E+03  9.111223E-06  8.506280E-07
   4.642500E+03  8.951808E-06  8.430762E-07
   4.657500E+03  8.458804E-06  8.191387E-07
   4.672500E+03  8.933524E-06  8.422326E-07
   4.687500E+03  8.574517E-06  8.243328E-07
   4.702500E+03  9.125731E-06  8.514610E-07
   4.717500E+03  9.250132E-06  8.572831E-07
   4.732500E+03  8.717940E-06  8.320448E-07
   4.747500E+03  8.885226E-06  8.401183E-07
   4.762500E+03  9.397304E-06  8.642977E-07
   4.777500E+03  9.310431E-06  8.601782E-07
   4.792500E+03  9.285706E-06  8.573159E-07
   4.807500E+03  9.366287E-06  8.638841E-07
   4.822500E+03  9.570174E-06  8.724778E-07
   4.837500E+03  9.987962E-06  8.914122E-07
   4.852500E+03  9.871721E-06  8.862151E-07
   4.867500E+03  9.290535E-06  8.597583E-07
   4.882500E+03  9.216821E-06  8.560348E-07
   4.897500E+03  9.762571E-06  8.813894E-07
   4.912500E+03  9.709569E-06  8.789677E-07
   4.927500E+03  9.898895E-06  8.874176E-07
   4.942500E+03  9.424339E-06  8.659354E-07
   4.957500E+03  1.008687E-05  8.957864E-07
   4.972500E+03  9.673251E-06  8.773597E-07
   4.987500E+03  1.030808E-05  9.056472E-07
   5.002501E+03  1.023222E-05  9.021120E-07
   5.017501E+03  9.961710E-06  8.898218E-07
   5.032501E+03  1.041685E-05  9.103440E-07
   5.047501E+03  9.960888E-06  8.902261E-07
   5.062501E+03  9.558623E-06  8.716667E-07
   5.077501E+03  1.000854E-05  8.922106E-07
   5.092501E+03  9.931326E-06  8.886210E-07
   5.107501E+03  9.941313E-06  8.890214E-07
   5.122501E+03  9.535683E-06  8.708480E-07
   5.137501E+03  1.021674E-05  9.013253E-07
   5.152501E+03  1.030218E-05  9.052567E-07
   5.167501E+03  1.040612E-05  9.095671E-07
   5.182501E+03  1.064758E-05  9.204352E-07
   5.197501E+03  1.047081E-05  9.122988E-07
   5.212501E+03  1.019492E-05  9.001448E-07
   5.227501E+03  1.070350E-05  9.227498E-07
   5.242501E+03  1.001353E-05  8.926171E-07
   5.257501E+03  1.030880E-05  9.052604E-07
   5.272501E+03  1.084870E-05  9.296567E-07
   5.287501E+03  1.087603E-05  9.300387E-07
   5.302501E+03  1.094657E-05  9.338509E-07
   5.317501E+03  1.105729E-05  9.376498E-07
   5.332501E+03  1.048073E-05  9.123045E-07
   5.347501E+03  1.061358E-05  9.188908E-07
   5.362501E+03  1.084334E-05  9.288989E-07
   5.377501E+03  1.027962E-05  9.040808E-07
   5.392501E+03  1.094041E-05  9.319580E-07
   5.407501E+03  1.127050E-05  9.470701E-07
   5.422501E+03  1.112639E-05  9.410477E-07
   5.437501E+03  1.103516E-05  9.368892E-07
   5.452501E+03  1.101283E-05  9.368869E-07
   5.467501E+03  1.177787E-05  9.682172E-07
   5.482501E+03  1.088288E-05  9.307962E-07
   5.497501E+03  1.155689E-05  9.590006E-07
   5.512501E+03  1.119856E-05  9.422049E-07
   5.527501E+03  1.149297E-05  9.567693E-07
   5.542501E+03  1.142784E-05  9.541648E-07
   5.557501E+03  1.127714E-05  9.478139E-07
   5.572501E+03  1.169939E-05  9.652733E-07
   5.587501E+03  1.144194E-05  9.549072E-07
   5.602501E+03  1.210842E-05  9.824153E-07
   5.617501E+03  1.177493E-05  9.689396E-07
   5.632501E+03  1.166114E-05  9.608935E-07
   5.647501E+03  1.243469E-05  9.953614E-07
   5.662501E+03  1.140057E-05  9.541499E-07
   5.677501E+03  1.214850E-05  9.849315E-07
   5.692501E+03  1.214736E-05  9.849407E-07
   5.707501E+03  1.200377E-05  9.791418E-07
   5.722501E+03  1.246769E-05  9.978321E-07
   5.737501E+03  1.207468E-05  9.820401E-07
   5.752501E+03  1.201915E-05  9.795083E-07
   5.767501E+03  1.161450E-05  9.630453E-07
   5.782501E+03  1.214825E-05  9.849314E-07
   5.797501E+03  1.149143E-05  9.578673E-07
   5.812501E+03  1.198728E-05  9.784165E-07
   5.827501E+03  1.203207E-05  9.802306E-07
   5.842501E+03  1.252978E-05  1.000321E-06
   5.857501E+03  1.242268E-05  9.960502E-07
   5.872501E+03  1.176570E-05  9.692965E-07
   5.887501E+03  1.247657E-05  9.981880E-07
   5.902501E+03  1.275280E-05  1.009161E-06
   5.917501E+03  1.249668E-05  9.989009E-07
   5.932501E+03  1.173667E-05  9.681950E-07
   5.947501E+03  1.251351E-05  9.996114E-07
   5.962501E+03  1.308362E-05  1.022105E-06
   5.977501E+03  1.284902E-05  1.013026E-06
   5.992501E+03  1.267039E-05  1.005987E-06
   6.007501E+03  1.291165E-05  1.015487E-06
   6.022501E+03  1.298392E-05  1.018273E-06
   6.037501E+03  1.289460E-05  1.015478E-06
   6.052501E+03  1.258362E-05  1.002450E-06
   6.067501E+03  1.310418E-05  1.022801E-06
   6.082501E+03  1.291322E-05  1.015479E-06
   6.097501E+03  1.324227E-05  1.028342E-06
   6.112501E+03  1.356286E-05  1.040705E-06
   6.127501E+03  1.311735E-05  1.023493E-06
   6.142501E+03  1.320372E-05  1.026616E-06
   6.157501E+03  1.317781E-05  1.025919E-06
   6.172501E+03  1.282078E-05  1.011626E-06
   6.187501E+03  1.372150E-05  1.046830E-06
   6.202501E+03  1.371021E-05  1.047169E-06
   6.217501E+03  1.335464E-05  1.032821E-06
   6.232501E+03  1.334743E-05  1.032478E-06
   6.247501E+03  1.347248E-05  1.037284E-06
   6.262501E+03  1.374608E-05  1.047847E-06
   6.277501E+03  1.364800E-05  1.043775E-06
   6.292501E+03  1.397140E-05  1.055626E-06
   6.307501E+03  1.357065E-05  1.041382E-06
   6.322501E+03  1.384436E-05  1.051903E-06
   6.337501E+03  1.391581E-05  1.054602E-06
   6.352501E+03  1.399735E-05  1.057630E-06
   6.367501E+03  1.387027E-05  1.052916E-06
   6.382501E+03  1.320278E-05  1.027298E-06
   6.397501E+03  1.440369E-05  1.072969E-06
   6.412501E+03  1.420134E-05  1.065327E-06
   6.427501E+03  1.410529E-05  1.061654E-06
   6.442501E+03  1.372667E-05  1.047503E-06
   6.457501E+03  1.451891E-05  1.077264E-06
   6.472501E+03  1.455234E-05  1.078581E-06
   6.487501E+03  1.414463E-05  1.063323E-06
   6.502501E+03  1.464122E-05  1.081870E-06
   6.517501E+03  1.449866E-05  1.076603E-06
   6.532501E+03  1.445481E-05  1.074952E-06
   6.547501E+03  1.413619E-05  1.062659E-06
   6.562501E+03  1.383819E-05  1.051567E-06
   6.577501E+03  1.502122E-05  1.095898E-06
   6.592501E+03  1.464806E-05  1.082197E-06
   6.607501E+03  1.502103E-05  1.095897E-06
   6.622501E+03  1.472789E-05  1.085148E-06
   6.637501E+03  1.504733E-05  1.096869E-06
   6.652501E+03  1.525140E-05  1.104293E-06
   6.667501E+03  1.535834E-05  1.108147E-06
   6.682501E+03  1.482579E-05  1.088743E-06
   6.697501E+03  1.520804E-05  1.102684E-06
   6.712501E+03  1.458645E-05  1.079897E-06
   6.727501E+03  1.490480E-05  1.091675E-06
   6.742501E+03  1.525200E-05  1.104293E-06
   6.757501E+03  1.643457E-05  1.146279E-06
   6.772501E+03  1.559812E-05  1.116768E-06
   6.787501E+03  1.563474E-05  1.118041E-06
   6.802501E+03  1.562598E-05  1.117723E-06
   6.817501E+03  1.566092E-05  1.118993E-06
   6.832501E+03  1.567844E-05  1.119628E-06
   6.847501E+03  1.547501E-05  1.112307E-06
   6.862501E+03  1.601660E-05  1.131620E-06
   6.877501E+03  1.566247E-05  1.118994E-06
   6.892501E+03  1.538529E-05  1.109108E-06
   6.907501E+03  1.551022E-05  1.113583E-06
   6.922501E+03  1.600898E-05  1.131315E-06
   6.937501E+03  1.666476E-05  1.154308E-06
   6.952501E+03  1.582223E-05  1.124693E-06
   6.967501E+03  1.598073E-05  1.130364E-06
   6.982501E+03  1.600666E-05  1.131306E-06
   6.997501E+03  1.566057E-05  1.118993E-06
   7.012501E+03  1.562500E-05  1.117722E-06
   7.027501E+03  1.664652E-05  1.153692E-06
   7.042501E+03  1.593542E-05  1.128791E-06
   7.057501E+03  1.632789E-05  1.142555E-06
   7.072501E+03  1.586396E-05  1.126270E-06
   7.087501E+03  1.613165E-05  1.135694E-06
   7.102501E+03  1.671830E-05  1.156153E-06
   7.117501E+03  1.625571E-05  1.140064E-06
   7.132501E+03  1.764199E-05  1.187676E-06
   7.147501E+03  1.692186E-05  1.163198E-06
   7.162501E+03  1.652209E-05  1.149374E-06
   7.177501E+03  1.656771E-05  1.150918E-06
   7.192501E+03  1.692209E-05  1.163198E-06
   7.207501E+03  1.695826E-05  1.164419E-06
   7.222501E+03  1.681665E-05  1.159528E-06
   7.237501E+03  1.665585E-05  1.154000E-06
   7.252501E+03  1.649615E-05  1.148446E-06
   7.267501E+03  1.686909E-05  1.161364E-06
   7.282501E+03  1.781148E-05  1.193346E-06
   7.297501E+03  1.693135E-05  1.163504E-06
   7.312501E+03  1.655759E-05  1.150609E-06
   7.327501E+03  1.652195E-05  1.149374E-06
   7.342501E+03  1.753564E-05  1.184082E-06
   7.357501E+03  1.709310E-05  1.168987E-06
   7.372501E+03  1.814741E-05  1.204603E-06
   7.387501E+03  1.803211E-05  1.200763E-06
   7.402501E+03  1.791636E-05  1.196912E-06
   7.417501E+03  1.750803E-05  1.183181E-06
   7.432501E+03  1.780995E-05  1.193345E-06
   7.447501E+03  1.797854E-05  1.198987E-06
   7.462501E+03  1.800525E-05  1.199876E-06
   7.477501E+03  1.777404E-05  1.192154E-06
   7.492501E+03  1.788070E-05  1.195724E-06
   7.507501E+03  1.731189E-05  1.176558E-06
   7.522501E+03  1.844081E-05  1.214295E-06
   7.537501E+03  1.739222E-05  1.179272E-06
   7.552501E+03  1.900946E-05  1.232874E-06
   7.567501E+03  1.852946E-05  1.217216E-06
   7.582501E+03  1.835183E-05  1.211366E-06
   7.597501E+03  1.815640E-05  1.204898E-06
   7.612501E+03  1.843169E-05  1.214002E-06
   7.627501E+03  1.853855E-05  1.217508E-06
   7.642501E+03  1.882280E-05  1.226809E-06
   7.657501E+03  1.948057E-05  1.248050E-06
   7.672501E+03  1.905390E-05  1.234313E-06
   7.687501E+03  1.885850E-05  1.227966E-06
   7.702501E+03  1.965820E-05  1.253729E-06
   7.717501E+03  1.940047E-05  1.245486E-06
   7.732501E+03  1.885886E-05  1.227966E-06
   7.747501E+03  1.927593E-05  1.241487E-06
   7.762501E+03  1.883158E-05  1.227098E-06
   7.777501E+03  1.884046E-05  1.227387E-06
   7.792501E+03  1.879614E-05  1.225940E-06
   7.807501E+03  1.912486E-05  1.236613E-06
   7.822501E+03  1.921367E-05  1.239482E-06
   7.837501E+03  1.942724E-05  1.246341E-06
   7.852501E+03  1.988022E-05  1.260792E-06
   7.867501E+03  1.977374E-05  1.257407E-06
   7.882501E+03  1.956932E-05  1.250893E-06
   7.897501E+03  1.924940E-05  1.240628E-06
   7.912501E+03  1.923160E-05  1.240055E-06
   7.927501E+03  1.945376E-05  1.247196E-06
   7.942501E+03  1.981801E-05  1.258818E-06
   7.957501E+03  2.002242E-05  1.265291E-06
   7.972501E+03  1.987134E-05  1.260510E-06
   7.987501E+03  2.037838E-05  1.276471E-06
   8.002501E+03  2.086704E-05  1.291684E-06
   8.017501E+03  2.003142E-05  1.265572E-06
   8.032501E+03  1.999576E-05  1.264449E-06
   8.047501E+03  2.036913E-05  1.276192E-06
   8.062501E+03  2.047576E-05  1.279528E-06
   8.077501E+03  2.002254E-05  1.265291E-06
   8.092501E+03  2.077805E-05  1.288931E-06
   8.107501E+03  2.035149E-05  1.275636E-06
   8.122501E+03  2.064451E-05  1.284791E-06
   8.137501E+03  2.011153E-05  1.268095E-06
   8.152501E+03  2.115118E-05  1.300453E-06
   8.167501E+03  2.107111E-05  1.297993E-06
   8.182501E+03  2.048453E-05  1.279805E-06
   8.197501E+03  2.084890E-05  1.291134E-06
   8.212501E+03  2.134670E-05  1.306448E-06
   8.227501E+03  2.008465E-05  1.267255E-06
   8.242501E+03  2.122215E-05  1.302636E-06
   8.257501E+03  2.139992E-05  1.308078E-06
   8.272501E+03  2.145321E-05  1.309706E-06
   8.287501E+03  2.166650E-05  1.316198E-06
   8.302501E+03  2.205752E-05  1.328019E-06
   8.317501E+03  2.110663E-05  1.299087E-06
   8.332501E+03  2.163096E-05  1.315119E-06
   8.347501E+03  2.110661E-05  1.299087E-06
   8.362501E+03  2.176426E-05  1.319163E-06
   8.377501E+03  2.108886E-05  1.298540E-06
   8.392501E+03  2.216417E-05  1.331224E-06
   8.407501E+03  2.133767E-05  1.306176E-06
   8.422501E+03  2.121327E-05  1.302364E-06
   8.437501E+03  2.212861E-05  1.330156E-06
   8.452501E+03  2.207530E-05  1.328553E-06
   8.467501E+03  2.168427E-05  1.316738E-06
   8.482501E+03  2.198643E-05  1.325877E-06
   8.497501E+03  2.239525E-05  1.338143E-06
   8.512501E+03  2.142653E-05  1.308892E-06
   8.527501E+03  2.194199E-05  1.324537E-06
   8.542501E+03  2.238635E-05  1.337877E-06
   8.557501E+03  2.313287E-05  1.359994E-06
   8.572501E+03  2.251968E-05  1.341853E-06
   8.587501E+03  2.259962E-05  1.344233E-06
   8.602501E+03  2.226192E-05  1.334156E-06
   8.617501E+03  2.212862E-05  1.330156E-06
   8.632501E+03  2.280402E-05  1.350297E-06
   8.647501E+03  2.252853E-05  1.342118E-06
   8.662501E+03  2.269737E-05  1.347137E-06
   8.677501E+03  2.277737E-05  1.349507E-06
   8.692501E+03  2.267960E-05  1.346609E-06
   8.707501E+03  2.363942E-05  1.374798E-06
   8.722501E+03  2.319506E-05  1.361820E-06
   8.737501E+03  2.329283E-05  1.364686E-06
   8.752501E+03  2.289291E-05  1.352924E-06
   8.767501E+03  2.280403E-05  1.350297E-06
   8.782501E+03  2.370161E-05  1.376605E-06
   8.797501E+03  2.299955E-05  1.356071E-06
   8.812501E+03  2.324837E-05  1.363384E-06
   8.827501E+03  2.412817E-05  1.388933E-06
   8.842501E+03  2.408374E-05  1.387654E-06
   8.857501E+03  2.325726E-05  1.363645E-06
   8.872501E+03  2.364829E-05  1.375056E-06
   8.887501E+03  2.421707E-05  1.391488E-06
   8.902501E+03  2.394156E-05  1.383553E-06
   8.917501E+03  2.450146E-05  1.399631E-06
   8.932501E+03  2.438589E-05  1.396329E-06
   8.947501E+03  2.403042E-05  1.386118E-06
   8.962501E+03  2.399486E-05  1.385093E-06
   8.977501E+03  2.523015E-05  1.420285E-06
   8.992501E+03  2.388825E-05  1.382012E-06
   9.007501E+03  2.481247E-05  1.408484E-06
   9.022501E+03  2.464362E-05  1.403685E-06
   9.037501E+03  2.487468E-05  1.410248E-06
   9.052501E+03  2.443922E-05  1.397854E-06
   9.067501E+03  2.536345E-05  1.424031E-06
   9.082501E+03  2.500798E-05  1.414020E-06
   9.097501E+03  2.404821E-05  1.386630E-06
   9.112501E+03  2.437704E-05  1.396075E-06
   9.127501E+03  2.469694E-05  1.405203E-06
   9.142501E+03  2.505242E-05  1.415276E-06
   9.157501E+03  2.539013E-05  1.424779E-06
   9.172501E+03  2.572785E-05  1.434219E-06
   9.187501E+03  2.491022E-05  1.411255E-06
   9.202501E+03  2.605667E-05  1.443352E-06
   9.217501E+03  2.498132E-05  1.413267E-06
   9.232501E+03  2.617219E-05  1.446547E-06
   9.247501E+03  2.503465E-05  1.414774E-06
   9.262501E+03  2.579004E-05  1.435952E-06
   9.277501E+03  2.566563E-05  1.432485E-06
   9.292501E+03  2.536346E-05  1.424031E-06
   9.307501E+03  2.541677E-05  1.425527E-06
   9.322501E+03  2.625216E-05  1.448755E-06
   9.337501E+03  2.603002E-05  1.442614E-06
   9.352501E+03  2.582559E-05  1.436941E-06
   9.367501E+03  2.552343E-05  1.428513E-06
   9.382501E+03  2.636770E-05  1.451938E-06
   9.397501E+03  2.622550E-05  1.448019E-06
   9.412501E+03  2.653656E-05  1.456577E-06
   9.427501E+03  2.605665E-05  1.443352E-06
   9.442501E+03  2.689202E-05  1.466297E-06
   9.457501E+03  2.703420E-05  1.470167E-06
   9.472501E+03  2.644765E-05  1.454137E-06
   9.487501E+03  2.619883E-05  1.447283E-06
   9.502501E+03  2.596777E-05  1.440889E-06
   9.517501E+03  2.727414E-05  1.476674E-06
   9.532501E+03  2.697202E-05  1.468475E-06
   9.547501E+03  2.642988E-05  1.453649E-06
   9.562501E+03  2.671427E-05  1.461445E-06
   9.577501E+03  2.578114E-05  1.435704E-06
   9.592501E+03  2.731860E-05  1.477876E-06
   9.607501E+03  2.731860E-05  1.477876E-06
   9.622501E+03  2.666983E-05  1.460230E-06
   9.637501E+03  2.829615E-05  1.504075E-06
   9.652501E+03  2.750524E-05  1.482914E-06
   9.667501E+03  2.736302E-05  1.479077E-06
   9.682501E+03  2.877605E-05  1.516770E-06
   9.697501E+03  2.764741E-05  1.486740E-06
   9.712501E+03  2.771853E-05  1.488650E-06
   9.727501E+03  2.712309E-05  1.472580E-06
   9.742501E+03  2.842945E-05  1.507612E-06
   9.757501E+03  2.820730E-05  1.501712E-06
   9.772501E+03  2.788735E-05  1.493175E-06
   9.787501E+03  2.793181E-05  1.494364E-06
   9.802501E+03  2.828726E-05  1.503839E-06
   9.817501E+03  2.873160E-05  1.515599E-06
   9.832501E+03  2.768295E-05  1.487695E-06
   9.847501E+03  2.820728E-05  1.501712E-06
   9.862501E+03  2.805620E-05  1.497687E-06
   9.877501E+03  2.850055E-05  1.509495E-06
   9.892501E+03  2.861608E-05  1.512550E-06
   9.907501E+03  2.887381E-05  1.519343E-06
   9.922501E+03  2.802955E-05  1.496975E-06
   9.937501E+03  2.777181E-05  1.490080E-06
   9.952501E+03  2.803844E-05  1.497213E-06
   9.967501E+03  2.870496E-05  1.514896E-06
   9.982501E+03  2.919371E-05  1.527734E-06
   9.997501E+03  2.959366E-05  1.538158E-06
   1.001250E+04  2.939812E-05  1.533070E-06
   1.002750E+04  2.964696E-05  1.539542E-06
   1.004250E+04  2.869605E-05  1.514662E-06
   1.005750E+04  2.974472E-05  1.542077E-06
   1.007250E+04  2.886494E-05  1.519110E-06
   1.008750E+04  2.973585E-05  1.541847E-06
   1.010250E+04  2.989581E-05  1.545987E-06
   1.011750E+04  2.922038E-05  1.528431E-06
   1.013250E+04  3.090891E-05  1.571952E-06
   1.014750E+04  2.993135E-05  1.546905E-06
   1.016250E+04  2.958475E-05  1.537927E-06
   1.017750E+04  3.027796E-05  1.555831E-06
   1.019250E+04  3.003800E-05  1.549657E-06
   1.020750E+04  2.940701E-05  1.533302E-06
   1.022250E+04  2.978026E-05  1.542998E-06
   1.023750E+04  3.017131E-05  1.553090E-06
   1.025250E+04  2.995802E-05  1.547594E-06
   1.026750E+04  2.962030E-05  1.538850E-06
   1.028250E+04  3.026905E-05  1.555603E-06
   1.029750E+04  3.052678E-05  1.562209E-06
   1.031250E+04  3.023350E-05  1.554690E-06
   1.032750E+04  3.146880E-05  1.586118E-06
   1.034250E+04  3.067786E-05  1.566068E-06
   1.035750E+04  3.090892E-05  1.571952E-06
   1.037250E+04  3.137105E-05  1.583654E-06
   1.038750E+04  3.013575E-05  1.552176E-06
   1.040250E+04  3.022462E-05  1.554461E-06
   1.041750E+04  3.129105E-05  1.581635E-06
   1.043250E+04  3.090891E-05  1.571952E-06
   1.044750E+04  3.066009E-05  1.565614E-06
   1.046250E+04  3.072229E-05  1.567201E-06
   1.047750E+04  3.111332E-05  1.577138E-06
   1.049250E+04  3.112221E-05  1.577364E-06
   1.050750E+04  3.134439E-05  1.582981E-06
   1.052250E+04  3.086448E-05  1.570822E-06
   1.053750E+04  3.134438E-05  1.582981E-06
   1.055250E+04  3.058900E-05  1.563799E-06
   1.056750E+04  3.176208E-05  1.593488E-06
   1.058250E+04  3.174429E-05  1.593043E-06
   1.059750E+04  3.163765E-05  1.590366E-06
   1.061250E+04  3.177095E-05  1.593711E-06
   1.062750E+04  3.122885E-05  1.580062E-06
   1.064250E+04  3.159320E-05  1.589249E-06
   1.065750E+04  3.155766E-05  1.588355E-06
   1.067250E+04  3.241081E-05  1.609672E-06
   1.068750E+04  3.306845E-05  1.625913E-06
   1.070250E+04  3.211753E-05  1.602376E-06
   1.071750E+04  3.175319E-05  1.593266E-06
   1.073250E+04  3.161098E-05  1.589696E-06
   1.074750E+04  3.236637E-05  1.608569E-06
   1.076250E+04  3.233972E-05  1.607906E-06
   1.077750E+04  3.218865E-05  1.604148E-06
   1.079250E+04  3.217086E-05  1.603705E-06
   1.080750E+04  3.220641E-05  1.604591E-06
   1.082250E+04  3.289070E-05  1.621539E-06
   1.083750E+04  3.186872E-05  1.596160E-06
   1.085250E+04  3.359278E-05  1.638746E-06
   1.086750E+04  3.363723E-05  1.639829E-06
   1.088250E+04  3.351280E-05  1.636795E-06
   1.089750E+04  3.289960E-05  1.621758E-06
   1.091250E+04  3.208199E-05  1.601490E-06
   1.092750E+04  3.281072E-05  1.619568E-06
   1.094250E+04  3.335282E-05  1.632886E-06
   1.095750E+04  3.325506E-05  1.630492E-06
   1.097250E+04  3.384161E-05  1.644801E-06
   1.098750E+04  3.409044E-05  1.650834E-06
   1.100250E+04  3.422375E-05  1.654057E-06
   1.101750E+04  3.283738E-05  1.620225E-06
   1.103250E+04  3.413488E-05  1.651909E-06
   1.104750E+04  3.328172E-05  1.631145E-06
   1.106250E+04  3.436594E-05  1.657487E-06
   1.107750E+04  3.403713E-05  1.649543E-06
   1.109250E+04  3.484583E-05  1.669014E-06
   1.110750E+04  3.332617E-05  1.632233E-06
   1.112250E+04  3.438371E-05  1.657916E-06
   1.113750E+04  3.463256E-05  1.663901E-06
   1.115250E+04  3.445481E-05  1.659628E-06
   1.116750E+04  3.342393E-05  1.634624E-06
   1.118250E+04  3.385049E-05  1.645017E-06
   1.119750E+04  3.461478E-05  1.663474E-06
   1.121250E+04  3.376162E-05  1.642857E-06
   1.122750E+04  3.434816E-05  1.657059E-06
   1.124250E+04  3.449924E-05  1.660697E-06
   1.125750E+04  3.430374E-05  1.655987E-06
   1.127250E+04  3.485472E-05  1.669227E-06
   1.128750E+04  3.449037E-05  1.660484E-06
   1.130250E+04  3.418821E-05  1.653198E-06
   1.131750E+04  3.526352E-05  1.678982E-06
   1.133250E+04  3.462367E-05  1.663688E-06
   1.134750E+04  3.467698E-05  1.664968E-06
   1.136250E+04  3.499692E-05  1.672626E-06
   1.137750E+04  3.552124E-05  1.685103E-06
   1.139250E+04  3.432151E-05  1.656416E-06
   1.140750E+04  3.521909E-05  1.677924E-06
   1.142250E+04  3.528130E-05  1.679405E-06
   1.143750E+04  3.468586E-05  1.665181E-06
   1.145250E+04  3.571676E-05  1.689732E-06
   1.146750E+04  3.504136E-05  1.673687E-06
   1.148250E+04  3.549458E-05  1.684471E-06
   1.149750E+04  3.632995E-05  1.704167E-06
   1.151250E+04  3.517465E-05  1.676866E-06
   1.152750E+04  3.493471E-05  1.671140E-06
   1.154250E+04  3.456145E-05  1.662193E-06
   1.155750E+04  3.562789E-05  1.687629E-06
   1.157250E+04  3.617000E-05  1.700413E-06
   1.158750E+04  3.621444E-05  1.701457E-06
   1.160250E+04  3.528129E-05  1.679405E-06
   1.161750E+04  3.662323E-05  1.711028E-06
   1.163250E+04  3.619666E-05  1.701039E-06
   1.164750E+04  3.473030E-05  1.666246E-06
   1.166250E+04  3.569898E-05  1.689311E-06
   1.167750E+04  3.495248E-05  1.671565E-06
   1.169250E+04  3.585008E-05  1.692880E-06
   1.170750E+04  3.585894E-05  1.693090E-06
   1.172250E+04  3.587671E-05  1.693509E-06
   1.173750E+04  3.715644E-05  1.723432E-06
   1.175250E+04  3.691649E-05  1.717861E-06
   1.176750E+04  3.616110E-05  1.700204E-06
   1.178250E+04  3.634773E-05  1.704584E-06
   1.179750E+04  3.505911E-05  1.674112E-06
   1.181250E+04  3.649881E-05  1.708121E-06
   1.182750E+04  3.637439E-05  1.705208E-06
   1.184250E+04  3.587673E-05  1.693509E-06
   1.185750E+04  3.585006E-05  1.692880E-06
   1.187250E+04  3.603669E-05  1.697279E-06
   1.188750E+04  3.731642E-05  1.727136E-06
   1.190250E+04  3.626774E-05  1.702708E-06
   1.191750E+04  3.693427E-05  1.718275E-06
   1.193250E+04  3.679207E-05  1.714966E-06
   1.194750E+04  3.659657E-05  1.710405E-06
   1.196250E+04  3.681873E-05  1.715587E-06
   1.197750E+04  3.741416E-05  1.729395E-06
   1.199250E+04  3.691650E-05  1.717861E-06
   1.200750E+04  3.686317E-05  1.716621E-06
   1.202250E+04  3.754747E-05  1.732472E-06
   1.203750E+04  3.699647E-05  1.719720E-06
   1.205250E+04  3.658769E-05  1.710198E-06
   1.206750E+04  3.773410E-05  1.736769E-06
   1.208250E+04  3.728974E-05  1.726519E-06
   1.209750E+04  3.749415E-05  1.731242E-06
   1.211250E+04  3.707647E-05  1.721577E-06
   1.212750E+04  3.791183E-05  1.740853E-06
   1.214250E+04  3.731642E-05  1.727136E-06
   1.215750E+04  3.673875E-05  1.713723E-06
   1.217250E+04  3.674764E-05  1.713930E-06
   1.218750E+04  3.698758E-05  1.719514E-06
   1.220250E+04  3.758302E-05  1.733291E-06
   1.221750E+04  3.711201E-05  1.722402E-06
   1.223250E+04  3.869390E-05  1.758706E-06
   1.224750E+04  3.706758E-05  1.721371E-06
   1.226250E+04  3.806291E-05  1.744316E-06
   1.227750E+04  3.728086E-05  1.726313E-06
   1.229250E+04  3.769855E-05  1.735952E-06
   1.230750E+04  3.786740E-05  1.739833E-06
   1.232250E+04  3.770744E-05  1.736156E-06
   1.233750E+04  3.726308E-05  1.725902E-06
   1.235250E+04  3.824954E-05  1.748585E-06
   1.236750E+04  3.774297E-05  1.736974E-06
   1.238250E+04  3.714755E-05  1.723226E-06
   1.239750E+04  3.804513E-05  1.743909E-06
   1.241250E+04  3.766299E-05  1.735133E-06
   1.242750E+04  3.811623E-05  1.745537E-06
   1.244250E+04  3.808068E-05  1.744723E-06
   1.245750E+04  3.814290E-05  1.746147E-06
   1.247250E+04  3.800071E-05  1.742891E-06
   1.248750E+04  3.854281E-05  1.755271E-06
   1.250250E+04  3.798294E-05  1.742483E-06
   1.251750E+04  3.938707E-05  1.774380E-06
   1.253250E+04  3.844505E-05  1.753045E-06
   1.254750E+04  3.918267E-05  1.769773E-06
   1.256250E+04  3.939595E-05  1.774580E-06
   1.257750E+04  3.837395E-05  1.751424E-06
   1.259250E+04  3.843616E-05  1.752843E-06
   1.260750E+04  3.808957E-05  1.744926E-06
   1.262250E+04  3.890717E-05  1.763544E-06
   1.263750E+04  3.930709E-05  1.772579E-06
   1.265250E+04  3.886273E-05  1.762537E-06
   1.266750E+04  3.822287E-05  1.747975E-06
   1.268250E+04  3.864946E-05  1.757697E-06
   1.269750E+04  3.889829E-05  1.763342E-06
   1.271250E+04  3.850726E-05  1.754462E-06
   1.272750E+04  3.889828E-05  1.763342E-06
   1.274250E+04  3.788517E-05  1.740241E-06
   1.275750E+04  3.779630E-05  1.738200E-06
   1.277250E+04  3.918267E-05  1.769773E-06
   1.278750E+04  3.827620E-05  1.749193E-06
   1.280250E+04  3.863168E-05  1.757293E-06
   1.281750E+04  3.811623E-05  1.745537E-06
   1.283250E+04  3.868500E-05  1.758504E-06
   1.284750E+04  3.875609E-05  1.760119E-06
   1.286250E+04  3.902271E-05  1.766159E-06
   1.287750E+04  3.765411E-05  1.734929E-06
   1.289250E+04  3.928043E-05  1.771978E-06
   1.290750E+04  3.765411E-05  1.734929E-06
   1.292250E+04  3.847171E-05  1.753653E-06
   1.293750E+04  3.868499E-05  1.758504E-06
   1.295250E+04  3.830286E-05  1.749802E-06
   1.296750E+04  3.926265E-05  1.771577E-06
   1.298250E+04  3.764522E-05  1.734724E-06
   1.299750E+04  3.839173E-05  1.751830E-06
   1.301250E+04  3.783185E-05  1.739016E-06
   1.302750E+04  3.897827E-05  1.765153E-06
   1.304250E+04  3.883608E-05  1.761933E-06
   1.305750E+04  3.805402E-05  1.744112E-06
   1.307250E+04  3.882719E-05  1.761731E-06
   1.308750E+04  3.891606E-05  1.763745E-06
   1.310250E+04  3.823176E-05  1.748178E-06
   1.311750E+04  3.881830E-05  1.761530E-06
   1.313250E+04  3.858724E-05  1.756282E-06
   1.314750E+04  3.763633E-05  1.734520E-06
   1.316250E+04  3.910269E-05  1.767967E-06
   1.317750E+04  3.808068E-05  1.744723E-06
   1.319250E+04  3.779630E-05  1.738200E-06
   1.320750E+04  3.887162E-05  1.762738E-06
   1.322250E+04  3.824953E-05  1.748585E-06
   1.323750E+04  3.798293E-05  1.742483E-06
   1.325250E+04  3.798292E-05  1.742483E-06
   1.326750E+04  3.819621E-05  1.747366E-06
   1.328250E+04  3.747637E-05  1.730832E-06
   1.329750E+04  3.814289E-05  1.746147E-06
   1.331250E+04  3.733418E-05  1.727547E-06
   1.332750E+04  3.831174E-05  1.750005E-06
   1.334250E+04  3.667654E-05  1.712272E-06
   1.335750E+04  3.856058E-05  1.755676E-06
   1.337250E+04  3.753858E-05  1.732267E-06
   1.338750E+04  3.772520E-05  1.736565E-06
   1.340250E+04  3.745859E-05  1.730421E-06
   1.341750E+04  3.755635E-05  1.732677E-06
   1.343250E+04  3.775187E-05  1.737178E-06
   1.344750E+04  3.722753E-05  1.725079E-06
   1.346250E+04  3.770743E-05  1.736156E-06
   1.347750E+04  3.803625E-05  1.743705E-06
   1.349250E+04  3.807179E-05  1.744519E-06
   1.350750E+04  3.808068E-05  1.744723E-06
   1.352250E+04  3.647214E-05  1.707497E-06
   1.353750E+04  3.667654E-05  1.712272E-06
   1.355250E+04  3.675652E-05  1.714137E-06
   1.356750E+04  3.736084E-05  1.728163E-06
   1.358250E+04  3.709423E-05  1.721989E-06
   1.359750E+04  3.714755E-05  1.723226E-06
   1.361250E+04  3.690760E-05  1.717655E-06
   1.362750E+04  3.797404E-05  1.742280E-06
   1.364250E+04  3.655212E-05  1.709367E-06
   1.365750E+04  3.754746E-05  1.732472E-06
   1.367250E+04  3.601890E-05  1.696860E-06
   1.368750E+04  3.696092E-05  1.718894E-06
   1.370250E+04  3.662322E-05  1.711028E-06
   1.371750E+04  3.584116E-05  1.692671E-06
   1.373250E+04  3.808068E-05  1.744723E-06
   1.374750E+04  3.585005E-05  1.692880E-06
   1.376250E+04  3.680096E-05  1.715173E-06
   1.377750E+04  3.609888E-05  1.698742E-06
   1.379250E+04  3.585005E-05  1.692880E-06
   1.380750E+04  3.591226E-05  1.694348E-06
   1.382250E+04  3.527240E-05  1.679194E-06
   1.383750E+04  3.632106E-05  1.703959E-06
   1.385250E+04  3.599224E-05  1.696232E-06
   1.386750E+04  3.563677E-05  1.687840E-06
   1.388250E+04  3.546791E-05  1.683838E-06
   1.389750E+04  3.573452E-05  1.690152E-06
   1.391250E+04  3.587671E-05  1.693509E-06
   1.392750E+04  3.591226E-05  1.694348E-06
   1.394250E+04  3.527240E-05  1.679194E-06
   1.395750E+04  3.494358E-05  1.671352E-06
   1.397250E+04  3.516575E-05  1.676654E-06
   1.398750E+04  3.520130E-05  1.677501E-06
   1.400250E+04  3.534349E-05  1.680884E-06
   1.401750E+04  3.504134E-05  1.673687E-06
   1.403250E+04  3.408154E-05  1.650619E-06
   1.404750E+04  3.537015E-05  1.681518E-06
   1.406250E+04  3.387714E-05  1.645664E-06
   1.407750E+04  3.493469E-05  1.671140E-06
   1.409250E+04  3.423262E-05  1.654271E-06
   1.410750E+04  3.386826E-05  1.645448E-06
   1.412250E+04  3.384159E-05  1.644801E-06
   1.413750E+04  3.494358E-05  1.671352E-06
   1.415250E+04  3.383271E-05  1.644585E-06
   1.416750E+04  3.441036E-05  1.658558E-06
   1.418250E+04  3.338836E-05  1.633755E-06
   1.419750E+04  3.340613E-05  1.634190E-06
   1.421250E+04  3.277516E-05  1.618690E-06
   1.422750E+04  3.273961E-05  1.617813E-06
   1.424250E+04  3.316618E-05  1.628313E-06
   1.425750E+04  3.285514E-05  1.620663E-06
   1.427250E+04  3.211752E-05  1.602376E-06
   1.428750E+04  3.282848E-05  1.620006E-06
   1.430250E+04  3.292624E-05  1.622415E-06
   1.431750E+04  3.282848E-05  1.620006E-06
   1.433250E+04  3.177982E-05  1.593934E-06
   1.434750E+04  3.216196E-05  1.603484E-06
   1.436250E+04  3.137102E-05  1.583654E-06
   1.437750E+04  3.171761E-05  1.592374E-06
   1.439250E+04  3.258853E-05  1.614078E-06
   1.440750E+04  3.110441E-05  1.576913E-06
   1.442250E+04  3.146877E-05  1.586118E-06
   1.443750E+04  3.132658E-05  1.582532E-06
   1.445250E+04  3.119328E-05  1.579163E-06
   1.446750E+04  3.121105E-05  1.579613E-06
   1.448250E+04  2.991355E-05  1.546446E-06
   1.449750E+04  2.994910E-05  1.547364E-06
   1.451250E+04  3.051787E-05  1.561981E-06
   1.452750E+04  3.068672E-05  1.566295E-06
   1.454250E+04  3.118439E-05  1.578938E-06
   1.455750E+04  3.025126E-05  1.555147E-06
   1.457250E+04  3.076670E-05  1.568333E-06
   1.458750E+04  2.989578E-05  1.545987E-06
   1.460250E+04  2.993133E-05  1.546905E-06
   1.461750E+04  2.948698E-05  1.535385E-06
   1.463250E+04  2.777179E-05  1.490080E-06
   1.464750E+04  3.045566E-05  1.560389E-06
   1.466250E+04  2.887378E-05  1.519343E-06
   1.467750E+04  2.912261E-05  1.525873E-06
   1.469250E+04  2.793176E-05  1.494364E-06
   1.470750E+04  2.947809E-05  1.535154E-06
   1.472250E+04  2.886489E-05  1.519110E-06
   1.473750E+04  2.853607E-05  1.510436E-06
   1.475250E+04  2.834944E-05  1.505491E-06
   1.476750E+04  2.791398E-05  1.493888E-06
   1.478250E+04  2.739854E-05  1.480037E-06
   1.479750E+04  2.833167E-05  1.505019E-06
   1.481250E+04  2.756739E-05  1.484589E-06
   1.482750E+04  2.701640E-05  1.469684E-06
   1.484250E+04  2.754962E-05  1.484110E-06
   1.485750E+04  2.742520E-05  1.480757E-06
   1.487250E+04  2.818059E-05  1.501003E-06
   1.488750E+04  2.965583E-05  1.539773E-06
   1.490250E+04  2.884711E-05  1.518642E-06
   1.491750E+04  3.015350E-05  1.552633E-06
   1.493250E+04  3.232192E-05  1.607465E-06
   1.494750E+04  3.289957E-05  1.621758E-06
   1.496250E+04  2.887378E-05  1.519343E-06
   1.497750E+04  2.470579E-05  1.405455E-06
   1.499250E+04  1.225869E-04  3.128388E-06
