 #  Results from PENEPMA.
 #  Probability of emission of bremmstrahlung photons.
 #  1st column: E (eV).
 #  2nd and 3rd columns: probability density and STU (1/(eV*sr*electron)).

   1.125000E+02  9.869069E-07  2.369885E-09
   1.275000E+02  8.509775E-07  2.187363E-09
   1.425000E+02  7.472487E-07  2.038995E-09
   1.575000E+02  6.637724E-07  1.887997E-09
   1.725000E+02  5.971938E-07  1.806679E-09
   1.875000E+02  5.419779E-07  1.714587E-09
   2.025000E+02  4.953299E-07  1.619320E-09
   2.175000E+02  4.563217E-07  1.552347E-09
   2.325000E+02  4.215516E-07  1.467626E-09
   2.475000E+02  3.927304E-07  1.423574E-09
   2.625000E+02  3.676893E-07  1.373957E-09
   2.775000E+02  3.441807E-07  1.291947E-09
   2.925000E+02  3.241073E-07  1.248972E-09
   3.075000E+02  3.076648E-07  1.220610E-09
   3.225000E+02  2.905432E-07  1.169256E-09
   3.375000E+02  2.762528E-07  1.130424E-09
   3.525000E+02  2.636635E-07  1.099066E-09
   3.675000E+02  2.518928E-07  1.062449E-09
   3.825000E+02  2.407007E-07  1.017933E-09
   3.975000E+02  2.311661E-07  9.917740E-10
   4.125000E+02  2.213461E-07  9.508376E-10
   4.275000E+02  2.131661E-07  9.327694E-10
   4.425000E+02  2.050745E-07  9.067077E-10
   4.575000E+02  1.982079E-07  8.737005E-10
   4.725000E+02  1.905611E-07  8.439398E-10
   4.875000E+02  1.846075E-07  8.176616E-10
   5.025001E+02  1.787066E-07  8.062317E-10
   5.175001E+02  1.726203E-07  7.697712E-10
   5.325001E+02  1.671343E-07  7.522817E-10
   5.475001E+02  1.616243E-07  7.120372E-10
   5.625001E+02  1.572269E-07  7.018392E-10
   5.775001E+02  1.524085E-07  6.845344E-10
   5.925001E+02  1.484919E-07  6.747041E-10
   6.075001E+02  1.445029E-07  6.471379E-10
   6.225001E+02  1.405237E-07  6.337754E-10
   6.375001E+02  1.367523E-07  6.150417E-10
   6.525001E+02  1.334377E-07  6.005571E-10
   6.675001E+02  1.301190E-07  5.935716E-10
   6.825001E+02  1.268240E-07  5.790617E-10
   6.975001E+02  1.240735E-07  5.763177E-10
   7.125001E+02  1.212918E-07  5.547946E-10
   7.275001E+02  1.182077E-07  5.536229E-10
   7.425001E+02  1.158619E-07  5.448390E-10
   7.575001E+02  1.135443E-07  5.336974E-10
   7.725001E+02  1.107859E-07  5.282635E-10
   7.875001E+02  1.080955E-07  5.248165E-10
   8.025001E+02  1.062182E-07  5.180395E-10
   8.175001E+02  1.040472E-07  5.081915E-10
   8.325001E+02  1.019909E-07  5.073159E-10
   8.475001E+02  1.004282E-07  5.002888E-10
   8.625001E+02  9.810317E-08  4.997622E-10
   8.775001E+02  9.648015E-08  4.905675E-10
   8.925001E+02  9.455122E-08  4.839850E-10
   9.075001E+02  9.278854E-08  4.853751E-10
   9.225001E+02  9.132862E-08  4.830791E-10
   9.375001E+02  8.953546E-08  4.715480E-10
   9.525001E+02  8.810484E-08  4.670974E-10
   9.675001E+02  8.688638E-08  4.647609E-10
   9.825001E+02  8.518899E-08  4.611808E-10
   9.975001E+02  8.371046E-08  4.579431E-10
   1.012500E+03  8.264521E-08  4.542193E-10
   1.027500E+03  8.110003E-08  4.476071E-10
   1.042500E+03  7.975250E-08  4.481797E-10
   1.057500E+03  7.854685E-08  4.439727E-10
   1.072500E+03  7.724600E-08  4.395390E-10
   1.087500E+03  7.577900E-08  4.328556E-10
   1.102500E+03  7.474341E-08  4.334146E-10
   1.117500E+03  7.369052E-08  4.251623E-10
   1.132500E+03  7.267427E-08  4.288986E-10
   1.147500E+03  7.170011E-08  4.298730E-10
   1.162500E+03  7.024143E-08  4.197831E-10
   1.177500E+03  6.946125E-08  4.169645E-10
   1.192500E+03  6.846272E-08  4.139334E-10
   1.207500E+03  6.759315E-08  4.121201E-10
   1.222500E+03  6.656018E-08  4.042369E-10
   1.237500E+03  6.583992E-08  4.080970E-10
   1.252500E+03  6.505287E-08  4.027620E-10
   1.267500E+03  6.396072E-08  4.005166E-10
   1.282500E+03  6.316347E-08  3.991639E-10
   1.297500E+03  6.223585E-08  3.888960E-10
   1.312500E+03  6.160906E-08  3.883397E-10
   1.327500E+03  6.078984E-08  3.825461E-10
   1.342500E+03  6.024352E-08  3.859159E-10
   1.357500E+03  5.931814E-08  3.819070E-10
   1.372500E+03  5.856786E-08  3.846418E-10
   1.387500E+03  5.772290E-08  3.768990E-10
   1.402500E+03  5.705861E-08  3.758414E-10
   1.417500E+03  5.637490E-08  3.747682E-10
   1.432500E+03  5.549215E-08  3.676458E-10
   1.447500E+03  5.475442E-08  3.682521E-10
   1.462500E+03  5.435124E-08  3.690439E-10
   1.477500E+03  5.365862E-08  3.625081E-10
   1.492500E+03  5.320617E-08  3.664060E-10
   1.507500E+03  5.257710E-08  3.600939E-10
   1.522500E+03  5.209866E-08  3.606624E-10
   1.537500E+03  5.143314E-08  3.550848E-10
   1.552500E+03  5.080233E-08  3.549899E-10
   1.567500E+03  5.032847E-08  3.534829E-10
   1.582500E+03  4.951640E-08  3.485005E-10
   1.597500E+03  4.907705E-08  3.492541E-10
   1.612500E+03  4.862550E-08  3.488331E-10
   1.627500E+03  4.785699E-08  3.461335E-10
   1.642500E+03  4.743854E-08  3.400419E-10
   1.657500E+03  4.717767E-08  3.389711E-10
   1.672500E+03  4.645115E-08  3.377441E-10
   1.687500E+03  4.617670E-08  3.378923E-10
   1.702500E+03  4.557522E-08  3.344892E-10
   1.717500E+03  4.500809E-08  3.289216E-10
   1.732500E+03  4.472370E-08  3.338719E-10
   1.747500E+03  4.424768E-08  3.333120E-10
   1.762500E+03  4.368688E-08  3.300701E-10
   1.777500E+03  4.353685E-08  3.319171E-10
   1.792500E+03  4.303460E-08  3.263709E-10
   1.807500E+03  4.258815E-08  3.236214E-10
   1.822500E+03  4.215760E-08  3.233507E-10
   1.837500E+03  4.167310E-08  3.214624E-10
   1.852500E+03  4.149619E-08  3.243932E-10
   1.867500E+03  4.083154E-08  3.145501E-10
   1.882500E+03  4.053746E-08  3.120412E-10
   1.897500E+03  4.021422E-08  3.183907E-10
   1.912500E+03  3.980425E-08  3.129656E-10
   1.927500E+03  3.943571E-08  3.102593E-10
   1.942500E+03  3.920992E-08  3.106629E-10
   1.957500E+03  3.866000E-08  3.088144E-10
   1.972500E+03  3.831861E-08  3.045489E-10
   1.987500E+03  3.805208E-08  3.075291E-10
   2.002500E+03  3.765422E-08  3.088475E-10
   2.017500E+03  3.714259E-08  3.063799E-10
   2.032500E+03  3.694294E-08  3.031351E-10
   2.047500E+03  3.674727E-08  2.998215E-10
   2.062500E+03  3.630321E-08  2.966225E-10
   2.077500E+03  3.605798E-08  2.981995E-10
   2.092500E+03  3.594850E-08  2.937649E-10
   2.107500E+03  3.550359E-08  2.932143E-10
   2.122500E+03  3.510815E-08  2.928461E-10
   2.137500E+03  3.491485E-08  2.908543E-10
   2.152500E+03  3.439785E-08  2.914948E-10
   2.167500E+03  3.417849E-08  2.891824E-10
   2.182500E+03  3.401251E-08  2.912414E-10
   2.197500E+03  3.355199E-08  2.865360E-10
   2.212500E+03  3.344831E-08  2.847244E-10
   2.227500E+03  3.299327E-08  2.856644E-10
   2.242500E+03  3.271169E-08  2.830757E-10
   2.257500E+03  3.253448E-08  2.877526E-10
   2.272500E+03  3.236249E-08  2.842518E-10
   2.287500E+03  3.192592E-08  2.780874E-10
   2.302500E+03  3.187774E-08  2.809146E-10
   2.317500E+03  3.157148E-08  2.752537E-10
   2.332500E+03  3.136904E-08  2.787171E-10
   2.347500E+03  3.105559E-08  2.729725E-10
   2.362500E+03  3.060160E-08  2.754252E-10
   2.377500E+03  3.045089E-08  2.703394E-10
   2.392500E+03  3.044475E-08  2.716673E-10
   2.407500E+03  3.017185E-08  2.749124E-10
   2.422500E+03  2.988064E-08  2.751984E-10
   2.437500E+03  2.966082E-08  2.682737E-10
   2.452500E+03  2.942897E-08  2.657814E-10
   2.467500E+03  2.929202E-08  2.650383E-10
   2.482500E+03  2.894178E-08  2.650511E-10
   2.497500E+03  2.882337E-08  2.690449E-10
   2.512500E+03  2.855407E-08  2.632393E-10
   2.527500E+03  2.838548E-08  2.625277E-10
   2.542500E+03  2.810467E-08  2.611909E-10
   2.557500E+03  2.780551E-08  2.597206E-10
   2.572500E+03  2.777200E-08  2.598253E-10
   2.587500E+03  2.742575E-08  2.595720E-10
   2.602500E+03  2.717903E-08  2.551691E-10
   2.617500E+03  2.706758E-08  2.564946E-10
   2.632500E+03  2.691333E-08  2.571995E-10
   2.647500E+03  2.660537E-08  2.573162E-10
   2.662500E+03  2.660619E-08  2.558325E-10
   2.677500E+03  2.633686E-08  2.515039E-10
   2.692500E+03  2.614661E-08  2.584575E-10
   2.707500E+03  2.598024E-08  2.511943E-10
   2.722500E+03  2.570903E-08  2.483548E-10
   2.737500E+03  2.569858E-08  2.529577E-10
   2.752500E+03  2.536653E-08  2.465841E-10
   2.767500E+03  2.535262E-08  2.515149E-10
   2.782500E+03  2.506091E-08  2.500083E-10
   2.797500E+03  2.498198E-08  2.463669E-10
   2.812500E+03  2.480087E-08  2.471037E-10
   2.827500E+03  2.467083E-08  2.466409E-10
   2.842500E+03  2.442882E-08  2.469218E-10
   2.857500E+03  2.424648E-08  2.411729E-10
   2.872500E+03  2.400157E-08  2.398914E-10
   2.887500E+03  2.396112E-08  2.414026E-10
   2.902500E+03  2.380684E-08  2.439340E-10
   2.917500E+03  2.341519E-08  2.387514E-10
   2.932500E+03  2.358610E-08  2.445215E-10
   2.947500E+03  2.335775E-08  2.383233E-10
   2.962500E+03  2.324237E-08  2.361974E-10
   2.977500E+03  2.302564E-08  2.350574E-10
   2.992500E+03  2.294770E-08  2.363575E-10
   3.007500E+03  2.269694E-08  2.349648E-10
   3.022500E+03  2.258470E-08  2.360739E-10
   3.037500E+03  2.256026E-08  2.342238E-10
   3.052500E+03  2.228985E-08  2.310347E-10
   3.067500E+03  2.223792E-08  2.359721E-10
   3.082500E+03  2.204573E-08  2.299446E-10
   3.097500E+03  2.194623E-08  2.328801E-10
   3.112500E+03  2.174495E-08  2.300679E-10
   3.127500E+03  2.172924E-08  2.316881E-10
   3.142500E+03  2.159075E-08  2.275330E-10
   3.157500E+03  2.126790E-08  2.276327E-10
   3.172500E+03  2.129369E-08  2.277458E-10
   3.187500E+03  2.121607E-08  2.255344E-10
   3.202500E+03  2.085093E-08  2.254430E-10
   3.217500E+03  2.079538E-08  2.232589E-10
   3.232500E+03  2.069777E-08  2.245152E-10
   3.247500E+03  2.064291E-08  2.295082E-10
   3.262500E+03  2.048716E-08  2.234074E-10
   3.277500E+03  2.031827E-08  2.242962E-10
   3.292500E+03  2.022632E-08  2.201414E-10
   3.307500E+03  2.019361E-08  2.200713E-10
   3.322500E+03  1.993003E-08  2.222231E-10
   3.337500E+03  1.983055E-08  2.233895E-10
   3.352500E+03  1.983193E-08  2.200169E-10
   3.367500E+03  1.950647E-08  2.162990E-10
   3.382500E+03  1.954822E-08  2.164430E-10
   3.397500E+03  1.939075E-08  2.192651E-10
   3.412500E+03  1.931049E-08  2.151297E-10
   3.427500E+03  1.908891E-08  2.194771E-10
   3.442500E+03  1.890095E-08  2.147222E-10
   3.457500E+03  1.893182E-08  2.130239E-10
   3.472500E+03  1.884753E-08  2.126127E-10
   3.487500E+03  1.868000E-08  2.115472E-10
   3.502500E+03  1.872388E-08  2.119137E-10
   3.517500E+03  1.854406E-08  2.146722E-10
   3.532500E+03  1.821996E-08  2.090384E-10
   3.547500E+03  1.835451E-08  2.097173E-10
   3.562500E+03  1.815188E-08  2.086493E-10
   3.577500E+03  1.798191E-08  2.114596E-10
   3.592500E+03  1.793011E-08  2.073598E-10
   3.607500E+03  1.767403E-08  2.058940E-10
   3.622500E+03  1.777981E-08  2.102487E-10
   3.637500E+03  1.768121E-08  2.058361E-10
   3.652500E+03  1.760542E-08  2.054462E-10
   3.667500E+03  1.741236E-08  2.042918E-10
   3.682500E+03  1.738681E-08  2.061199E-10
   3.697500E+03  1.724351E-08  2.033707E-10
   3.712500E+03  1.722114E-08  2.050858E-10
   3.727500E+03  1.707116E-08  2.041990E-10
   3.742500E+03  1.699939E-08  2.019005E-10
   3.757500E+03  1.694754E-08  2.015508E-10
   3.772500E+03  1.673959E-08  2.003524E-10
   3.787500E+03  1.680972E-08  2.065729E-10
   3.802500E+03  1.667229E-08  2.018564E-10
   3.817500E+03  1.655579E-08  2.031114E-10
   3.832500E+03  1.632635E-08  1.978010E-10
   3.847500E+03  1.632367E-08  1.998295E-10
   3.862500E+03  1.634709E-08  1.980305E-10
   3.877500E+03  1.619578E-08  1.969611E-10
   3.892500E+03  1.602214E-08  1.960438E-10
   3.907500E+03  1.596359E-08  1.996243E-10
   3.922500E+03  1.586578E-08  1.949523E-10
   3.937500E+03  1.576792E-08  1.944846E-10
   3.952500E+03  1.585833E-08  1.948909E-10
   3.967500E+03  1.574981E-08  1.961988E-10
   3.982500E+03  1.558417E-08  1.932764E-10
   3.997500E+03  1.548977E-08  1.927596E-10
   4.012500E+03  1.537697E-08  1.960222E-10
   4.027500E+03  1.532036E-08  1.936426E-10
   4.042500E+03  1.517250E-08  1.927969E-10
   4.057500E+03  1.528230E-08  1.954523E-10
   4.072500E+03  1.519433E-08  1.908186E-10
   4.087500E+03  1.497336E-08  1.894320E-10
   4.102500E+03  1.496746E-08  1.935183E-10
   4.117500E+03  1.489943E-08  1.889412E-10
   4.132500E+03  1.479625E-08  1.883572E-10
   4.147500E+03  1.471728E-08  1.878182E-10
   4.162500E+03  1.469332E-08  1.897374E-10
   4.177500E+03  1.457815E-08  1.910587E-10
   4.192500E+03  1.452262E-08  1.864932E-10
   4.207500E+03  1.447981E-08  1.862428E-10
   4.222500E+03  1.428064E-08  1.849532E-10
   4.237500E+03  1.429580E-08  1.851426E-10
   4.252500E+03  1.421068E-08  1.866828E-10
   4.267500E+03  1.404902E-08  1.834249E-10
   4.282500E+03  1.409314E-08  1.860378E-10
   4.297500E+03  1.407561E-08  1.836478E-10
   4.312500E+03  1.397988E-08  1.830318E-10
   4.327500E+03  1.393439E-08  1.848493E-10
   4.342500E+03  1.382509E-08  1.841745E-10
   4.357500E+03  1.364666E-08  1.830589E-10
   4.372500E+03  1.355731E-08  1.823947E-10
   4.387500E+03  1.356824E-08  1.802946E-10
   4.402500E+03  1.353979E-08  1.800976E-10
   4.417500E+03  1.353604E-08  1.822674E-10
   4.432500E+03  1.343180E-08  1.816296E-10
   4.447500E+03  1.322627E-08  1.779770E-10
   4.462500E+03  1.320367E-08  1.778949E-10
   4.477500E+03  1.319968E-08  1.777647E-10
   4.492500E+03  1.317734E-08  1.776341E-10
   4.507500E+03  1.304622E-08  1.790308E-10
   4.522500E+03  1.308799E-08  1.770571E-10
   4.537500E+03  1.304252E-08  1.767860E-10
   4.552500E+03  1.289547E-08  1.757175E-10
   4.567500E+03  1.277793E-08  1.749584E-10
   4.582500E+03  1.282792E-08  1.752738E-10
   4.597500E+03  1.272102E-08  1.746575E-10
   4.612500E+03  1.255695E-08  1.734194E-10
   4.627500E+03  1.254047E-08  1.733474E-10
   4.642500E+03  1.252690E-08  1.732953E-10
   4.657500E+03  1.242184E-08  1.748732E-10
   4.672500E+03  1.240538E-08  1.723503E-10
   4.687500E+03  1.233225E-08  1.718814E-10
   4.702500E+03  1.234289E-08  1.719990E-10
   4.717500E+03  1.218068E-08  1.708285E-10
   4.732500E+03  1.224875E-08  1.712580E-10
   4.747500E+03  1.209795E-08  1.724711E-10
   4.762500E+03  1.203442E-08  1.698472E-10
   4.777500E+03  1.212162E-08  1.727732E-10
   4.792500E+03  1.198416E-08  1.694594E-10
   4.807500E+03  1.190731E-08  1.688659E-10
   4.822500E+03  1.186580E-08  1.709543E-10
   4.837500E+03  1.169484E-08  1.674057E-10
   4.852500E+03  1.173393E-08  1.677271E-10
   4.867500E+03  1.165921E-08  1.670623E-10
   4.882500E+03  1.164884E-08  1.670499E-10
   4.897500E+03  1.154612E-08  1.733656E-10
   4.912500E+03  1.152625E-08  1.660839E-10
   4.927500E+03  1.142095E-08  1.654015E-10
   4.942500E+03  1.137016E-08  1.650417E-10
   4.957500E+03  1.129942E-08  1.645609E-10
   4.972500E+03  1.129437E-08  1.644782E-10
   4.987500E+03  1.124358E-08  1.641163E-10
   5.002501E+03  1.123693E-08  1.641033E-10
   5.017501E+03  1.112551E-08  1.633408E-10
   5.032501E+03  1.109520E-08  1.630625E-10
   5.047501E+03  1.101941E-08  1.625860E-10
   5.062501E+03  1.105903E-08  1.627451E-10
   5.077501E+03  1.094096E-08  1.619039E-10
   5.092501E+03  1.086438E-08  1.613234E-10
   5.107501E+03  1.085321E-08  1.612493E-10
   5.122501E+03  1.077210E-08  1.606291E-10
   5.137501E+03  1.079125E-08  1.607622E-10
   5.152501E+03  1.064550E-08  1.621480E-10
   5.167501E+03  1.055086E-08  1.590302E-10
   5.182501E+03  1.060936E-08  1.594651E-10
   5.197501E+03  1.052209E-08  1.636408E-10
   5.212501E+03  1.040407E-08  1.579133E-10
   5.227501E+03  1.046470E-08  1.583111E-10
   5.242501E+03  1.042109E-08  1.579684E-10
   5.257501E+03  1.043463E-08  1.606286E-10
   5.272501E+03  1.031792E-08  1.572659E-10
   5.287501E+03  1.023761E-08  1.565909E-10
   5.302501E+03  1.011741E-08  1.557282E-10
   5.317501E+03  1.012991E-08  1.557497E-10
   5.332501E+03  1.012512E-08  1.557337E-10
   5.347501E+03  1.010093E-08  1.554513E-10
   5.362501E+03  1.003578E-08  1.550280E-10
   5.377501E+03  1.001823E-08  1.548774E-10
   5.392501E+03  9.890850E-09  1.539165E-10
   5.407501E+03  9.961319E-09  1.545486E-10
   5.422501E+03  9.817722E-09  1.532861E-10
   5.437501E+03  9.742467E-09  1.527741E-10
   5.452501E+03  9.778898E-09  1.530273E-10
   5.467501E+03  9.697793E-09  1.523938E-10
   5.482501E+03  9.613763E-09  1.517180E-10
   5.497501E+03  9.652587E-09  1.520838E-10
   5.512501E+03  9.633175E-09  1.518696E-10
   5.527501E+03  9.556590E-09  1.513549E-10
   5.542501E+03  9.572811E-09  1.514818E-10
   5.557501E+03  9.548081E-09  1.512167E-10
   5.572501E+03  9.485324E-09  1.508084E-10
   5.587501E+03  9.393582E-09  1.500263E-10
   5.602501E+03  9.397837E-09  1.499962E-10
   5.617501E+03  9.340664E-09  1.496246E-10
   5.632501E+03  9.246529E-09  1.488555E-10
   5.647501E+03  9.236158E-09  1.486873E-10
   5.662501E+03  9.205045E-09  1.485376E-10
   5.677501E+03  9.147607E-09  1.479967E-10
   5.692501E+03  9.102401E-09  1.476772E-10
   5.707501E+03  9.104262E-09  1.476835E-10
   5.722501E+03  8.986194E-09  1.467412E-10
   5.737501E+03  9.111708E-09  1.477347E-10
   5.752501E+03  8.918385E-09  1.461573E-10
   5.767501E+03  8.943381E-09  1.463469E-10
   5.782501E+03  8.903228E-09  1.459471E-10
   5.797501E+03  8.804838E-09  1.452242E-10
   5.812501E+03  8.917853E-09  1.461704E-10
   5.827501E+03  8.814145E-09  1.453221E-10
   5.842501E+03  8.705384E-09  1.443744E-10
   5.857501E+03  8.685174E-09  1.442126E-10
   5.872501E+03  8.634118E-09  1.438673E-10
   5.887501E+03  8.705916E-09  1.444184E-10
   5.902501E+03  8.597953E-09  1.434978E-10
   5.917501E+03  8.489192E-09  1.425779E-10
   5.932501E+03  8.574020E-09  1.432909E-10
   5.947501E+03  8.500627E-09  1.426998E-10
   5.962501E+03  8.451166E-09  1.422611E-10
   5.977501E+03  8.361817E-09  1.414330E-10
   5.992501E+03  8.393195E-09  1.418038E-10
   6.007501E+03  8.258109E-09  1.407683E-10
   6.022501E+03  8.241356E-09  1.404821E-10
   6.037501E+03  8.264757E-09  1.406977E-10
   6.052501E+03  8.274064E-09  1.407898E-10
   6.067501E+03  8.156528E-09  1.397909E-10
   6.082501E+03  8.198277E-09  1.401313E-10
   6.097501E+03  8.153337E-09  1.397775E-10
   6.112501E+03  8.115044E-09  1.394063E-10
   6.127501E+03  8.061063E-09  1.389551E-10
   6.142501E+03  8.078347E-09  1.390569E-10
   6.157501E+03  8.023834E-09  1.385679E-10
   6.172501E+03  7.988733E-09  1.383451E-10
   6.187501E+03  8.026493E-09  1.385906E-10
   6.202501E+03  8.002561E-09  1.384453E-10
   6.217501E+03  7.911882E-09  1.376794E-10
   6.232501E+03  7.891141E-09  1.374542E-10
   6.247501E+03  7.868006E-09  1.373006E-10
   6.262501E+03  7.746747E-09  1.361499E-10
   6.277501E+03  7.753661E-09  1.362615E-10
   6.292501E+03  7.687447E-09  1.356880E-10
   6.307501E+03  7.702072E-09  1.358159E-10
   6.322501E+03  7.683458E-09  1.356766E-10
   6.337501E+03  7.708986E-09  1.358389E-10
   6.352501E+03  7.685319E-09  1.356975E-10
   6.367501E+03  7.575761E-09  1.346740E-10
   6.382501E+03  7.540128E-09  1.344020E-10
   6.397501E+03  7.503431E-09  1.339776E-10
   6.412501E+03  7.561667E-09  1.345733E-10
   6.427501E+03  7.369408E-09  1.328273E-10
   6.442501E+03  7.436419E-09  1.334729E-10
   6.457501E+03  7.437217E-09  1.334466E-10
   6.472501E+03  7.351325E-09  1.327183E-10
   6.487501E+03  7.306385E-09  1.322481E-10
   6.502501E+03  7.295748E-09  1.321670E-10
   6.517501E+03  7.232194E-09  1.315219E-10
   6.532501E+03  7.301333E-09  1.321738E-10
   6.547501E+03  7.195231E-09  1.312749E-10
   6.562501E+03  7.192040E-09  1.312315E-10
   6.577501E+03  7.142313E-09  1.307708E-10
   6.592501E+03  7.124497E-09  1.305845E-10
   6.607501E+03  7.160928E-09  1.309884E-10
   6.622501E+03  7.067058E-09  1.300706E-10
   6.637501E+03  7.096043E-09  1.303351E-10
   6.652501E+03  6.992335E-09  1.293420E-10
   6.667501E+03  7.009088E-09  1.295695E-10
   6.682501E+03  6.929844E-09  1.288357E-10
   6.697501E+03  6.937556E-09  1.289167E-10
   6.712501E+03  6.920271E-09  1.287425E-10
   6.727501E+03  6.844750E-09  1.280385E-10
   6.742501E+03  6.840229E-09  1.279965E-10
   6.757501E+03  6.855919E-09  1.281073E-10
   6.772501E+03  6.865758E-09  1.282035E-10
   6.787501E+03  6.771888E-09  1.274253E-10
   6.802501E+03  6.753806E-09  1.272065E-10
   6.817501E+03  6.698495E-09  1.266284E-10
   6.832501E+03  6.720832E-09  1.269031E-10
   6.847501E+03  6.612337E-09  1.258322E-10
   6.862501E+03  6.588404E-09  1.255654E-10
   6.877501E+03  6.608082E-09  1.257768E-10
   6.892501E+03  6.551442E-09  1.251844E-10
   6.907501E+03  6.569524E-09  1.254474E-10
   6.922501E+03  6.490812E-09  1.247197E-10
   6.937501E+03  6.512352E-09  1.248535E-10
   6.952501E+03  6.487089E-09  1.246586E-10
   6.967501E+03  6.458104E-09  1.243717E-10
   6.982501E+03  6.438160E-09  1.241911E-10
   6.997501E+03  6.399602E-09  1.238266E-10
   7.012501E+03  6.386572E-09  1.237117E-10
   7.027501E+03  6.401198E-09  1.237956E-10
   7.042501E+03  6.353864E-09  1.233711E-10
   7.057501E+03  6.236860E-09  1.221705E-10
   7.072501E+03  6.270631E-09  1.224988E-10
   7.087501E+03  6.249890E-09  1.223285E-10
   7.102501E+03  6.217448E-09  1.219867E-10
   7.117501E+03  6.271695E-09  1.225559E-10
   7.132501E+03  6.129694E-09  1.211597E-10
   7.147501E+03  6.129694E-09  1.211281E-10
   7.162501E+03  6.108155E-09  1.209744E-10
   7.177501E+03  6.077043E-09  1.205784E-10
   7.192501E+03  6.062949E-09  1.204446E-10
   7.207501E+03  6.137140E-09  1.211697E-10
   7.222501E+03  6.070395E-09  1.205286E-10
   7.237501E+03  6.064810E-09  1.205791E-10
   7.252501E+03  5.999394E-09  1.198578E-10
   7.267501E+03  6.042207E-09  1.203031E-10
   7.282501E+03  5.934244E-09  1.192309E-10
   7.297501E+03  5.926267E-09  1.191192E-10
   7.312501E+03  5.922810E-09  1.190954E-10
   7.327501E+03  5.865903E-09  1.184934E-10
   7.342501E+03  5.898345E-09  1.188454E-10
   7.357501E+03  5.878401E-09  1.186456E-10
   7.372501E+03  5.748367E-09  1.173291E-10
   7.387501E+03  5.760865E-09  1.174341E-10
   7.402501E+03  5.841704E-09  1.182879E-10
   7.417501E+03  5.726296E-09  1.170942E-10
   7.432501E+03  5.709809E-09  1.169320E-10
   7.447501E+03  5.764854E-09  1.175070E-10
   7.462501E+03  5.691194E-09  1.166879E-10
   7.477501E+03  5.630565E-09  1.161393E-10
   7.492501E+03  5.603707E-09  1.157814E-10
   7.507501E+03  5.556373E-09  1.153822E-10
   7.522501E+03  5.619130E-09  1.159892E-10
   7.537501E+03  5.575520E-09  1.155354E-10
   7.552501E+03  5.530579E-09  1.151103E-10
   7.567501E+03  5.576583E-09  1.155298E-10
   7.582501E+03  5.459313E-09  1.143322E-10
   7.597501E+03  5.432987E-09  1.140913E-10
   7.612501E+03  5.384590E-09  1.135293E-10
   7.627501E+03  5.332470E-09  1.129985E-10
   7.642501E+03  5.394695E-09  1.137024E-10
   7.657501E+03  5.352946E-09  1.132195E-10
   7.672501E+03  5.461440E-09  1.143432E-10
   7.687501E+03  5.331406E-09  1.129084E-10
   7.702501E+03  5.296837E-09  1.125942E-10
   7.717501E+03  5.287795E-09  1.125665E-10
   7.732501E+03  5.302421E-09  1.126702E-10
   7.747501E+03  5.221582E-09  1.118015E-10
   7.762501E+03  5.263065E-09  1.122366E-10
   7.777501E+03  5.189671E-09  1.115126E-10
   7.792501E+03  5.207488E-09  1.117026E-10
   7.807501E+03  5.164409E-09  1.112655E-10
   7.822501E+03  5.140476E-09  1.109919E-10
   7.837501E+03  5.108300E-09  1.106118E-10
   7.852501E+03  5.103514E-09  1.105314E-10
   7.867501E+03  5.053255E-09  1.100235E-10
   7.882501E+03  5.109098E-09  1.105973E-10
   7.897501E+03  5.047671E-09  1.099341E-10
   7.912501E+03  4.997412E-09  1.094059E-10
   7.927501E+03  4.958056E-09  1.090118E-10
   7.942501E+03  5.035439E-09  1.098479E-10
   7.957501E+03  4.975075E-09  1.091159E-10
   7.972501E+03  4.941303E-09  1.087994E-10
   7.987501E+03  4.947685E-09  1.088341E-10
   8.002501E+03  4.921891E-09  1.085222E-10
   8.017501E+03  4.958056E-09  1.089300E-10
   8.032501E+03  4.900618E-09  1.082944E-10
   8.047501E+03  4.891576E-09  1.082597E-10
   8.062501E+03  4.850625E-09  1.077551E-10
   8.077501E+03  4.866048E-09  1.079490E-10
   8.092501E+03  4.833340E-09  1.076054E-10
   8.107501E+03  4.791857E-09  1.070443E-10
   8.122501E+03  4.720059E-09  1.063083E-10
   8.137501E+03  4.824565E-09  1.074371E-10
   8.152501E+03  4.733089E-09  1.064721E-10
   8.167501E+03  4.714475E-09  1.062458E-10
   8.182501E+03  4.740269E-09  1.065703E-10
   8.197501E+03  4.712879E-09  1.061320E-10
   8.212501E+03  4.622201E-09  1.052305E-10
   8.227501E+03  4.678310E-09  1.058516E-10
   8.242501E+03  4.559178E-09  1.045147E-10
   8.257501E+03  4.592152E-09  1.048412E-10
   8.272501E+03  4.594545E-09  1.048502E-10
   8.287501E+03  4.619807E-09  1.052336E-10
   8.302501E+03  4.574335E-09  1.046021E-10
   8.317501E+03  4.517695E-09  1.040408E-10
   8.332501E+03  4.528331E-09  1.041381E-10
   8.347501E+03  4.462118E-09  1.033224E-10
   8.362501E+03  4.405211E-09  1.026704E-10
   8.377501E+03  4.456267E-09  1.033289E-10
   8.392501E+03  4.407870E-09  1.027198E-10
   8.407501E+03  4.456001E-09  1.032704E-10
   8.422501E+03  4.452545E-09  1.032367E-10
   8.437501E+03  4.393776E-09  1.025811E-10
   8.452501E+03  4.427016E-09  1.030220E-10
   8.467501E+03  4.400956E-09  1.025838E-10
   8.482501E+03  4.320915E-09  1.016750E-10
   8.497501E+03  4.322510E-09  1.017437E-10
   8.512501E+03  4.315330E-09  1.016659E-10
   8.527501E+03  4.333679E-09  1.018869E-10
   8.542501E+03  4.248319E-09  1.008586E-10
   8.557501E+03  4.212420E-09  1.004589E-10
   8.572501E+03  4.236353E-09  1.007171E-10
   8.587501E+03  4.177850E-09  1.000989E-10
   8.602501E+03  4.192742E-09  1.001934E-10
   8.617501E+03  4.161097E-09  9.977812E-11
   8.632501E+03  4.185296E-09  1.000921E-10
   8.647501E+03  4.159502E-09  9.976544E-11
   8.662501E+03  4.094884E-09  9.904842E-11
   8.677501E+03  4.105786E-09  9.916026E-11
   8.692501E+03  4.101266E-09  9.910592E-11
   8.707501E+03  4.075738E-09  9.874692E-11
   8.722501E+03  4.025213E-09  9.818711E-11
   8.737501E+03  4.104191E-09  9.915392E-11
   8.752501E+03  4.052337E-09  9.842531E-11
   8.767501E+03  3.998887E-09  9.784753E-11
   8.782501E+03  3.944108E-09  9.723036E-11
   8.797501E+03  3.996228E-09  9.781513E-11
   8.812501E+03  3.948628E-09  9.723341E-11
   8.827501E+03  3.970434E-09  9.748728E-11
   8.842501E+03  3.930014E-09  9.697872E-11
   8.857501E+03  3.918580E-09  9.683808E-11
   8.872501E+03  3.865928E-09  9.620766E-11
   8.887501E+03  3.863534E-09  9.618462E-11
   8.902501E+03  3.878160E-09  9.641852E-11
   8.917501E+03  3.759028E-09  9.488729E-11
   8.932501E+03  3.846781E-09  9.599667E-11
   8.947501E+03  3.864598E-09  9.617133E-11
   8.962501E+03  3.821253E-09  9.566584E-11
   8.977501E+03  3.827369E-09  9.570878E-11
   8.992501E+03  3.821253E-09  9.563257E-11
   9.007501E+03  3.769931E-09  9.501077E-11
   9.022501E+03  3.766474E-09  9.499419E-11
   9.037501E+03  3.724193E-09  9.440143E-11
   9.052501E+03  3.767804E-09  9.495057E-11
   9.067501E+03  3.716215E-09  9.433437E-11
   9.082501E+03  3.739084E-09  9.460949E-11
   9.097501E+03  3.650267E-09  9.349039E-11
   9.112501E+03  3.673402E-09  9.373065E-11
   9.127501E+03  3.622612E-09  9.310969E-11
   9.142501E+03  3.646279E-09  9.342588E-11
   9.157501E+03  3.620750E-09  9.305850E-11
   9.172501E+03  3.611709E-09  9.301104E-11
   9.187501E+03  3.610911E-09  9.300081E-11
   9.202501E+03  3.601072E-09  9.282661E-11
   9.217501E+03  3.613039E-09  9.301440E-11
   9.232501E+03  3.607189E-09  9.295307E-11
   9.247501E+03  3.546559E-09  9.217208E-11
   9.262501E+03  3.501885E-09  9.152280E-11
   9.277501E+03  3.497364E-09  9.149867E-11
   9.292501E+03  3.519701E-09  9.182397E-11
   9.307501E+03  3.484334E-09  9.130082E-11
   9.322501E+03  3.501885E-09  9.153671E-11
   9.337501E+03  3.472634E-09  9.116882E-11
   9.352501E+03  3.414132E-09  9.040036E-11
   9.367501E+03  3.431150E-09  9.062459E-11
   9.382501E+03  3.428757E-09  9.062119E-11
   9.397501E+03  3.411472E-09  9.036528E-11
   9.412501E+03  3.394188E-09  9.008744E-11
   9.427501E+03  3.407750E-09  9.034431E-11
   9.442501E+03  3.317337E-09  8.914283E-11
   9.457501E+03  3.335686E-09  8.938797E-11
   9.472501E+03  3.358023E-09  8.963581E-11
   9.487501E+03  3.342599E-09  8.947306E-11
   9.502501E+03  3.325049E-09  8.923881E-11
   9.517501E+03  3.369989E-09  8.980906E-11
   9.532501E+03  3.315476E-09  8.911792E-11
   9.547501E+03  3.239423E-09  8.807252E-11
   9.562501E+03  3.236764E-09  8.806541E-11
   9.577501E+03  3.225595E-09  8.784883E-11
   9.592501E+03  3.237030E-09  8.803287E-11
   9.607501E+03  3.303775E-09  8.892542E-11
   9.622501E+03  3.233041E-09  8.798604E-11
   9.637501E+03  3.228520E-09  8.788130E-11
   9.652501E+03  3.214958E-09  8.773332E-11
   9.667501E+03  3.183846E-09  8.728013E-11
   9.682501E+03  3.151936E-09  8.688689E-11
   9.697501E+03  3.163370E-09  8.704373E-11
   9.712501E+03  3.118164E-09  8.639253E-11
   9.727501E+03  3.142363E-09  8.674069E-11
   9.742501E+03  3.047961E-09  8.540275E-11
   9.757501E+03  3.067373E-09  8.568091E-11
   9.772501E+03  3.070830E-09  8.573645E-11
   9.787501E+03  3.054875E-09  8.552904E-11
   9.802501E+03  3.055407E-09  8.555134E-11
   9.817501E+03  3.042643E-09  8.535080E-11
   9.832501E+03  3.021104E-09  8.504171E-11
   9.847501E+03  3.041047E-09  8.530611E-11
   9.862501E+03  3.006478E-09  8.484379E-11
   9.877501E+03  3.004351E-09  8.480636E-11
   9.892501E+03  3.002223E-09  8.474640E-11
   9.907501E+03  2.994512E-09  8.466032E-11
   9.922501E+03  2.926702E-09  8.373727E-11
   9.937501E+03  2.953826E-09  8.407744E-11
   9.952501E+03  2.921384E-09  8.364624E-11
   9.967501E+03  2.966590E-09  8.428858E-11
   9.982501E+03  2.899845E-09  8.326203E-11
   9.997501E+03  2.872721E-09  8.288011E-11
   1.001250E+04  2.907822E-09  8.340680E-11
   1.002750E+04  2.920320E-09  8.359301E-11
   1.004250E+04  2.857829E-09  8.269623E-11
   1.005750E+04  2.892399E-09  8.317057E-11
   1.007250E+04  2.864211E-09  8.282669E-11
   1.008750E+04  2.813953E-09  8.207620E-11
   1.010250E+04  2.781777E-09  8.162265E-11
   1.011750E+04  2.799859E-09  8.191767E-11
   1.013250E+04  2.755185E-09  8.124862E-11
   1.014750E+04  2.795073E-09  8.176234E-11
   1.016250E+04  2.782840E-09  8.163820E-11
   1.017750E+04  2.759439E-09  8.129543E-11
   1.019250E+04  2.778054E-09  8.154480E-11
   1.020750E+04  2.700140E-09  8.037275E-11
   1.022250E+04  2.682057E-09  8.010380E-11
   1.023750E+04  2.671154E-09  7.994916E-11
   1.025250E+04  2.671686E-09  7.995710E-11
   1.026750E+04  2.680727E-09  8.011577E-11
   1.028250E+04  2.646690E-09  7.959912E-11
   1.029750E+04  2.642435E-09  7.950329E-11
   1.031250E+04  2.628873E-09  7.931549E-11
   1.032750E+04  2.669559E-09  7.993330E-11
   1.034250E+04  2.589251E-09  7.874935E-11
   1.035750E+04  2.618768E-09  7.918741E-11
   1.037250E+04  2.590315E-09  7.875739E-11
   1.038750E+04  2.566914E-09  7.839384E-11
   1.040250E+04  2.577285E-09  7.853537E-11
   1.041750E+04  2.601484E-09  7.891034E-11
   1.043250E+04  2.575158E-09  7.847871E-11
   1.044750E+04  2.512667E-09  7.754709E-11
   1.046250E+04  2.522240E-09  7.768611E-11
   1.047750E+04  2.556012E-09  7.822767E-11
   1.049250E+04  2.511337E-09  7.754303E-11
   1.050750E+04  2.472513E-09  7.690171E-11
   1.052250E+04  2.448314E-09  7.655844E-11
   1.053750E+04  2.481288E-09  7.703780E-11
   1.055250E+04  2.494318E-09  7.723943E-11
   1.056750E+04  2.435019E-09  7.631749E-11
   1.058250E+04  2.456026E-09  7.670348E-11
   1.059750E+04  2.427839E-09  7.623851E-11
   1.061250E+04  2.401247E-09  7.581259E-11
   1.062750E+04  2.399651E-09  7.581266E-11
   1.064250E+04  2.444326E-09  7.648790E-11
   1.065750E+04  2.408958E-09  7.590878E-11
   1.067250E+04  2.370932E-09  7.535908E-11
   1.068750E+04  2.391940E-09  7.565749E-11
   1.070250E+04  2.385026E-09  7.553147E-11
   1.071750E+04  2.381303E-09  7.553161E-11
   1.073250E+04  2.332906E-09  7.472019E-11
   1.074750E+04  2.313228E-09  7.439656E-11
   1.076250E+04  2.315089E-09  7.447771E-11
   1.077750E+04  2.344872E-09  7.490264E-11
   1.079250E+04  2.315887E-09  7.450759E-11
   1.080750E+04  2.356838E-09  7.510159E-11
   1.082250E+04  2.265894E-09  7.367625E-11
   1.083750E+04  2.319078E-09  7.446475E-11
   1.085250E+04  2.225209E-09  7.296164E-11
   1.086750E+04  2.237973E-09  7.319631E-11
   1.088250E+04  2.249673E-09  7.337824E-11
   1.089750E+04  2.202074E-09  7.262589E-11
   1.091250E+04  2.155272E-09  7.182574E-11
   1.092750E+04  2.212444E-09  7.276121E-11
   1.094250E+04  2.219890E-09  7.293566E-11
   1.095750E+04  2.181598E-09  7.224444E-11
   1.097250E+04  2.145965E-09  7.169748E-11
   1.098750E+04  2.149156E-09  7.171512E-11
   1.100250E+04  2.160058E-09  7.190527E-11
   1.101750E+04  2.145965E-09  7.167085E-11
   1.103250E+04  2.176545E-09  7.217853E-11
   1.104750E+04  2.109800E-09  7.104785E-11
   1.106250E+04  2.127616E-09  7.135558E-11
   1.107750E+04  2.121500E-09  7.128888E-11
   1.109250E+04  2.107938E-09  7.101656E-11
   1.110750E+04  2.083740E-09  7.064454E-11
   1.112250E+04  2.044384E-09  6.995792E-11
   1.113750E+04  2.082144E-09  7.055445E-11
   1.115250E+04  2.045182E-09  6.998973E-11
   1.116750E+04  2.036406E-09  6.983984E-11
   1.118250E+04  2.037204E-09  6.982614E-11
   1.119750E+04  1.999975E-09  6.921409E-11
   1.121250E+04  2.010346E-09  6.938363E-11
   1.122750E+04  2.009548E-09  6.934237E-11
   1.124250E+04  1.998912E-09  6.916814E-11
   1.125750E+04  2.042788E-09  6.991248E-11
   1.127250E+04  1.956897E-09  6.845745E-11
   1.128750E+04  1.930039E-09  6.797792E-11
   1.130250E+04  1.975245E-09  6.876755E-11
   1.131750E+04  1.946792E-09  6.825297E-11
   1.133250E+04  1.912488E-09  6.769707E-11
   1.134750E+04  1.923391E-09  6.787040E-11
   1.136250E+04  1.890949E-09  6.724977E-11
   1.137750E+04  1.914615E-09  6.769700E-11
   1.139250E+04  1.915945E-09  6.769225E-11
   1.140750E+04  1.903979E-09  6.749022E-11
   1.142250E+04  1.877387E-09  6.702747E-11
   1.143750E+04  1.865420E-09  6.681390E-11
   1.145250E+04  1.878982E-09  6.708436E-11
   1.146750E+04  1.885630E-09  6.717420E-11
   1.148250E+04  1.864357E-09  6.683298E-11
   1.149750E+04  1.854784E-09  6.662348E-11
   1.151250E+04  1.856911E-09  6.668070E-11
   1.152750E+04  1.826064E-09  6.609697E-11
   1.154250E+04  1.821544E-09  6.600558E-11
   1.155750E+04  1.790165E-09  6.543528E-11
   1.157250E+04  1.803727E-09  6.571144E-11
   1.158750E+04  1.794420E-09  6.553233E-11
   1.160250E+04  1.721027E-09  6.418056E-11
   1.161750E+04  1.734854E-09  6.443742E-11
   1.163250E+04  1.753735E-09  6.480612E-11
   1.164750E+04  1.746023E-09  6.463429E-11
   1.166250E+04  1.713049E-09  6.403191E-11
   1.167750E+04  1.691510E-09  6.362880E-11
   1.169250E+04  1.725547E-09  6.427455E-11
   1.170750E+04  1.735386E-09  6.445715E-11
   1.172250E+04  1.692839E-09  6.367375E-11
   1.173750E+04  1.681671E-09  6.344380E-11
   1.175250E+04  1.650292E-09  6.284005E-11
   1.176750E+04  1.704008E-09  6.388294E-11
   1.178250E+04  1.679277E-09  6.339872E-11
   1.179750E+04  1.623168E-09  6.233247E-11
   1.181250E+04  1.622371E-09  6.230696E-11
   1.182750E+04  1.599236E-09  6.186177E-11
   1.184250E+04  1.635135E-09  6.254105E-11
   1.185750E+04  1.622902E-09  6.231716E-11
   1.187250E+04  1.617584E-09  6.225602E-11
   1.188750E+04  1.628487E-09  6.241393E-11
   1.190250E+04  1.627423E-09  6.239357E-11
   1.191750E+04  1.605884E-09  6.196949E-11
   1.193250E+04  1.558816E-09  6.108658E-11
   1.194750E+04  1.594449E-09  6.176926E-11
   1.196250E+04  1.556157E-09  6.105539E-11
   1.197750E+04  1.542329E-09  6.076326E-11
   1.199250E+04  1.540999E-09  6.072663E-11
   1.200750E+04  1.538872E-09  6.067427E-11
   1.202250E+04  1.515737E-09  6.024867E-11
   1.203750E+04  1.512546E-09  6.016420E-11
   1.205250E+04  1.504835E-09  6.004266E-11
   1.206750E+04  1.514674E-09  6.018529E-11
   1.208250E+04  1.528767E-09  6.048548E-11
   1.209750E+04  1.490741E-09  5.972959E-11
   1.211250E+04  1.476647E-09  5.944698E-11
   1.212750E+04  1.452183E-09  5.897479E-11
   1.214250E+04  1.436227E-09  5.865062E-11
   1.215750E+04  1.448992E-09  5.888849E-11
   1.217250E+04  1.418145E-09  5.823736E-11
   1.218750E+04  1.420272E-09  5.831374E-11
   1.220250E+04  1.402722E-09  5.793102E-11
   1.221750E+04  1.416549E-09  5.827018E-11
   1.223250E+04  1.411763E-09  5.812816E-11
   1.224750E+04  1.398467E-09  5.786519E-11
   1.226250E+04  1.396871E-09  5.779921E-11
   1.227750E+04  1.369216E-09  5.722459E-11
   1.229250E+04  1.343954E-09  5.671703E-11
   1.230750E+04  1.393680E-09  5.773320E-11
   1.232250E+04  1.344485E-09  5.676188E-11
   1.233750E+04  1.348740E-09  5.680659E-11
   1.235250E+04  1.330392E-09  5.643056E-11
   1.236750E+04  1.325871E-09  5.633474E-11
   1.238250E+04  1.327999E-09  5.636856E-11
   1.239750E+04  1.299279E-09  5.579060E-11
   1.241250E+04  1.332253E-09  5.645869E-11
   1.242750E+04  1.307789E-09  5.594984E-11
   1.244250E+04  1.317362E-09  5.617660E-11
   1.245750E+04  1.280931E-09  5.536169E-11
   1.247250E+04  1.306459E-09  5.591005E-11
   1.248750E+04  1.265774E-09  5.504508E-11
   1.250250E+04  1.265774E-09  5.505664E-11
   1.251750E+04  1.234927E-09  5.435951E-11
   1.253250E+04  1.270826E-09  5.514312E-11
   1.254750E+04  1.246893E-09  5.462196E-11
   1.256250E+04  1.194241E-09  5.346939E-11
   1.257750E+04  1.234129E-09  5.433025E-11
   1.259250E+04  1.207537E-09  5.376577E-11
   1.260750E+04  1.199560E-09  5.356438E-11
   1.262250E+04  1.166852E-09  5.284155E-11
   1.263750E+04  1.215781E-09  5.394871E-11
   1.265250E+04  1.161799E-09  5.272715E-11
   1.266750E+04  1.210994E-09  5.384256E-11
   1.268250E+04  1.151960E-09  5.251576E-11
   1.269750E+04  1.171638E-09  5.297374E-11
   1.271250E+04  1.127230E-09  5.194984E-11
   1.272750E+04  1.154354E-09  5.255809E-11
   1.274250E+04  1.116593E-09  5.169221E-11
   1.275750E+04  1.145578E-09  5.237030E-11
   1.277250E+04  1.130421E-09  5.203544E-11
   1.278750E+04  1.132282E-09  5.205373E-11
   1.280250E+04  1.087076E-09  5.105499E-11
   1.281750E+04  1.108881E-09  5.151359E-11
   1.283250E+04  1.084949E-09  5.094273E-11
   1.284750E+04  1.067664E-09  5.056071E-11
   1.286250E+04  1.086810E-09  5.099887E-11
   1.287750E+04  1.046922E-09  5.004250E-11
   1.289250E+04  1.064739E-09  5.046629E-11
   1.290750E+04  1.034158E-09  4.974946E-11
   1.292250E+04  1.027510E-09  4.960230E-11
   1.293750E+04  1.046125E-09  5.002344E-11
   1.295250E+04  1.005439E-09  4.905452E-11
   1.296750E+04  1.009694E-09  4.914515E-11
   1.298250E+04  1.018735E-09  4.940324E-11
   1.299750E+04  1.019799E-09  4.944185E-11
   1.301250E+04  9.767198E-10  4.836274E-11
   1.302750E+04  1.018203E-09  4.936459E-11
   1.304250E+04  9.889520E-10  4.863800E-11
   1.305750E+04  9.559781E-10  4.783398E-11
   1.307250E+04  9.785812E-10  4.842187E-11
   1.308750E+04  9.719332E-10  4.821789E-11
   1.310250E+04  9.509257E-10  4.770754E-11
   1.311750E+04  9.230042E-10  4.698910E-11
   1.313250E+04  9.453414E-10  4.756740E-11
   1.314750E+04  9.461391E-10  4.757407E-11
   1.316250E+04  9.245997E-10  4.702968E-11
   1.317750E+04  8.980078E-10  4.634875E-11
   1.319250E+04  8.934872E-10  4.627328E-11
   1.320750E+04  9.211427E-10  4.695527E-11
   1.322250E+04  8.937531E-10  4.626639E-11
   1.323750E+04  8.956145E-10  4.631447E-11
   1.325250E+04  8.631724E-10  4.544128E-11
   1.326750E+04  8.522698E-10  4.515351E-11
   1.328250E+04  8.708841E-10  4.565767E-11
   1.329750E+04  8.506743E-10  4.513945E-11
   1.331250E+04  8.341873E-10  4.467214E-11
   1.332750E+04  8.520039E-10  4.516056E-11
   1.334250E+04  8.363146E-10  4.474327E-11
   1.335750E+04  8.535994E-10  4.521686E-11
   1.337250E+04  8.227528E-10  4.437938E-11
   1.338750E+04  7.860560E-10  4.336476E-11
   1.340250E+04  8.009474E-10  4.378797E-11
   1.341750E+04  7.927040E-10  4.354768E-11
   1.343250E+04  7.903107E-10  4.352580E-11
   1.344750E+04  7.985542E-10  4.370801E-11
   1.346250E+04  7.597300E-10  4.263269E-11
   1.347750E+04  7.679735E-10  4.287811E-11
   1.349250E+04  7.621233E-10  4.269976E-11
   1.350750E+04  7.445727E-10  4.220542E-11
   1.352250E+04  7.352655E-10  4.197124E-11
   1.353750E+04  7.488274E-10  4.232579E-11
   1.355250E+04  7.318086E-10  4.184223E-11
   1.356750E+04  7.256924E-10  4.166708E-11
   1.358250E+04  7.179808E-10  4.146053E-11
   1.359750E+04  6.998983E-10  4.092013E-11
   1.361250E+04  6.860705E-10  4.052974E-11
   1.362750E+04  7.171830E-10  4.142216E-11
   1.364250E+04  6.788907E-10  4.030155E-11
   1.365750E+04  6.852728E-10  4.049048E-11
   1.367250E+04  6.850068E-10  4.048262E-11
   1.368750E+04  6.655948E-10  3.992103E-11
   1.370250E+04  6.629356E-10  3.982532E-11
   1.371750E+04  6.517670E-10  3.948853E-11
   1.373250E+04  6.148043E-10  3.835282E-11
   1.374750E+04  6.554899E-10  3.960111E-11
   1.376250E+04  6.413962E-10  3.918945E-11
   1.377750E+04  6.358119E-10  3.901867E-11
   1.379250E+04  6.060290E-10  3.807821E-11
   1.380750E+04  6.241114E-10  3.864194E-11
   1.382250E+04  5.919353E-10  3.763297E-11
   1.383750E+04  6.163998E-10  3.841911E-11
   1.385250E+04  5.874146E-10  3.750600E-11
   1.386750E+04  5.719914E-10  3.699374E-11
   1.388250E+04  5.688003E-10  3.689043E-11
   1.389750E+04  5.722573E-10  3.700234E-11
   1.391250E+04  5.743846E-10  3.707103E-11
   1.392750E+04  5.605568E-10  3.662221E-11
   1.394250E+04  5.350286E-10  3.577882E-11
   1.395750E+04  5.374219E-10  3.585873E-11
   1.397250E+04  5.140211E-10  3.506956E-11
   1.398750E+04  5.217327E-10  3.533158E-11
   1.400250E+04  5.118937E-10  3.501511E-11
   1.401750E+04  5.110959E-10  3.496966E-11
   1.403250E+04  5.190735E-10  3.527754E-11
   1.404750E+04  4.775902E-10  3.380426E-11
   1.406250E+04  4.818449E-10  3.395447E-11
   1.407750E+04  4.826426E-10  3.398256E-11
   1.409250E+04  4.714740E-10  3.358717E-11
   1.410750E+04  4.605714E-10  3.319664E-11
   1.412250E+04  4.597736E-10  3.316788E-11
   1.413750E+04  4.555189E-10  3.301410E-11
   1.415250E+04  4.544552E-10  3.297554E-11
   1.416750E+04  4.161629E-10  3.155602E-11
   1.418250E+04  4.220131E-10  3.177700E-11
   1.419750E+04  4.422230E-10  3.252882E-11
   1.421250E+04  4.087172E-10  3.127251E-11
   1.422750E+04  4.214813E-10  3.175697E-11
   1.424250E+04  4.092490E-10  3.129285E-11
   1.425750E+04  3.980805E-10  3.086298E-11
   1.427250E+04  3.903688E-10  3.058345E-11
   1.428750E+04  3.826572E-10  3.025931E-11
   1.430250E+04  3.887733E-10  3.050013E-11
   1.431750E+04  3.760092E-10  2.999536E-11
   1.433250E+04  3.690953E-10  2.971836E-11
   1.434750E+04  3.520765E-10  2.904717E-11
   1.436250E+04  3.608518E-10  2.938468E-11
   1.437750E+04  3.534061E-10  2.910187E-11
   1.439250E+04  3.579267E-10  2.926536E-11
   1.440750E+04  3.355895E-10  2.833763E-11
   1.442250E+04  3.124546E-10  2.734357E-11
   1.443750E+04  3.196344E-10  2.765590E-11
   1.445250E+04  3.116568E-10  2.730865E-11
   1.446750E+04  3.036793E-10  2.695692E-11
   1.448250E+04  2.922448E-10  2.644462E-11
   1.449750E+04  2.858627E-10  2.615432E-11
   1.451250E+04  2.824058E-10  2.599572E-11
   1.452750E+04  2.746941E-10  2.563838E-11
   1.454250E+04  2.699076E-10  2.541405E-11
   1.455750E+04  2.528888E-10  2.459988E-11
   1.457250E+04  2.358700E-10  2.375781E-11
   1.458750E+04  2.443794E-10  2.418251E-11
   1.460250E+04  2.387951E-10  2.390466E-11
   1.461750E+04  2.268287E-10  2.329808E-11
   1.463250E+04  2.204467E-10  2.296802E-11
   1.464750E+04  2.095440E-10  2.239291E-11
   1.466250E+04  1.975777E-10  2.174419E-11
   1.467750E+04  1.981095E-10  2.177343E-11
   1.469250E+04  1.898660E-10  2.131566E-11
   1.470750E+04  1.946526E-10  2.158264E-11
   1.472250E+04  1.691244E-10  2.011780E-11
   1.473750E+04  1.691244E-10  2.011780E-11
   1.475250E+04  1.608809E-10  1.962142E-11
   1.476750E+04  1.406710E-10  1.834775E-11
   1.478250E+04  1.449257E-10  1.862313E-11
   1.479750E+04  1.273751E-10  1.745919E-11
   1.481250E+04  1.292365E-10  1.758630E-11
   1.482750E+04  1.255137E-10  1.733116E-11
   1.484250E+04  1.108881E-10  1.629019E-11
   1.485750E+04  1.063675E-10  1.595470E-11
   1.487250E+04  9.759220E-11  1.528244E-11
   1.488750E+04  8.748729E-11  1.446967E-11
   1.490250E+04  7.685054E-11  1.356160E-11
   1.491750E+04  7.525502E-11  1.342009E-11
   1.493250E+04  7.100032E-11  1.303522E-11
   1.494750E+04  5.690662E-11  1.167000E-11
   1.496250E+04  4.174925E-11  9.995755E-12
   1.497750E+04  3.722863E-11  9.439093E-12
   1.499250E+04  2.738964E-11  8.096288E-12
