 #  Results from PENEPMA.
 #  Probability of emission of characteristic photons. All in 1/(sr*electron).
 #    P = primary photons (from electron interactions);
 #    C = flourescence from characteristic x rays;
 #    B = flourescence from bremsstrahlung quanta;
 #   TF = C+B, total fluorescence;
 #    T = P+C+B, total intensity;
 #  unc = statistical uncertainty (3 sigma).
 #
 # IZ S0 S1  E (eV)      P            unc       C            unc       B            unc       TF           unc       T            unc
   42 M1 M3  1.0246E+02  1.776355E-08 4.78E-09  0.000000E+00 0.00E+00  2.393270E-11 2.93E-11  2.393270E-11 2.93E-11  1.778749E-08 4.78E-09
   25 L1 L2  1.0350E+02  1.074167E-08 3.72E-09  0.000000E+00 0.00E+00  1.196635E-11 2.07E-11  1.196635E-11 2.07E-11  1.075364E-08 3.72E-09
   24 L1 L3  1.0653E+02  6.198146E-07 2.83E-08  1.575445E-09 1.43E-09  1.017140E-09 1.91E-10  2.592585E-09 1.62E-09  6.224072E-07 2.83E-08
   26 L1 L2  1.0941E+02  2.999394E-07 1.97E-08  2.864446E-10 6.08E-10  6.421940E-10 1.52E-10  9.286386E-10 7.59E-10  3.008680E-07 1.97E-08
   25 L1 L3  1.1425E+02  4.053191E-08 7.23E-09  0.000000E+00 0.00E+00  8.775322E-11 5.61E-11  8.775322E-11 5.61E-11  4.061966E-08 7.23E-09
   27 L1 L2  1.1541E+02  4.296669E-10 7.44E-10  0.000000E+00 0.00E+00  3.988783E-12 1.20E-11  3.988783E-12 1.20E-11  4.336557E-10 7.44E-10
   15 L3 M1  1.2141E+02  2.263710E-08 5.40E-09  0.000000E+00 0.00E+00  1.196635E-11 2.07E-11  1.196635E-11 2.07E-11  2.264907E-08 5.40E-09
   28 L1 L2  1.2152E+02  3.251146E-08 6.47E-09  1.432223E-10 4.30E-10  9.174200E-11 5.74E-11  2.349643E-10 4.87E-10  3.274642E-08 6.49E-09
   26 L1 L3  1.2227E+02  1.148066E-06 3.85E-08  1.575445E-09 1.43E-09  2.369337E-09 2.92E-10  3.944782E-09 1.72E-09  1.152011E-06 3.85E-08
   15 L2 M1  1.2300E+02  1.060244E-08 3.70E-09  0.000000E+00 0.00E+00  1.196635E-11 2.07E-11  1.196635E-11 2.07E-11  1.061440E-08 3.70E-09
   29 L1 L2  1.2757E+02  5.728892E-10 8.59E-10  0.000000E+00 0.00E+00  0.000000E+00 0.00E+00  0.000000E+00 0.00E+00  5.728892E-10 8.59E-10
   27 L1 L3  1.3066E+02  1.432223E-09 1.36E-09  0.000000E+00 0.00E+00  0.000000E+00 0.00E+00  0.000000E+00 0.00E+00  1.432223E-09 1.36E-09
   28 L1 L3  1.3948E+02  1.367853E-07 1.33E-08  1.432223E-10 4.30E-10  2.911811E-10 1.02E-10  4.344034E-10 5.32E-10  1.372197E-07 1.33E-08
   14 L1 M3  1.4503E+02  1.818923E-08 4.84E-09  0.000000E+00 0.00E+00  1.595513E-11 2.39E-11  1.595513E-11 2.39E-11  1.820519E-08 4.84E-09
   29 L1 L3  1.4861E+02  1.145778E-09 1.22E-09  0.000000E+00 0.00E+00  0.000000E+00 0.00E+00  0.000000E+00 0.00E+00  1.145778E-09 1.22E-09
   16 L3 M1  1.4866E+02  2.779310E-08 5.98E-09  1.432223E-10 4.30E-10  1.196635E-11 2.07E-11  1.551886E-10 4.50E-10  2.794829E-08 6.00E-09
   16 L2 M1  1.4866E+02  1.547200E-08 4.47E-09  0.000000E+00 0.00E+00  3.988783E-12 1.20E-11  3.988783E-12 1.20E-11  1.547599E-08 4.47E-09
   42 M3 M4  1.5118E+02  4.482858E-08 7.60E-09  1.432223E-10 4.30E-10  6.382052E-11 4.79E-11  2.070428E-10 4.78E-10  4.503562E-08 7.61E-09
   14 L1 M2  1.5524E+02  7.734004E-09 3.16E-09  0.000000E+00 0.00E+00  1.196635E-11 2.07E-11  1.196635E-11 2.07E-11  7.745970E-09 3.16E-09
   42 M3 M5  1.6560E+02  4.291738E-07 2.35E-08  1.575445E-09 1.43E-09  6.142725E-10 1.48E-10  2.189718E-09 1.57E-09  4.313635E-07 2.36E-08
   42 M2 M4  1.7980E+02  2.329233E-07 1.73E-08  4.296669E-10 7.44E-10  3.789343E-10 1.17E-10  8.086012E-10 8.61E-10  2.337319E-07 1.74E-08
   15 L1 M3  1.8640E+02  1.432223E-09 1.36E-09  0.000000E+00 0.00E+00  0.000000E+00 0.00E+00  0.000000E+00 0.00E+00  1.432223E-09 1.36E-09
   15 L1 M2  1.8934E+02  7.161115E-10 9.61E-10  0.000000E+00 0.00E+00  0.000000E+00 0.00E+00  0.000000E+00 0.00E+00  7.161115E-10 9.61E-10
   42 M5 N3  1.9454E+02  8.295519E-07 3.27E-08  1.289001E-09 1.29E-09  9.732629E-10 1.87E-10  2.262264E-09 1.48E-09  8.318141E-07 3.27E-08
   42 M4 N2  1.9538E+02  5.199966E-07 2.59E-08  7.161115E-10 9.61E-10  4.507324E-10 1.27E-10  1.166844E-09 1.09E-09  5.211635E-07 2.59E-08
   42 M4 N3  1.9799E+02  8.636703E-08 1.06E-08  1.432223E-10 4.30E-10  9.174200E-11 5.74E-11  2.349643E-10 4.87E-10  8.660200E-08 1.06E-08
   42 L1 L2  2.1700E+02  8.593338E-10 1.05E-09  0.000000E+00 0.00E+00  1.196635E-11 2.07E-11  1.196635E-11 2.07E-11  8.713001E-10 1.05E-09
   16 L1 M3  2.2496E+02  1.718668E-09 1.49E-09  0.000000E+00 0.00E+00  0.000000E+00 0.00E+00  0.000000E+00 0.00E+00  1.718668E-09 1.49E-09
   16 L1 M2  2.2717E+02  1.289001E-09 1.29E-09  0.000000E+00 0.00E+00  0.000000E+00 0.00E+00  0.000000E+00 0.00E+00  1.289001E-09 1.29E-09
    6  K L2  2.8202E+02  1.110092E-07 1.20E-08  1.432223E-10 4.30E-10  6.780930E-11 4.93E-11  2.110316E-10 4.79E-10  1.112203E-07 1.20E-08
    6  K L3  2.8203E+02  2.207614E-07 1.69E-08  4.296669E-10 7.44E-10  1.196635E-10 6.55E-11  5.493304E-10 8.10E-10  2.213107E-07 1.69E-08
   82 N2 N4  3.2079E+02  0.000000E+00 0.00E+00  0.000000E+00 0.00E+00  3.988783E-12 1.20E-11  3.988783E-12 1.20E-11  3.988783E-12 1.20E-11
   42 M3 N1  3.2200E+02  2.217360E-07 1.69E-08  4.296669E-10 7.44E-10  3.390465E-10 1.10E-10  7.687134E-10 8.55E-10  2.225047E-07 1.69E-08
   42 L1 L3  3.2550E+02  2.578001E-09 1.82E-09  1.432223E-10 4.30E-10  3.988783E-11 3.78E-11  1.831101E-10 4.68E-10  2.761111E-09 1.87E-09
   42 M2 N1  3.4001E+02  8.307691E-08 1.04E-08  1.432223E-10 4.30E-10  9.971956E-11 5.98E-11  2.429419E-10 4.89E-10  8.331985E-08 1.04E-08
   42 M3 N4  3.8463E+02  1.461266E-08 4.34E-09  0.000000E+00 0.00E+00  1.595513E-11 2.39E-11  1.595513E-11 2.39E-11  1.462862E-08 4.34E-09
   42 M3 N5  3.8486E+02  1.118845E-07 1.20E-08  1.432223E-10 4.30E-10  1.396074E-10 7.08E-11  2.828297E-10 5.00E-10  1.121674E-07 1.20E-08
   42 M2 N4  4.0264E+02  4.684167E-08 7.77E-09  0.000000E+00 0.00E+00  7.977565E-11 5.35E-11  7.977565E-11 5.35E-11  4.692144E-08 7.77E-09
   23 L3 M1  4.4646E+02  1.210508E-07 1.25E-08  4.296669E-10 7.44E-10  1.555625E-10 7.47E-11  5.852294E-10 8.19E-10  1.216360E-07 1.25E-08
   42 M1 N2  4.4902E+02  2.721224E-08 5.92E-09  0.000000E+00 0.00E+00  1.595513E-11 2.39E-11  1.595513E-11 2.39E-11  2.722819E-08 5.92E-09
   42 M1 N3  4.5163E+02  3.782664E-08 6.98E-09  0.000000E+00 0.00E+00  4.387661E-11 3.97E-11  4.387661E-11 3.97E-11  3.787052E-08 6.98E-09
   23 L2 M1  4.5348E+02  5.816421E-08 8.66E-09  2.864446E-10 6.08E-10  5.983174E-11 4.63E-11  3.462763E-10 6.54E-10  5.851048E-08 8.68E-09
   23 L3 M2  4.7260E+02  1.432223E-10 4.30E-10  0.000000E+00 0.00E+00  0.000000E+00 0.00E+00  0.000000E+00 0.00E+00  1.432223E-10 4.30E-10
   23 L3 M3  4.7820E+02  2.864446E-10 6.08E-10  0.000000E+00 0.00E+00  0.000000E+00 0.00E+00  0.000000E+00 0.00E+00  2.864446E-10 6.08E-10
   23 L2 M3  4.8640E+02  1.432223E-10 4.30E-10  0.000000E+00 0.00E+00  0.000000E+00 0.00E+00  0.000000E+00 0.00E+00  1.432223E-10 4.30E-10
   24 L3 M1  5.0033E+02  4.788992E-05 2.49E-07  3.296977E-07 2.06E-08  5.786888E-08 1.50E-09  3.875666E-07 2.21E-08  4.827749E-05 2.50E-07
   24 L2 M1  5.1022E+02  2.323270E-05 1.73E-07  1.712939E-07 1.49E-08  2.878305E-08 1.02E-09  2.000769E-07 1.59E-08  2.343278E-05 1.74E-07
   23 L3 M4  5.1127E+02  1.145778E-09 1.22E-09  0.000000E+00 0.00E+00  3.988783E-12 1.20E-11  3.988783E-12 1.20E-11  1.149767E-09 1.22E-09
   23 L3 M5  5.1127E+02  1.260356E-08 4.03E-09  0.000000E+00 0.00E+00  1.196635E-11 2.07E-11  1.196635E-11 2.07E-11  1.261553E-08 4.03E-09
   23 L3 N1  5.1791E+02  2.009101E-09 1.61E-09  0.000000E+00 0.00E+00  0.000000E+00 0.00E+00  0.000000E+00 0.00E+00  2.009101E-09 1.61E-09
   23 L2 M4  5.1920E+02  6.158559E-09 2.82E-09  0.000000E+00 0.00E+00  3.988783E-12 1.20E-11  3.988783E-12 1.20E-11  6.162547E-09 2.82E-09
   23 L2 N1  5.2525E+02  8.633225E-10 1.05E-09  0.000000E+00 0.00E+00  0.000000E+00 0.00E+00  0.000000E+00 0.00E+00  8.633225E-10 1.05E-09
   24 L3 M2  5.2690E+02  4.253702E-08 7.40E-09  1.432223E-10 4.30E-10  3.191026E-11 3.38E-11  1.751326E-10 4.64E-10  4.271215E-08 7.42E-09
   24 L3 M3  5.3320E+02  4.096955E-08 7.27E-09  7.161115E-10 9.61E-10  5.584296E-11 4.48E-11  7.719544E-10 1.01E-09  4.174151E-08 7.33E-09
   24 L2 M3  5.4300E+02  3.766746E-08 6.97E-09  4.296669E-10 7.44E-10  5.584296E-11 4.48E-11  4.855098E-10 7.89E-10  3.815297E-08 7.01E-09
   25 L3 M1  5.5622E+02  4.015211E-06 7.19E-08  1.031201E-08 3.65E-09  5.041821E-09 4.25E-10  1.535383E-08 4.07E-09  4.030564E-06 7.20E-08
   25 L2 M1  5.6742E+02  1.939565E-06 5.00E-08  4.153446E-09 2.31E-09  2.233718E-09 2.83E-10  6.387165E-09 2.60E-09  1.945952E-06 5.01E-08
   24 L3 M4  5.7290E+02  6.941629E-07 2.99E-08  4.869558E-09 2.51E-09  8.057341E-10 1.70E-10  5.675292E-09 2.68E-09  6.998382E-07 3.00E-08
   24 L3 M5  5.7290E+02  7.767552E-06 1.00E-07  5.041425E-08 8.06E-09  9.537179E-09 5.85E-10  5.995143E-08 8.65E-09  7.827504E-06 1.00E-07
   24 L3 N1  5.7485E+02  8.941092E-07 3.40E-08  5.442447E-09 2.65E-09  1.144781E-09 2.03E-10  6.587228E-09 2.85E-09  9.006965E-07 3.41E-08
   24 L2 M4  5.8290E+02  3.978080E-06 7.17E-08  2.979024E-08 6.20E-09  4.926146E-09 4.20E-10  3.471638E-08 6.62E-09  4.012796E-06 7.19E-08
   24 L2 N1  5.8378E+02  4.247020E-07 2.34E-08  3.294113E-09 2.06E-09  5.983174E-10 1.47E-10  3.892430E-09 2.21E-09  4.285944E-07 2.35E-08
   23 L1 M3  5.8510E+02  5.728892E-09 2.72E-09  0.000000E+00 0.00E+00  1.595513E-11 2.39E-11  1.595513E-11 2.39E-11  5.744847E-09 2.72E-09
   23 L1 M2  5.8510E+02  6.445003E-09 2.88E-09  0.000000E+00 0.00E+00  1.196635E-11 2.07E-11  1.196635E-11 2.07E-11  6.456970E-09 2.88E-09
   25 L3 M2  5.8730E+02  4.439891E-09 2.39E-09  0.000000E+00 0.00E+00  3.988783E-12 1.20E-11  3.988783E-12 1.20E-11  4.443880E-09 2.39E-09
   25 L3 M3  5.9460E+02  4.439891E-09 2.39E-09  0.000000E+00 0.00E+00  0.000000E+00 0.00E+00  0.000000E+00 0.00E+00  4.439891E-09 2.39E-09
   25 L2 M3  6.0650E+02  4.014213E-09 2.27E-09  0.000000E+00 0.00E+00  1.595513E-11 2.39E-11  1.595513E-11 2.39E-11  4.030168E-09 2.27E-09
   26 L3 M1  6.1530E+02  1.505655E-04 4.46E-07  2.191301E-07 1.68E-08  1.919801E-07 2.63E-09  4.111102E-07 1.94E-08  1.509766E-04 4.46E-07
   26 L2 M1  6.2780E+02  7.378983E-05 3.10E-07  8.163671E-08 1.03E-08  9.536743E-08 1.90E-09  1.770041E-07 1.22E-08  7.396683E-05 3.10E-07
   25 L3 M5  6.3744E+02  9.555715E-07 3.51E-08  2.148334E-09 1.66E-09  1.144781E-09 2.03E-10  3.293115E-09 1.87E-09  9.588646E-07 3.51E-08
   25 L3 M4  6.3744E+02  8.508202E-08 1.05E-08  2.864446E-10 6.08E-10  1.037083E-10 6.10E-11  3.901529E-10 6.69E-10  8.547217E-08 1.05E-08
   25 L3 N1  6.4497E+02  7.634945E-08 9.92E-09  8.593338E-10 1.05E-09  1.236523E-10 6.66E-11  9.829860E-10 1.12E-09  7.733243E-08 9.98E-09
   25 L2 M4  6.4880E+02  4.802722E-07 2.49E-08  1.575445E-09 1.43E-09  5.504520E-10 1.41E-10  2.125897E-09 1.57E-09  4.823981E-07 2.49E-08
   26 L3 M2  6.5010E+02  1.879276E-07 1.56E-08  1.432223E-10 4.30E-10  1.794952E-10 8.03E-11  3.227175E-10 5.10E-10  1.882503E-07 1.56E-08
   24 L1 M2  6.5390E+02  1.806249E-06 4.83E-08  5.156003E-09 2.58E-09  2.887879E-09 3.22E-10  8.043881E-09 2.90E-09  1.814292E-06 4.83E-08
   24 L1 M3  6.5390E+02  2.666931E-06 5.87E-08  9.595894E-09 3.52E-09  4.248053E-09 3.90E-10  1.384395E-08 3.91E-09  2.680775E-06 5.88E-08
   25 L2 N1  6.5572E+02  3.867401E-08 7.06E-09  1.432223E-10 4.30E-10  5.983174E-11 4.63E-11  2.030540E-10 4.76E-10  3.887706E-08 7.07E-09
   26 L3 M3  6.5680E+02  1.734621E-07 1.50E-08  4.296669E-10 7.44E-10  2.552821E-10 9.57E-11  6.849490E-10 8.40E-10  1.741471E-07 1.50E-08
   26 L2 M3  6.7040E+02  1.614275E-07 1.44E-08  0.000000E+00 0.00E+00  2.393270E-10 9.27E-11  2.393270E-10 9.27E-11  1.616668E-07 1.44E-08
   27 L3 M1  6.7780E+02  2.049671E-07 1.63E-08  0.000000E+00 0.00E+00  3.749456E-10 1.16E-10  3.749456E-10 1.16E-10  2.053420E-07 1.63E-08
   24 L1 M4  6.9347E+02  4.726336E-09 2.47E-09  0.000000E+00 0.00E+00  0.000000E+00 0.00E+00  0.000000E+00 0.00E+00  4.726336E-09 2.47E-09
   27 L2 M1  6.9380E+02  9.998113E-08 1.14E-08  1.432223E-10 4.30E-10  1.635401E-10 7.66E-11  3.067624E-10 5.06E-10  1.002879E-07 1.14E-08
   24 L1 M5  6.9748E+02  4.587102E-09 2.43E-09  0.000000E+00 0.00E+00  1.196635E-11 2.07E-11  1.196635E-11 2.07E-11  4.599068E-09 2.43E-09
   26 L3 M4  7.0480E+02  4.626774E-06 7.72E-08  6.588225E-09 2.91E-09  6.043006E-09 4.66E-10  1.263123E-08 3.38E-09  4.639405E-06 7.73E-08
   26 L3 M5  7.0480E+02  5.130851E-05 2.58E-07  7.519170E-08 9.84E-09  6.578300E-08 1.54E-09  1.409747E-07 1.14E-08  5.144948E-05 2.58E-07
   26 L3 N1  7.1316E+02  3.086895E-06 6.31E-08  4.583113E-09 2.43E-09  3.833220E-09 3.71E-10  8.416333E-09 2.80E-09  3.095311E-06 6.31E-08
   27 L3 M2  7.1590E+02  4.296669E-10 7.44E-10  0.000000E+00 0.00E+00  0.000000E+00 0.00E+00  0.000000E+00 0.00E+00  4.296669E-10 7.44E-10
   26 L2 M4  7.1832E+02  2.564962E-05 1.82E-07  2.936057E-08 6.15E-09  3.199004E-08 1.07E-09  6.135061E-08 7.22E-09  2.571098E-05 1.82E-07
   25 L1 M2  7.2120E+02  1.508410E-07 1.39E-08  0.000000E+00 0.00E+00  2.712372E-10 9.87E-11  2.712372E-10 9.87E-11  1.511122E-07 1.39E-08
   25 L1 M3  7.2120E+02  2.268761E-07 1.71E-08  1.432223E-10 4.30E-10  3.629792E-10 1.14E-10  5.062015E-10 5.44E-10  2.273823E-07 1.71E-08
   27 L3 M3  7.2190E+02  2.864446E-10 6.08E-10  0.000000E+00 0.00E+00  0.000000E+00 0.00E+00  0.000000E+00 0.00E+00  2.864446E-10 6.08E-10
   26 L2 N1  7.2602E+02  1.507936E-06 4.41E-08  1.861890E-09 1.55E-09  1.842818E-09 2.57E-10  3.704707E-09 1.81E-09  1.511641E-06 4.41E-08
   27 L2 M3  7.3740E+02  2.864446E-10 6.08E-10  0.000000E+00 0.00E+00  0.000000E+00 0.00E+00  0.000000E+00 0.00E+00  2.864446E-10 6.08E-10
   28 L3 M1  7.4272E+02  2.305824E-05 1.73E-07  1.546801E-08 4.47E-09  4.104819E-08 1.29E-09  5.651619E-08 5.75E-09  2.311476E-05 1.73E-07
   28 L2 M1  7.6200E+02  1.119718E-05 1.20E-07  5.012780E-09 2.54E-09  2.080549E-08 8.64E-10  2.581827E-08 3.41E-09  1.122300E-05 1.20E-07
   25 L1 M4  7.6834E+02  1.432223E-10 4.30E-10  0.000000E+00 0.00E+00  3.988783E-12 1.20E-11  3.988783E-12 1.20E-11  1.472111E-10 4.30E-10
   25 L1 M5  7.6936E+02  5.728892E-10 8.59E-10  0.000000E+00 0.00E+00  0.000000E+00 0.00E+00  0.000000E+00 0.00E+00  5.728892E-10 8.59E-10
   27 L3 M5  7.7625E+02  1.097242E-07 1.19E-08  1.432223E-10 4.30E-10  1.874728E-10 8.20E-11  3.306951E-10 5.12E-10  1.100549E-07 1.19E-08
   27 L3 M4  7.7625E+02  9.739116E-09 3.54E-09  0.000000E+00 0.00E+00  1.994391E-11 2.68E-11  1.994391E-11 2.68E-11  9.759060E-09 3.54E-09
   27 L3 N1  7.8448E+02  4.010224E-09 2.27E-09  0.000000E+00 0.00E+00  7.977565E-12 1.69E-11  7.977565E-12 1.69E-11  4.018202E-09 2.27E-09
   28 L3 M2  7.8470E+02  3.537591E-08 6.75E-09  1.432223E-10 4.30E-10  3.988783E-11 3.78E-11  1.831101E-10 4.68E-10  3.555902E-08 6.77E-09
   28 L3 M3  7.8990E+02  3.666491E-08 6.87E-09  0.000000E+00 0.00E+00  6.780930E-11 4.93E-11  6.780930E-11 4.93E-11  3.673272E-08 6.87E-09
   27 L2 M4  7.9141E+02  5.342989E-08 8.30E-09  1.432223E-10 4.30E-10  6.382052E-11 4.79E-11  2.070428E-10 4.78E-10  5.363694E-08 8.31E-09
   26 L1 M3  7.9220E+02  8.065490E-06 1.02E-07  8.450115E-09 3.30E-09  1.643378E-08 7.68E-10  2.488390E-08 4.07E-09  8.090374E-06 1.02E-07
   26 L1 M2  7.9220E+02  5.457853E-06 8.39E-08  7.017892E-09 3.01E-09  1.112471E-08 6.32E-10  1.814261E-08 3.64E-09  5.475996E-06 8.39E-08
   27 L2 N1  7.9973E+02  1.861890E-09 1.55E-09  0.000000E+00 0.00E+00  0.000000E+00 0.00E+00  0.000000E+00 0.00E+00  1.861890E-09 1.55E-09
   28 L2 M3  8.0760E+02  3.495023E-08 6.71E-09  0.000000E+00 0.00E+00  6.780930E-11 4.93E-11  6.780930E-11 4.93E-11  3.501804E-08 6.71E-09
   29 L3 M1  8.1108E+02  2.741354E-07 1.88E-08  1.432223E-10 4.30E-10  4.786539E-10 1.31E-10  6.218762E-10 5.61E-10  2.747573E-07 1.88E-08
   29 L2 M1  8.3210E+02  1.302010E-07 1.30E-08  5.728892E-10 8.59E-10  2.672484E-10 9.79E-11  8.401376E-10 9.57E-10  1.310412E-07 1.30E-08
   26 L1 M4  8.4452E+02  1.704744E-08 4.69E-09  0.000000E+00 0.00E+00  2.792148E-11 3.17E-11  2.792148E-11 3.17E-11  1.707536E-08 4.69E-09
   26 L1 M5  8.4544E+02  2.348846E-08 5.50E-09  0.000000E+00 0.00E+00  3.191026E-11 3.38E-11  3.191026E-11 3.38E-11  2.352037E-08 5.50E-09
   28 L3 M4  8.5147E+02  1.418928E-06 4.28E-08  5.728892E-10 8.59E-10  2.636585E-09 3.08E-10  3.209474E-09 1.17E-09  1.422137E-06 4.28E-08
   28 L3 M5  8.5147E+02  1.550782E-05 1.41E-07  8.879782E-09 3.38E-09  2.745080E-08 9.93E-10  3.633058E-08 4.38E-09  1.554415E-05 1.42E-07
   29 L3 M2  8.5580E+02  7.161115E-10 9.61E-10  0.000000E+00 0.00E+00  0.000000E+00 0.00E+00  0.000000E+00 0.00E+00  7.161115E-10 9.61E-10
   29 L3 M3  8.5880E+02  1.432223E-10 4.30E-10  0.000000E+00 0.00E+00  0.000000E+00 0.00E+00  0.000000E+00 0.00E+00  1.432223E-10 4.30E-10
   28 L3 N1  8.5893E+02  5.308855E-07 2.62E-08  2.864446E-10 6.08E-10  1.017140E-09 1.91E-10  1.303584E-09 7.99E-10  5.321891E-07 2.62E-08
   27 L1 M3  8.6640E+02  9.313438E-09 3.46E-09  0.000000E+00 0.00E+00  3.191026E-11 3.38E-11  3.191026E-11 3.38E-11  9.345348E-09 3.46E-09
   27 L1 M2  8.6640E+02  6.735437E-09 2.95E-09  0.000000E+00 0.00E+00  7.977565E-12 1.69E-11  7.977565E-12 1.69E-11  6.743414E-09 2.95E-09
   28 L2 M4  8.6877E+02  7.752971E-06 1.00E-07  3.437335E-09 2.10E-09  1.413226E-08 7.12E-10  1.756959E-08 2.82E-09  7.770540E-06 1.00E-07
   28 L2 N1  8.7689E+02  2.639786E-07 1.85E-08  0.000000E+00 0.00E+00  4.068558E-10 1.21E-10  4.068558E-10 1.21E-10  2.643855E-07 1.85E-08
   29 L2 M3  8.7850E+02  4.296669E-10 7.44E-10  0.000000E+00 0.00E+00  3.988783E-12 1.20E-11  3.988783E-12 1.20E-11  4.336557E-10 7.44E-10
   29 L3 M5  9.2968E+02  2.416320E-07 1.76E-08  0.000000E+00 0.00E+00  4.427549E-10 1.26E-10  4.427549E-10 1.26E-10  2.420747E-07 1.76E-08
   29 L3 M4  9.2968E+02  2.363168E-08 5.52E-09  0.000000E+00 0.00E+00  4.387661E-11 3.97E-11  4.387661E-11 3.97E-11  2.367555E-08 5.52E-09
   29 L3 N1  9.3038E+02  5.299225E-09 2.61E-09  0.000000E+00 0.00E+00  1.994391E-11 2.68E-11  1.994391E-11 2.68E-11  5.319169E-09 2.61E-09
   28 L1 M3  9.4070E+02  1.362164E-06 4.19E-08  2.434779E-09 1.77E-09  3.960861E-09 3.77E-10  6.395640E-09 2.15E-09  1.368559E-06 4.19E-08
   28 L1 M2  9.4070E+02  8.791623E-07 3.37E-08  7.161115E-10 9.61E-10  2.600686E-09 3.06E-10  3.316798E-09 1.27E-09  8.824790E-07 3.37E-08
   29 L2 M4  9.4984E+02  1.201715E-07 1.24E-08  0.000000E+00 0.00E+00  2.632596E-10 9.72E-11  2.632596E-10 9.72E-11  1.204347E-07 1.24E-08
   29 L2 N1  9.5142E+02  3.150890E-09 2.02E-09  0.000000E+00 0.00E+00  0.000000E+00 0.00E+00  0.000000E+00 0.00E+00  3.150890E-09 2.02E-09
   28 L1 M4  1.0076E+03  1.718668E-09 1.49E-09  0.000000E+00 0.00E+00  3.988783E-12 1.20E-11  3.988783E-12 1.20E-11  1.722656E-09 1.49E-09
   28 L1 M5  1.0083E+03  5.728892E-09 2.72E-09  0.000000E+00 0.00E+00  1.595513E-11 2.39E-11  1.595513E-11 2.39E-11  5.744847E-09 2.72E-09
   29 L1 M3  1.0228E+03  1.632734E-08 4.59E-09  0.000000E+00 0.00E+00  4.387661E-11 3.97E-11  4.387661E-11 3.97E-11  1.637122E-08 4.59E-09
   29 L1 M2  1.0228E+03  1.131456E-08 3.82E-09  0.000000E+00 0.00E+00  1.994391E-11 2.68E-11  1.994391E-11 2.68E-11  1.133451E-08 3.82E-09
   29 L1 M5  1.0930E+03  0.000000E+00 0.00E+00  0.000000E+00 0.00E+00  3.988783E-12 1.20E-11  3.988783E-12 1.20E-11  3.988783E-12 1.20E-11
   14  K L2  1.7394E+03  8.189690E-07 3.25E-08  4.726336E-09 2.47E-09  6.936493E-09 4.99E-10  1.166283E-08 2.97E-09  8.306318E-07 3.26E-08
   14  K L3  1.7400E+03  1.677969E-06 4.65E-08  6.588225E-09 2.91E-09  1.413625E-08 7.12E-10  2.072447E-08 3.63E-09  1.698693E-06 4.66E-08
   14  K M3  1.8360E+03  2.663935E-08 5.86E-09  0.000000E+00 0.00E+00  2.991587E-10 1.04E-10  2.991587E-10 1.04E-10  2.693851E-08 5.86E-09
   14  K M2  1.8360E+03  1.461266E-08 4.34E-09  0.000000E+00 0.00E+00  1.116859E-10 6.33E-11  1.116859E-10 6.33E-11  1.472435E-08 4.34E-09
   15  K L2  2.0127E+03  3.093602E-08 6.31E-09  1.432223E-10 4.30E-10  3.270802E-10 1.08E-10  4.703025E-10 5.38E-10  3.140632E-08 6.33E-09
   15  K L3  2.0137E+03  5.428524E-08 8.36E-09  2.864446E-10 6.08E-10  7.139921E-10 1.60E-10  1.000437E-09 7.68E-10  5.528567E-08 8.39E-09
   42 L3 M1  2.0157E+03  5.597207E-07 2.69E-08  6.588225E-09 2.91E-09  9.409538E-09 5.81E-10  1.599776E-08 3.50E-09  5.757185E-07 2.70E-08
   42 L3 M2  2.1108E+03  2.434779E-09 1.77E-09  0.000000E+00 0.00E+00  1.994391E-11 2.68E-11  1.994391E-11 2.68E-11  2.454723E-09 1.77E-09
   42 L2 M1  2.1203E+03  1.343505E-07 1.32E-08  2.148334E-09 1.66E-09  2.345404E-09 2.90E-10  4.493739E-09 1.95E-09  1.388442E-07 1.33E-08
   42 L3 M3  2.1280E+03  3.007668E-09 1.97E-09  0.000000E+00 0.00E+00  4.786539E-11 4.15E-11  4.786539E-11 4.15E-11  3.055534E-09 1.97E-09
   15  K M3  2.1391E+03  1.145778E-09 1.22E-09  0.000000E+00 0.00E+00  1.196635E-11 2.07E-11  1.196635E-11 2.07E-11  1.157745E-09 1.22E-09
   15  K M2  2.1391E+03  4.296669E-10 7.44E-10  0.000000E+00 0.00E+00  1.595513E-11 2.39E-11  1.595513E-11 2.39E-11  4.456220E-10 7.45E-10
   42 L2 M3  2.2329E+03  1.575445E-09 1.43E-09  0.000000E+00 0.00E+00  3.191026E-11 3.38E-11  3.191026E-11 3.38E-11  1.607355E-09 1.43E-09
   42 L3 M4  2.2899E+03  3.895766E-07 2.24E-08  5.156003E-09 2.58E-09  6.413962E-09 4.80E-10  1.156996E-08 3.06E-09  4.011466E-07 2.26E-08
   42 L3 M5  2.2932E+03  3.430783E-06 6.65E-08  3.995902E-08 7.18E-09  5.532005E-08 1.47E-09  9.527907E-08 8.65E-09  3.526062E-06 6.69E-08
   16  K L2  2.3067E+03  2.248590E-08 5.38E-09  0.000000E+00 0.00E+00  3.430353E-10 1.11E-10  3.430353E-10 1.11E-10  2.282894E-08 5.38E-09
   16  K L3  2.3079E+03  4.797947E-08 7.86E-09  1.145778E-09 1.22E-09  9.293863E-10 1.83E-10  2.075165E-09 1.40E-09  5.005463E-08 7.96E-09
   82 M5 N6  2.3360E+03  1.432223E-10 4.30E-10  0.000000E+00 0.00E+00  0.000000E+00 0.00E+00  0.000000E+00 0.00E+00  1.432223E-10 4.30E-10
   82 M5 N7  2.3412E+03  1.432223E-09 1.36E-09  0.000000E+00 0.00E+00  1.595513E-11 2.39E-11  1.595513E-11 2.39E-11  1.448178E-09 1.36E-09
   42 L2 M4  2.3948E+03  1.408635E-06 4.26E-08  1.675701E-08 4.65E-09  2.402843E-08 9.29E-10  4.078543E-08 5.58E-09  1.449421E-06 4.29E-08
   82 M5 O3  2.4014E+03  1.432223E-10 4.30E-10  0.000000E+00 0.00E+00  0.000000E+00 0.00E+00  0.000000E+00 0.00E+00  1.432223E-10 4.30E-10
   82 M4 N6  2.4417E+03  1.145778E-09 1.22E-09  0.000000E+00 0.00E+00  7.977565E-12 1.69E-11  7.977565E-12 1.69E-11  1.153756E-09 1.22E-09
   42 L3 N1  2.4514E+03  3.136967E-08 6.36E-09  5.728892E-10 8.59E-10  5.265193E-10 1.37E-10  1.099408E-09 9.97E-10  3.246908E-08 6.42E-09
   42 L1 M2  2.4557E+03  6.015336E-08 8.81E-09  1.575445E-09 1.43E-09  1.104893E-09 1.99E-10  2.680338E-09 1.62E-09  6.283370E-08 8.92E-09
   16  K M3  2.4641E+03  2.291557E-09 1.72E-09  0.000000E+00 0.00E+00  2.792148E-11 3.17E-11  2.792148E-11 3.17E-11  2.319478E-09 1.72E-09
   16  K M2  2.4697E+03  1.002556E-09 1.14E-09  0.000000E+00 0.00E+00  1.196635E-11 2.07E-11  1.196635E-11 2.07E-11  1.014522E-09 1.14E-09
   42 L1 M3  2.4731E+03  1.046955E-07 1.16E-08  1.575445E-09 1.43E-09  1.886694E-09 2.60E-10  3.462139E-09 1.69E-09  1.081576E-07 1.17E-08
   82 M4 O2  2.4838E+03  1.432223E-10 4.30E-10  0.000000E+00 0.00E+00  0.000000E+00 0.00E+00  0.000000E+00 0.00E+00  1.432223E-10 4.30E-10
   42 L3 N4  2.5140E+03  1.403578E-08 4.25E-09  2.864446E-10 6.08E-10  1.755064E-10 7.94E-11  4.619510E-10 6.87E-10  1.449774E-08 4.30E-09
   42 L3 N5  2.5142E+03  1.130064E-07 1.21E-08  1.002556E-09 1.14E-09  2.010346E-09 2.69E-10  3.012902E-09 1.41E-09  1.160193E-07 1.21E-08
   42 L2 N1  2.5599E+03  1.059845E-08 3.70E-09  1.432223E-10 4.30E-10  1.994391E-10 8.46E-11  3.426614E-10 5.14E-10  1.094111E-08 3.72E-09
   42 L2 N4  2.6225E+03  4.898202E-08 7.95E-09  5.728892E-10 8.59E-10  7.738238E-10 1.67E-10  1.346713E-09 1.03E-09  5.032874E-08 7.99E-09
   42 L1 M4  2.6337E+03  0.000000E+00 0.00E+00  0.000000E+00 0.00E+00  1.994391E-11 2.68E-11  1.994391E-11 2.68E-11  1.994391E-11 2.68E-11
   42 L1 M5  2.6378E+03  2.864446E-10 6.08E-10  0.000000E+00 0.00E+00  1.595513E-11 2.39E-11  1.595513E-11 2.39E-11  3.023997E-10 6.08E-10
   42 L1 N2  2.8014E+03  6.731448E-09 2.95E-09  1.432223E-10 4.30E-10  1.914616E-10 8.29E-11  3.346839E-10 5.13E-10  7.066132E-09 2.98E-09
   42 L1 N3  2.8040E+03  1.747312E-08 4.75E-09  4.296669E-10 7.44E-10  3.589904E-10 1.14E-10  7.886573E-10 8.58E-10  1.826178E-08 4.81E-09
   42 L1 N4  2.8395E+03  1.432223E-10 4.30E-10  0.000000E+00 0.00E+00  0.000000E+00 0.00E+00  0.000000E+00 0.00E+00  1.432223E-10 4.30E-10
   82 M2 O4  3.5205E+03  1.432223E-10 4.30E-10  0.000000E+00 0.00E+00  0.000000E+00 0.00E+00  0.000000E+00 0.00E+00  1.432223E-10 4.30E-10
   23  K L2  4.9447E+03  1.990790E-08 5.07E-09  3.437335E-09 2.10E-09  1.356186E-09 2.21E-10  4.793521E-09 2.33E-09  2.470142E-08 5.49E-09
   23  K L3  4.9522E+03  3.394368E-08 6.61E-09  5.728892E-09 2.72E-09  2.492989E-09 2.99E-10  8.221881E-09 3.02E-09  4.216556E-08 7.16E-09
   24  K L2  5.4055E+03  6.022661E-06 8.82E-08  1.117564E-06 3.80E-08  4.033138E-07 3.81E-09  1.520877E-06 4.18E-08  7.543538E-06 9.61E-08
   24  K L3  5.4148E+03  1.190385E-05 1.24E-07  2.156785E-06 5.27E-08  7.947330E-07 5.35E-09  2.951518E-06 5.81E-08  1.485537E-05 1.35E-07
   23  K M3  5.4273E+03  3.580557E-09 2.15E-09  2.864446E-10 6.08E-10  3.230914E-10 1.08E-10  6.095360E-10 7.15E-10  4.190093E-09 2.24E-09
   23  K M2  5.4273E+03  2.005112E-09 1.61E-09  1.432223E-10 4.30E-10  1.316298E-10 6.87E-11  2.748521E-10 4.98E-10  2.279964E-09 1.67E-09
   25  K L2  5.8877E+03  4.309639E-07 2.36E-08  1.747312E-08 4.75E-09  2.511736E-08 9.50E-10  4.259048E-08 5.70E-09  4.735543E-07 2.41E-08
   25  K L3  5.8988E+03  8.308365E-07 3.27E-08  3.251146E-08 6.47E-09  4.919365E-08 1.33E-09  8.170512E-08 7.80E-09  9.125416E-07 3.34E-08
   24  K M3  5.9468E+03  1.362203E-06 4.19E-08  2.497797E-07 1.80E-08  9.129525E-08 1.81E-09  3.410749E-07 1.98E-08  1.703278E-06 4.57E-08
   24  K M2  5.9468E+03  6.976478E-07 3.00E-08  1.251763E-07 1.27E-08  4.685224E-08 1.30E-09  1.720285E-07 1.40E-08  8.696763E-07 3.26E-08
   24  K M5  5.9870E+03  1.432223E-10 4.30E-10  0.000000E+00 0.00E+00  2.393270E-11 2.93E-11  2.393270E-11 2.93E-11  1.671550E-10 4.31E-10
   24  K M4  5.9870E+03  2.864446E-10 6.08E-10  0.000000E+00 0.00E+00  3.988783E-12 1.20E-11  3.988783E-12 1.20E-11  2.904334E-10 6.08E-10
   26  K L2  6.3910E+03  1.394787E-05 1.34E-07  2.217081E-07 1.69E-08  7.414748E-07 5.17E-09  9.631829E-07 2.21E-08  1.491105E-05 1.35E-07
   26  K L3  6.4040E+03  2.730235E-05 1.88E-07  4.333907E-07 2.36E-08  1.454186E-06 7.25E-09  1.887577E-06 3.09E-08  2.918992E-05 1.90E-07
   25  K M2  6.4906E+03  5.141680E-08 8.14E-09  2.005112E-09 1.61E-09  3.083329E-09 3.33E-10  5.088441E-09 1.94E-09  5.650524E-08 8.30E-09
   25  K M3  6.4906E+03  1.064142E-07 1.17E-08  3.007668E-09 1.97E-09  5.755813E-09 4.55E-10  8.763481E-09 2.42E-09  1.151776E-07 1.19E-08
   25  K M4  6.5354E+03  0.000000E+00 0.00E+00  0.000000E+00 0.00E+00  3.988783E-12 1.20E-11  3.988783E-12 1.20E-11  3.988783E-12 1.20E-11
   25  K M5  6.5354E+03  0.000000E+00 0.00E+00  0.000000E+00 0.00E+00  3.988783E-12 1.20E-11  3.988783E-12 1.20E-11  3.988783E-12 1.20E-11
   27  K L2  6.9155E+03  1.690023E-08 4.67E-09  0.000000E+00 0.00E+00  1.144781E-09 2.03E-10  1.144781E-09 2.03E-10  1.804501E-08 4.67E-09
   27  K L3  6.9304E+03  3.380046E-08 6.60E-09  1.432223E-10 4.30E-10  1.874728E-09 2.59E-10  2.017950E-09 6.89E-10  3.581841E-08 6.62E-09
   26  K M2  7.0582E+03  1.657941E-06 4.62E-08  2.406135E-08 5.57E-09  8.960800E-08 1.79E-09  1.136693E-07 7.36E-09  1.771611E-06 4.66E-08
   26  K M3  7.0582E+03  3.322761E-06 6.54E-08  5.213291E-08 8.20E-09  1.747406E-07 2.51E-09  2.268735E-07 1.07E-08  3.549635E-06 6.60E-08
   26  K M4  7.1083E+03  5.728892E-10 8.59E-10  0.000000E+00 0.00E+00  4.387661E-11 3.97E-11  4.387661E-11 3.97E-11  6.167658E-10 8.60E-10
   26  K M5  7.1083E+03  1.432223E-09 1.36E-09  0.000000E+00 0.00E+00  7.977565E-11 5.35E-11  7.977565E-11 5.35E-11  1.511999E-09 1.36E-09
   28  K L2  7.4610E+03  1.701338E-06 4.68E-08  0.000000E+00 0.00E+00  1.227428E-07 2.10E-09  1.227428E-07 2.10E-09  1.824080E-06 4.69E-08
   28  K L3  7.4783E+03  3.275211E-06 6.50E-08  0.000000E+00 0.00E+00  2.413054E-07 2.95E-09  2.413054E-07 2.95E-09  3.516517E-06 6.51E-08
   27  K M2  7.6494E+03  2.721224E-09 1.87E-09  0.000000E+00 0.00E+00  1.396074E-10 7.08E-11  1.396074E-10 7.08E-11  2.860831E-09 1.87E-09
   27  K M3  7.6494E+03  4.296669E-09 2.35E-09  0.000000E+00 0.00E+00  2.632596E-10 9.72E-11  2.632596E-10 9.72E-11  4.559928E-09 2.36E-09
   29  K L2  8.0278E+03  1.575445E-08 4.51E-09  0.000000E+00 0.00E+00  1.635401E-09 2.42E-10  1.635401E-09 2.42E-10  1.738985E-08 4.51E-09
   29  K L3  8.0478E+03  3.093602E-08 6.31E-09  0.000000E+00 0.00E+00  2.780181E-09 3.16E-10  2.780181E-09 3.16E-10  3.371620E-08 6.32E-09
   28  K M3  8.2648E+03  3.957232E-07 2.26E-08  0.000000E+00 0.00E+00  2.953295E-08 1.03E-09  2.953295E-08 1.03E-09  4.252561E-07 2.26E-08
   28  K M2  8.2648E+03  1.997951E-07 1.60E-08  0.000000E+00 0.00E+00  1.500979E-08 7.34E-10  1.500979E-08 7.34E-10  2.148049E-07 1.61E-08
   28  K M5  8.3287E+03  1.432223E-10 4.30E-10  0.000000E+00 0.00E+00  7.977565E-12 1.69E-11  7.977565E-12 1.69E-11  1.511999E-10 4.30E-10
   28  K M4  8.3287E+03  2.864446E-10 6.08E-10  0.000000E+00 0.00E+00  1.196635E-11 2.07E-11  1.196635E-11 2.07E-11  2.984109E-10 6.08E-10
   29  K M3  8.9054E+03  5.156003E-09 2.58E-09  0.000000E+00 0.00E+00  3.230914E-10 1.08E-10  3.230914E-10 1.08E-10  5.479094E-09 2.58E-09
   29  K M2  8.9054E+03  1.718668E-09 1.49E-09  0.000000E+00 0.00E+00  1.954503E-10 8.38E-11  1.954503E-10 8.38E-11  1.914118E-09 1.49E-09
   29  K M4  8.9771E+03  0.000000E+00 0.00E+00  0.000000E+00 0.00E+00  3.988783E-12 1.20E-11  3.988783E-12 1.20E-11  3.988783E-12 1.20E-11
