 #  Results from PENEPMA. Output from photon detector #  1
 #
 #  Angular intervals : theta_1 = 5.000000E+01,  theta_2 = 6.000000E+01
 #                        phi_1 = 0.000000E+00,    phi_2 = 3.600000E+02
 #
 #  Intensities of characteristic lines. All in 1/(sr*electron).
 #    P = primary photons (from electron interactions);
 #    C = flourescence from characteristic x rays;
 #    B = flourescence from bremsstrahlung quanta;
 #   TF = C+B, total fluorescence;
 #  unc = statistical uncertainty (3 sigma).
 #
 # IZ S0 S1  E (eV)      P            unc       C            unc       B            unc       TF           unc       T            unc
   25 L1 L2  1.0350E+02  2.006089E-09 6.02E-09  0.000000E+00 0.00E+00  0.000000E+00 0.00E+00  0.000000E+00 0.00E+00  2.006089E-09 6.02E-09
   24 L1 L3  1.0653E+02  1.604871E-08 1.70E-08  0.000000E+00 0.00E+00  0.000000E+00 0.00E+00  0.000000E+00 0.00E+00  1.604871E-08 1.70E-08
   26 L1 L2  1.0941E+02  1.203653E-08 1.47E-08  0.000000E+00 0.00E+00  5.587015E-11 1.68E-10  5.587015E-11 1.68E-10  1.209240E-08 1.47E-08
   15 L3 M1  1.2141E+02  2.006089E-09 6.02E-09  0.000000E+00 0.00E+00  0.000000E+00 0.00E+00  0.000000E+00 0.00E+00  2.006089E-09 6.02E-09
   26 L1 L3  1.2227E+02  3.009133E-08 2.33E-08  0.000000E+00 0.00E+00  5.587015E-11 1.68E-10  5.587015E-11 1.68E-10  3.014720E-08 2.33E-08
   28 L1 L3  1.3948E+02  2.006089E-09 6.02E-09  0.000000E+00 0.00E+00  0.000000E+00 0.00E+00  0.000000E+00 0.00E+00  2.006089E-09 6.02E-09
   16 L3 M1  1.4866E+02  6.018266E-09 1.04E-08  0.000000E+00 0.00E+00  0.000000E+00 0.00E+00  0.000000E+00 0.00E+00  6.018266E-09 1.04E-08
   42 M3 M4  1.5118E+02  2.006089E-09 6.02E-09  0.000000E+00 0.00E+00  0.000000E+00 0.00E+00  0.000000E+00 0.00E+00  2.006089E-09 6.02E-09
   42 M3 M5  1.6560E+02  1.404262E-08 1.59E-08  0.000000E+00 0.00E+00  0.000000E+00 0.00E+00  0.000000E+00 0.00E+00  1.404262E-08 1.59E-08
   42 M2 M4  1.7980E+02  1.003044E-08 1.35E-08  0.000000E+00 0.00E+00  0.000000E+00 0.00E+00  0.000000E+00 0.00E+00  1.003044E-08 1.35E-08
   42 M5 N3  1.9454E+02  5.617048E-08 3.18E-08  0.000000E+00 0.00E+00  5.587015E-11 1.68E-10  5.587015E-11 1.68E-10  5.622635E-08 3.18E-08
   42 M4 N2  1.9538E+02  3.610959E-08 2.55E-08  0.000000E+00 0.00E+00  0.000000E+00 0.00E+00  0.000000E+00 0.00E+00  3.610959E-08 2.55E-08
   42 M4 N3  1.9799E+02  6.018266E-09 1.04E-08  0.000000E+00 0.00E+00  0.000000E+00 0.00E+00  0.000000E+00 0.00E+00  6.018266E-09 1.04E-08
    6  K L2  2.8202E+02  1.203653E-08 1.47E-08  0.000000E+00 0.00E+00  0.000000E+00 0.00E+00  0.000000E+00 0.00E+00  1.203653E-08 1.47E-08
    6  K L3  2.8203E+02  2.206697E-08 2.00E-08  0.000000E+00 0.00E+00  0.000000E+00 0.00E+00  0.000000E+00 0.00E+00  2.206697E-08 2.00E-08
   42 M3 N1  3.2200E+02  2.808524E-08 2.25E-08  0.000000E+00 0.00E+00  1.117403E-10 2.37E-10  1.117403E-10 2.37E-10  2.819698E-08 2.25E-08
   42 L1 L3  3.2550E+02  2.006089E-09 6.02E-09  0.000000E+00 0.00E+00  0.000000E+00 0.00E+00  0.000000E+00 0.00E+00  2.006089E-09 6.02E-09
   42 M2 N1  3.4001E+02  1.404262E-08 1.59E-08  0.000000E+00 0.00E+00  0.000000E+00 0.00E+00  0.000000E+00 0.00E+00  1.404262E-08 1.59E-08
   42 M3 N5  3.8486E+02  2.808524E-08 2.25E-08  0.000000E+00 0.00E+00  0.000000E+00 0.00E+00  0.000000E+00 0.00E+00  2.808524E-08 2.25E-08
   42 M2 N4  4.0264E+02  1.203653E-08 1.47E-08  0.000000E+00 0.00E+00  0.000000E+00 0.00E+00  0.000000E+00 0.00E+00  1.203653E-08 1.47E-08
   23 L3 M1  4.4646E+02  3.410350E-08 2.48E-08  0.000000E+00 0.00E+00  0.000000E+00 0.00E+00  0.000000E+00 0.00E+00  3.410350E-08 2.48E-08
   42 M1 N2  4.4902E+02  4.012177E-09 8.51E-09  0.000000E+00 0.00E+00  0.000000E+00 0.00E+00  0.000000E+00 0.00E+00  4.012177E-09 8.51E-09
   42 M1 N3  4.5163E+02  1.003044E-08 1.35E-08  0.000000E+00 0.00E+00  0.000000E+00 0.00E+00  0.000000E+00 0.00E+00  1.003044E-08 1.35E-08
   23 L2 M1  4.5348E+02  2.206697E-08 2.00E-08  0.000000E+00 0.00E+00  0.000000E+00 0.00E+00  0.000000E+00 0.00E+00  2.206697E-08 2.00E-08
   24 L3 M1  5.0033E+02  1.653691E-05 5.46E-07  8.024354E-08 3.81E-08  1.301774E-08 2.56E-09  9.326129E-08 4.06E-08  1.663018E-05 5.48E-07
   24 L2 M1  5.1022E+02  8.389686E-06 3.89E-07  3.811568E-08 2.62E-08  5.866366E-09 1.72E-09  4.398205E-08 2.80E-08  8.433668E-06 3.90E-07
   23 L3 M5  5.1127E+02  8.024354E-09 1.20E-08  0.000000E+00 0.00E+00  0.000000E+00 0.00E+00  0.000000E+00 0.00E+00  8.024354E-09 1.20E-08
   23 L2 M4  5.1920E+02  2.006089E-09 6.02E-09  0.000000E+00 0.00E+00  0.000000E+00 0.00E+00  0.000000E+00 0.00E+00  2.006089E-09 6.02E-09
   24 L3 M2  5.2690E+02  6.018266E-09 1.04E-08  0.000000E+00 0.00E+00  0.000000E+00 0.00E+00  0.000000E+00 0.00E+00  6.018266E-09 1.04E-08
   24 L3 M3  5.3320E+02  1.604871E-08 1.70E-08  0.000000E+00 0.00E+00  5.587015E-11 1.68E-10  5.587015E-11 1.68E-10  1.610458E-08 1.70E-08
   24 L2 M3  5.4300E+02  1.003044E-08 1.35E-08  0.000000E+00 0.00E+00  0.000000E+00 0.00E+00  0.000000E+00 0.00E+00  1.003044E-08 1.35E-08
   25 L3 M1  5.5622E+02  1.536720E-06 1.67E-07  2.006089E-09 6.02E-09  1.452624E-09 8.55E-10  3.458712E-09 6.87E-09  1.540178E-06 1.67E-07
   25 L2 M1  5.6742E+02  7.984232E-07 1.20E-07  2.006089E-09 6.02E-09  6.704418E-10 5.81E-10  2.676530E-09 6.60E-09  8.010998E-07 1.20E-07
   24 L3 M4  5.7290E+02  2.808524E-07 7.12E-08  4.012177E-09 8.51E-09  2.793507E-10 3.75E-10  4.291528E-09 8.89E-09  2.851439E-07 7.17E-08
   24 L3 M5  5.7290E+02  3.338299E-06 2.45E-07  1.805480E-08 1.81E-08  2.346546E-09 1.09E-09  2.040134E-08 1.91E-08  3.358700E-06 2.46E-07
   24 L3 N1  5.7485E+02  4.092421E-07 8.60E-08  2.006089E-09 6.02E-09  2.793507E-10 3.75E-10  2.285439E-09 6.39E-09  4.115275E-07 8.62E-08
   24 L2 M4  5.8290E+02  1.217696E-06 1.48E-07  8.024354E-09 1.20E-08  1.005663E-09 7.11E-10  9.030017E-09 1.27E-08  1.226726E-06 1.49E-07
   24 L2 N1  5.8378E+02  1.303958E-07 4.85E-08  0.000000E+00 0.00E+00  1.676104E-10 2.90E-10  1.676104E-10 2.90E-10  1.305634E-07 4.85E-08
   23 L1 M3  5.8510E+02  4.012177E-09 8.51E-09  0.000000E+00 0.00E+00  0.000000E+00 0.00E+00  0.000000E+00 0.00E+00  4.012177E-09 8.51E-09
   25 L3 M2  5.8730E+02  4.012177E-09 8.51E-09  0.000000E+00 0.00E+00  0.000000E+00 0.00E+00  0.000000E+00 0.00E+00  4.012177E-09 8.51E-09
   25 L2 M3  6.0650E+02  0.000000E+00 0.00E+00  0.000000E+00 0.00E+00  5.587015E-11 1.68E-10  5.587015E-11 1.68E-10  5.587015E-11 1.68E-10
   26 L3 M1  6.1530E+02  3.951081E-05 8.45E-07  4.212786E-08 2.76E-08  2.899661E-08 3.82E-09  7.112447E-08 3.14E-08  3.958193E-05 8.45E-07
   26 L2 M1  6.2780E+02  1.997524E-05 6.01E-07  6.018266E-09 1.04E-08  1.575538E-08 2.81E-09  2.177365E-08 1.32E-08  1.999701E-05 6.01E-07
   25 L3 M5  6.3744E+02  2.768402E-07 7.07E-08  0.000000E+00 0.00E+00  2.793507E-10 3.75E-10  2.793507E-10 3.75E-10  2.771196E-07 7.07E-08
   25 L3 M4  6.3744E+02  1.604871E-08 1.70E-08  0.000000E+00 0.00E+00  0.000000E+00 0.00E+00  0.000000E+00 0.00E+00  1.604871E-08 1.70E-08
   25 L3 N1  6.4497E+02  2.407306E-08 2.08E-08  0.000000E+00 0.00E+00  0.000000E+00 0.00E+00  0.000000E+00 0.00E+00  2.407306E-08 2.08E-08
   25 L2 M4  6.4880E+02  1.424323E-07 5.07E-08  0.000000E+00 0.00E+00  1.117403E-10 2.37E-10  1.117403E-10 2.37E-10  1.425440E-07 5.07E-08
   26 L3 M2  6.5010E+02  5.416439E-08 3.13E-08  0.000000E+00 0.00E+00  0.000000E+00 0.00E+00  0.000000E+00 0.00E+00  5.416439E-08 3.13E-08
   24 L1 M2  6.5390E+02  5.516743E-07 9.98E-08  0.000000E+00 0.00E+00  4.469612E-10 4.74E-10  4.469612E-10 4.74E-10  5.521213E-07 9.98E-08
   24 L1 M3  6.5390E+02  7.362345E-07 1.15E-07  0.000000E+00 0.00E+00  6.704418E-10 5.81E-10  6.704418E-10 5.81E-10  7.369049E-07 1.15E-07
   25 L2 N1  6.5572E+02  6.018266E-09 1.04E-08  0.000000E+00 0.00E+00  0.000000E+00 0.00E+00  0.000000E+00 0.00E+00  6.018266E-09 1.04E-08
   26 L3 M3  6.5680E+02  4.012177E-08 2.69E-08  0.000000E+00 0.00E+00  1.117403E-10 2.37E-10  1.117403E-10 2.37E-10  4.023351E-08 2.69E-08
   26 L2 M3  6.7040E+02  3.610959E-08 2.55E-08  0.000000E+00 0.00E+00  1.117403E-10 2.37E-10  1.117403E-10 2.37E-10  3.622133E-08 2.55E-08
   27 L3 M1  6.7780E+02  7.823745E-08 3.76E-08  0.000000E+00 0.00E+00  1.676104E-10 2.90E-10  1.676104E-10 2.90E-10  7.840506E-08 3.76E-08
   24 L1 M4  6.9347E+02  2.006089E-09 6.02E-09  0.000000E+00 0.00E+00  0.000000E+00 0.00E+00  0.000000E+00 0.00E+00  2.006089E-09 6.02E-09
   27 L2 M1  6.9380E+02  2.808524E-08 2.25E-08  0.000000E+00 0.00E+00  0.000000E+00 0.00E+00  0.000000E+00 0.00E+00  2.808524E-08 2.25E-08
   24 L1 M5  6.9748E+02  2.006089E-09 6.02E-09  0.000000E+00 0.00E+00  0.000000E+00 0.00E+00  0.000000E+00 0.00E+00  2.006089E-09 6.02E-09
   26 L3 M4  7.0480E+02  1.470463E-06 1.63E-07  0.000000E+00 0.00E+00  7.821821E-10 6.27E-10  7.821821E-10 6.27E-10  1.471245E-06 1.63E-07
   26 L3 M5  7.0480E+02  1.576819E-05 5.34E-07  2.206697E-08 2.00E-08  1.089468E-08 2.34E-09  3.296165E-08 2.23E-08  1.580115E-05 5.34E-07
   26 L3 N1  7.1316E+02  6.319738E-07 1.07E-07  2.006089E-09 6.02E-09  5.028313E-10 5.03E-10  2.508920E-09 6.52E-09  6.344827E-07 1.07E-07
   26 L2 M4  7.1832E+02  4.293365E-06 2.78E-07  4.012177E-09 8.51E-09  2.905248E-09 1.21E-09  6.917425E-09 9.72E-09  4.300282E-06 2.78E-07
   25 L1 M2  7.2120E+02  3.009133E-08 2.33E-08  0.000000E+00 0.00E+00  5.587015E-11 1.68E-10  5.587015E-11 1.68E-10  3.014720E-08 2.33E-08
   25 L1 M3  7.2120E+02  4.012177E-08 2.69E-08  0.000000E+00 0.00E+00  0.000000E+00 0.00E+00  0.000000E+00 0.00E+00  4.012177E-08 2.69E-08
   26 L2 N1  7.2602E+02  1.645551E-07 5.45E-08  0.000000E+00 0.00E+00  1.117403E-10 2.37E-10  1.117403E-10 2.37E-10  1.646669E-07 5.45E-08
   28 L3 M1  7.4272E+02  2.696295E-06 2.21E-07  0.000000E+00 0.00E+00  2.793507E-09 1.19E-09  2.793507E-09 1.19E-09  2.699088E-06 2.21E-07
   28 L2 M1  7.6200E+02  1.386319E-06 1.58E-07  0.000000E+00 0.00E+00  1.396754E-09 8.38E-10  1.396754E-09 8.38E-10  1.387716E-06 1.58E-07
   27 L3 M5  7.7625E+02  2.206697E-08 2.00E-08  0.000000E+00 0.00E+00  0.000000E+00 0.00E+00  0.000000E+00 0.00E+00  2.206697E-08 2.00E-08
   28 L3 M2  7.8470E+02  1.404262E-08 1.59E-08  0.000000E+00 0.00E+00  0.000000E+00 0.00E+00  0.000000E+00 0.00E+00  1.404262E-08 1.59E-08
   28 L3 M3  7.8990E+02  2.006089E-09 6.02E-09  0.000000E+00 0.00E+00  0.000000E+00 0.00E+00  0.000000E+00 0.00E+00  2.006089E-09 6.02E-09
   27 L2 M4  7.9141E+02  8.024354E-09 1.20E-08  0.000000E+00 0.00E+00  0.000000E+00 0.00E+00  0.000000E+00 0.00E+00  8.024354E-09 1.20E-08
   26 L1 M3  7.9220E+02  1.137452E-06 1.43E-07  0.000000E+00 0.00E+00  1.117403E-09 7.50E-10  1.117403E-09 7.50E-10  1.138570E-06 1.43E-07
   26 L1 M2  7.9220E+02  7.001249E-07 1.12E-07  0.000000E+00 0.00E+00  7.263119E-10 6.04E-10  7.263119E-10 6.04E-10  7.008512E-07 1.12E-07
   28 L2 M3  8.0760E+02  6.018266E-09 1.04E-08  0.000000E+00 0.00E+00  0.000000E+00 0.00E+00  0.000000E+00 0.00E+00  6.018266E-09 1.04E-08
   29 L3 M1  8.1108E+02  4.614004E-08 2.89E-08  0.000000E+00 0.00E+00  0.000000E+00 0.00E+00  0.000000E+00 0.00E+00  4.614004E-08 2.89E-08
   29 L2 M1  8.3210E+02  2.407306E-08 2.08E-08  0.000000E+00 0.00E+00  0.000000E+00 0.00E+00  0.000000E+00 0.00E+00  2.407306E-08 2.08E-08
   26 L1 M4  8.4452E+02  2.006089E-09 6.02E-09  0.000000E+00 0.00E+00  0.000000E+00 0.00E+00  0.000000E+00 0.00E+00  2.006089E-09 6.02E-09
   26 L1 M5  8.4544E+02  4.012177E-09 8.51E-09  0.000000E+00 0.00E+00  0.000000E+00 0.00E+00  0.000000E+00 0.00E+00  4.012177E-09 8.51E-09
   28 L3 M4  8.5147E+02  2.146515E-07 6.23E-08  0.000000E+00 0.00E+00  1.676104E-10 2.90E-10  1.676104E-10 2.90E-10  2.148191E-07 6.23E-08
   28 L3 M5  8.5147E+02  2.407362E-06 2.08E-07  0.000000E+00 0.00E+00  1.787845E-09 9.48E-10  1.787845E-09 9.48E-10  2.409150E-06 2.08E-07
   28 L3 N1  8.5893E+02  7.623136E-08 3.71E-08  0.000000E+00 0.00E+00  1.676104E-10 2.90E-10  1.676104E-10 2.90E-10  7.639897E-08 3.71E-08
   27 L1 M3  8.6640E+02  2.006089E-09 6.02E-09  0.000000E+00 0.00E+00  0.000000E+00 0.00E+00  0.000000E+00 0.00E+00  2.006089E-09 6.02E-09
   28 L2 M4  8.6877E+02  1.151495E-06 1.44E-07  0.000000E+00 0.00E+00  8.380522E-10 6.49E-10  8.380522E-10 6.49E-10  1.152333E-06 1.44E-07
   28 L2 N1  8.7689E+02  4.012177E-08 2.69E-08  0.000000E+00 0.00E+00  0.000000E+00 0.00E+00  0.000000E+00 0.00E+00  4.012177E-08 2.69E-08
   29 L3 M5  9.2968E+02  4.614004E-08 2.89E-08  0.000000E+00 0.00E+00  1.676104E-10 2.90E-10  1.676104E-10 2.90E-10  4.630765E-08 2.89E-08
   29 L3 M4  9.2968E+02  2.006089E-09 6.02E-09  0.000000E+00 0.00E+00  0.000000E+00 0.00E+00  0.000000E+00 0.00E+00  2.006089E-09 6.02E-09
   29 L3 N1  9.3038E+02  2.006089E-09 6.02E-09  0.000000E+00 0.00E+00  0.000000E+00 0.00E+00  0.000000E+00 0.00E+00  2.006089E-09 6.02E-09
   28 L1 M3  9.4070E+02  2.347124E-07 6.51E-08  0.000000E+00 0.00E+00  1.117403E-10 2.37E-10  1.117403E-10 2.37E-10  2.348241E-07 6.51E-08
   28 L1 M2  9.4070E+02  1.223714E-07 4.70E-08  0.000000E+00 0.00E+00  5.587015E-11 1.68E-10  5.587015E-11 1.68E-10  1.224273E-07 4.70E-08
   29 L2 M4  9.4984E+02  1.805480E-08 1.81E-08  0.000000E+00 0.00E+00  0.000000E+00 0.00E+00  0.000000E+00 0.00E+00  1.805480E-08 1.81E-08
   28 L1 M4  1.0076E+03  2.006089E-09 6.02E-09  0.000000E+00 0.00E+00  0.000000E+00 0.00E+00  0.000000E+00 0.00E+00  2.006089E-09 6.02E-09
   29 L1 M2  1.0228E+03  4.012177E-09 8.51E-09  0.000000E+00 0.00E+00  0.000000E+00 0.00E+00  0.000000E+00 0.00E+00  4.012177E-09 8.51E-09
   14  K L2  1.7394E+03  4.654125E-07 9.17E-08  0.000000E+00 0.00E+00  1.229143E-09 7.86E-10  1.229143E-09 7.86E-10  4.666417E-07 9.17E-08
   14  K L3  1.7400E+03  1.005050E-06 1.35E-07  0.000000E+00 0.00E+00  3.184598E-09 1.27E-09  3.184598E-09 1.27E-09  1.008235E-06 1.35E-07
   14  K M3  1.8360E+03  2.006089E-08 1.90E-08  0.000000E+00 0.00E+00  0.000000E+00 0.00E+00  0.000000E+00 0.00E+00  2.006089E-08 1.90E-08
   14  K M2  1.8360E+03  6.018266E-09 1.04E-08  0.000000E+00 0.00E+00  1.117403E-10 2.37E-10  1.117403E-10 2.37E-10  6.130006E-09 1.04E-08
   15  K L2  2.0127E+03  2.006089E-08 1.90E-08  0.000000E+00 0.00E+00  0.000000E+00 0.00E+00  0.000000E+00 0.00E+00  2.006089E-08 1.90E-08
   15  K L3  2.0137E+03  2.407306E-08 2.08E-08  0.000000E+00 0.00E+00  3.910910E-10 4.43E-10  3.910910E-10 4.43E-10  2.446415E-08 2.09E-08
   42 L3 M1  2.0157E+03  3.129498E-07 7.52E-08  4.012177E-09 8.51E-09  2.011325E-09 1.01E-09  6.023502E-09 9.52E-09  3.189733E-07 7.57E-08
   42 L3 M2  2.1108E+03  8.024354E-09 1.20E-08  0.000000E+00 0.00E+00  5.587015E-11 1.68E-10  5.587015E-11 1.68E-10  8.080224E-09 1.20E-08
   42 L2 M1  2.1203E+03  9.428616E-08 4.13E-08  0.000000E+00 0.00E+00  8.380522E-10 6.49E-10  8.380522E-10 6.49E-10  9.512421E-08 4.13E-08
   42 L3 M3  2.1280E+03  4.012177E-09 8.51E-09  0.000000E+00 0.00E+00  0.000000E+00 0.00E+00  0.000000E+00 0.00E+00  4.012177E-09 8.51E-09
   15  K M3  2.1391E+03  2.006089E-09 6.02E-09  0.000000E+00 0.00E+00  0.000000E+00 0.00E+00  0.000000E+00 0.00E+00  2.006089E-09 6.02E-09
   42 L3 M4  2.2899E+03  2.848646E-07 7.17E-08  2.006089E-09 6.02E-09  1.620234E-09 9.03E-10  3.626323E-09 6.92E-09  2.884909E-07 7.20E-08
   42 L3 M5  2.2932E+03  2.463644E-06 2.11E-07  2.006089E-09 6.02E-09  1.525255E-08 2.77E-09  1.725864E-08 8.79E-09  2.480903E-06 2.11E-07
   16  K L2  2.3067E+03  2.006089E-08 1.90E-08  0.000000E+00 0.00E+00  1.117403E-10 2.37E-10  1.117403E-10 2.37E-10  2.017263E-08 1.90E-08
   16  K L3  2.3079E+03  4.413395E-08 2.82E-08  0.000000E+00 0.00E+00  3.910910E-10 4.43E-10  3.910910E-10 4.43E-10  4.452504E-08 2.82E-08
   42 L2 M4  2.3948E+03  1.077270E-06 1.39E-07  6.018266E-09 1.04E-08  6.816158E-09 1.85E-09  1.283442E-08 1.23E-08  1.090104E-06 1.40E-07
   42 L3 N1  2.4514E+03  1.604871E-08 1.70E-08  0.000000E+00 0.00E+00  1.676104E-10 2.90E-10  1.676104E-10 2.90E-10  1.621632E-08 1.70E-08
   42 L1 M2  2.4557E+03  6.218874E-08 3.35E-08  0.000000E+00 0.00E+00  3.910910E-10 4.43E-10  3.910910E-10 4.43E-10  6.257984E-08 3.35E-08
   16  K M2  2.4697E+03  4.012177E-09 8.51E-09  0.000000E+00 0.00E+00  0.000000E+00 0.00E+00  0.000000E+00 0.00E+00  4.012177E-09 8.51E-09
   42 L1 M3  2.4731E+03  8.626181E-08 3.95E-08  0.000000E+00 0.00E+00  2.234806E-10 3.35E-10  2.234806E-10 3.35E-10  8.648529E-08 3.95E-08
   82 M4 O2  2.4838E+03  2.006089E-09 6.02E-09  0.000000E+00 0.00E+00  0.000000E+00 0.00E+00  0.000000E+00 0.00E+00  2.006089E-09 6.02E-09
   42 L3 N4  2.5140E+03  1.003044E-08 1.35E-08  0.000000E+00 0.00E+00  0.000000E+00 0.00E+00  0.000000E+00 0.00E+00  1.003044E-08 1.35E-08
   42 L3 N5  2.5142E+03  5.617048E-08 3.18E-08  0.000000E+00 0.00E+00  5.587015E-10 5.30E-10  5.587015E-10 5.30E-10  5.672918E-08 3.19E-08
   42 L2 N1  2.5599E+03  1.003044E-08 1.35E-08  0.000000E+00 0.00E+00  0.000000E+00 0.00E+00  0.000000E+00 0.00E+00  1.003044E-08 1.35E-08
   42 L2 N4  2.6225E+03  3.610959E-08 2.55E-08  0.000000E+00 0.00E+00  3.352209E-10 4.11E-10  3.352209E-10 4.11E-10  3.644481E-08 2.55E-08
   42 L1 M5  2.6378E+03  0.000000E+00 0.00E+00  0.000000E+00 0.00E+00  5.587015E-11 1.68E-10  5.587015E-11 1.68E-10  5.587015E-11 1.68E-10
   42 L1 N2  2.8014E+03  6.018266E-09 1.04E-08  0.000000E+00 0.00E+00  1.676104E-10 2.90E-10  1.676104E-10 2.90E-10  6.185876E-09 1.04E-08
   42 L1 N3  2.8040E+03  1.604871E-08 1.70E-08  0.000000E+00 0.00E+00  1.676104E-10 2.90E-10  1.676104E-10 2.90E-10  1.621632E-08 1.70E-08
   23  K L2  4.9447E+03  2.607915E-08 2.17E-08  2.006089E-09 6.02E-09  1.117403E-09 7.50E-10  3.123491E-09 6.77E-09  2.920264E-08 2.25E-08
   23  K L3  4.9522E+03  3.209742E-08 2.41E-08  6.018266E-09 1.04E-08  1.564364E-09 8.87E-10  7.582630E-09 1.13E-08  3.968005E-08 2.62E-08
   24  K L2  5.4055E+03  5.783553E-06 3.23E-07  6.399422E-07 1.07E-07  2.489574E-07 1.12E-08  8.888996E-07 1.19E-07  6.672453E-06 3.41E-07
   24  K L3  5.4148E+03  1.174771E-05 4.60E-07  1.340067E-06 1.56E-07  5.021609E-07 1.59E-08  1.842228E-06 1.71E-07  1.358994E-05 4.86E-07
   23  K M3  5.4273E+03  4.012177E-09 8.51E-09  0.000000E+00 0.00E+00  3.352209E-10 4.11E-10  3.352209E-10 4.11E-10  4.347398E-09 8.52E-09
   23  K M2  5.4273E+03  4.012177E-09 8.51E-09  0.000000E+00 0.00E+00  0.000000E+00 0.00E+00  0.000000E+00 0.00E+00  4.012177E-09 8.51E-09
   25  K L2  5.8877E+03  4.032238E-07 8.53E-08  4.012177E-09 8.51E-09  1.715214E-08 2.94E-09  2.116431E-08 1.14E-08  4.243881E-07 8.58E-08
   25  K L3  5.8988E+03  7.542893E-07 1.17E-07  2.808524E-08 2.25E-08  3.748887E-08 4.35E-09  6.557411E-08 2.69E-08  8.198634E-07 1.19E-07
   24  K M3  5.9468E+03  1.233744E-06 1.49E-07  1.705175E-07 5.55E-08  5.972519E-08 5.48E-09  2.302427E-07 6.10E-08  1.463987E-06 1.59E-07
   24  K M2  5.9468E+03  6.820701E-07 1.11E-07  9.629225E-08 4.17E-08  3.497471E-08 4.19E-09  1.312670E-07 4.59E-08  8.133371E-07 1.19E-07
   26  K L2  6.3910E+03  1.324219E-05 4.89E-07  1.685114E-07 5.52E-08  4.682477E-07 1.54E-08  6.367592E-07 7.05E-08  1.387895E-05 4.92E-07
   26  K L3  6.4040E+03  2.626371E-05 6.89E-07  3.129498E-07 7.52E-08  9.229749E-07 2.15E-08  1.235925E-06 9.67E-08  2.749964E-05 6.93E-07
   25  K M2  6.4906E+03  5.817657E-08 3.24E-08  0.000000E+00 0.00E+00  1.731975E-09 9.33E-10  1.731975E-09 9.33E-10  5.990854E-08 3.24E-08
   25  K M3  6.4906E+03  9.829834E-08 4.21E-08  0.000000E+00 0.00E+00  3.799170E-09 1.38E-09  3.799170E-09 1.38E-09  1.020975E-07 4.22E-08
   27  K L2  6.9155E+03  1.604871E-08 1.70E-08  0.000000E+00 0.00E+00  8.939224E-10 6.70E-10  8.939224E-10 6.70E-10  1.694263E-08 1.70E-08
   27  K L3  6.9304E+03  1.604871E-08 1.70E-08  2.006089E-09 6.02E-09  1.340884E-09 8.21E-10  3.346972E-09 6.84E-09  1.939568E-08 1.81E-08
   26  K M2  7.0582E+03  1.620920E-06 1.71E-07  2.407306E-08 2.08E-08  5.547906E-08 5.28E-09  7.955212E-08 2.61E-08  1.700472E-06 1.72E-07
   26  K M3  7.0582E+03  3.233815E-06 2.42E-07  4.012177E-08 2.69E-08  1.197297E-07 7.76E-09  1.598515E-07 3.47E-08  3.393666E-06 2.43E-07
   26  K M4  7.1083E+03  2.006089E-09 6.02E-09  0.000000E+00 0.00E+00  5.587015E-11 1.68E-10  5.587015E-11 1.68E-10  2.061959E-09 6.02E-09
   26  K M5  7.1083E+03  0.000000E+00 0.00E+00  0.000000E+00 0.00E+00  1.117403E-10 2.37E-10  1.117403E-10 2.37E-10  1.117403E-10 2.37E-10
   28  K L2  7.4610E+03  1.520615E-06 1.66E-07  0.000000E+00 0.00E+00  5.503210E-08 5.26E-09  5.503210E-08 5.26E-09  1.575647E-06 1.66E-07
   28  K L3  7.4783E+03  2.979041E-06 2.32E-07  0.000000E+00 0.00E+00  1.110140E-07 7.47E-09  1.110140E-07 7.47E-09  3.090055E-06 2.32E-07
   27  K M2  7.6494E+03  6.018266E-09 1.04E-08  0.000000E+00 0.00E+00  0.000000E+00 0.00E+00  0.000000E+00 0.00E+00  6.018266E-09 1.04E-08
   27  K M3  7.6494E+03  0.000000E+00 0.00E+00  0.000000E+00 0.00E+00  5.587015E-11 1.68E-10  5.587015E-11 1.68E-10  5.587015E-11 1.68E-10
   29  K L2  8.0278E+03  1.805480E-08 1.81E-08  0.000000E+00 0.00E+00  5.587015E-10 5.30E-10  5.587015E-10 5.30E-10  1.861350E-08 1.81E-08
   29  K L3  8.0478E+03  3.009133E-08 2.33E-08  0.000000E+00 0.00E+00  1.508494E-09 8.71E-10  1.508494E-09 8.71E-10  3.159982E-08 2.33E-08
   28  K M3  8.2648E+03  3.289985E-07 7.71E-08  0.000000E+00 0.00E+00  1.614647E-08 2.85E-09  1.614647E-08 2.85E-09  3.451450E-07 7.71E-08
   28  K M2  8.2648E+03  1.624932E-07 5.42E-08  0.000000E+00 0.00E+00  7.542470E-09 1.95E-09  7.542470E-09 1.95E-09  1.700356E-07 5.42E-08
   29  K M3  8.9054E+03  4.012177E-09 8.51E-09  0.000000E+00 0.00E+00  2.793507E-10 3.75E-10  2.793507E-10 3.75E-10  4.291528E-09 8.52E-09
   29  K M2  8.9054E+03  2.006089E-09 6.02E-09  0.000000E+00 0.00E+00  5.587015E-11 1.68E-10  5.587015E-11 1.68E-10  2.061959E-09 6.02E-09
