 #  Results from PENEPMA. Output from photon detector #  1
 #
 #  Angular intervals : theta_1 = 5.000000E+01,  theta_2 = 6.000000E+01
 #                        phi_1 = 0.000000E+00,    phi_2 = 3.600000E+02
 #  Energy window = ( 1.00000E+01, 2.00000E+04) eV, no. of channels = 1024
 #  Channel width = 1.952149E+01 eV
 #
 #  Whole spectrum. Characteristic peaks and background.
 #  1st column: photon energy (eV).
 #  2nd column: probability density (1/(eV*sr*particle)).
 #  3rd column: statistical uncertainty (3 sigma).
 #
   1.976074E+01  1.000000E-35  1.000000E-35
   3.928223E+01  1.000000E-35  1.000000E-35
   5.880372E+01  1.000000E-35  1.000000E-35
   7.832520E+01  1.000000E-35  1.000000E-35
   9.784669E+01  1.000000E-35  1.000000E-35
   1.173682E+02  1.000000E-35  1.000000E-35
   1.368897E+02  1.000000E-35  1.000000E-35
   1.564111E+02  1.000000E-35  1.000000E-35
   1.759326E+02  1.000000E-35  1.000000E-35
   1.954541E+02  1.000000E-35  1.000000E-35
   2.149756E+02  1.000000E-35  1.000000E-35
   2.344971E+02  1.000000E-35  1.000000E-35
   2.540186E+02  1.000000E-35  1.000000E-35
   2.735401E+02  1.000000E-35  1.000000E-35
   2.930616E+02  1.000000E-35  1.000000E-35
   3.125830E+02  1.000000E-35  1.000000E-35
   3.321045E+02  1.000000E-35  1.000000E-35
   3.516260E+02  1.000000E-35  1.000000E-35
   3.711475E+02  1.000000E-35  1.000000E-35
   3.906690E+02  1.000000E-35  1.000000E-35
   4.101905E+02  1.000000E-35  1.000000E-35
   4.297120E+02  1.000000E-35  1.000000E-35
   4.492334E+02  1.000000E-35  1.000000E-35
   4.687549E+02  1.000000E-35  1.000000E-35
   4.882764E+02  1.000000E-35  1.000000E-35
   5.077979E+02  1.000000E-35  1.000000E-35
   5.273194E+02  1.000000E-35  1.000000E-35
   5.468409E+02  1.000000E-35  1.000000E-35
   5.663624E+02  1.000000E-35  1.000000E-35
   5.858838E+02  1.000000E-35  1.000000E-35
   6.054053E+02  1.000000E-35  1.000000E-35
   6.249268E+02  1.000000E-35  1.000000E-35
   6.444483E+02  1.000000E-35  1.000000E-35
   6.639698E+02  1.000000E-35  1.000000E-35
   6.834913E+02  1.000000E-35  1.000000E-35
   7.030128E+02  1.000000E-35  1.000000E-35
   7.225343E+02  1.000000E-35  1.000000E-35
   7.420557E+02  1.000000E-35  1.000000E-35
   7.615772E+02  1.000000E-35  1.000000E-35
   7.810987E+02  1.000000E-35  1.000000E-35
   8.006202E+02  1.000000E-35  1.000000E-35
   8.201417E+02  1.000000E-35  1.000000E-35
   8.396632E+02  1.000000E-35  1.000000E-35
   8.591847E+02  1.000000E-35  1.000000E-35
   8.787061E+02  1.000000E-35  1.000000E-35
   8.982276E+02  1.000000E-35  1.000000E-35
   9.177491E+02  1.000000E-35  1.000000E-35
   9.372706E+02  1.000000E-35  1.000000E-35
   9.567921E+02  1.000000E-35  1.000000E-35
   9.763136E+02  1.000000E-35  1.000000E-35
   9.958351E+02  1.000000E-35  1.000000E-35
   1.015357E+03  3.915764E-08  8.303949E-08
   1.034878E+03  1.000000E-35  1.000000E-35
   1.054400E+03  1.957882E-08  5.872713E-08
   1.073921E+03  1.000000E-35  1.000000E-35
   1.093442E+03  1.000000E-35  1.000000E-35
   1.112964E+03  1.957882E-08  5.872713E-08
   1.132485E+03  1.000000E-35  1.000000E-35
   1.152007E+03  1.957882E-08  5.872713E-08
   1.171528E+03  5.873646E-08  1.016860E-07
   1.191050E+03  5.873646E-08  1.016860E-07
   1.210571E+03  1.957882E-08  5.872713E-08
   1.230093E+03  1.957882E-08  5.872713E-08
   1.249614E+03  3.915764E-08  8.303949E-08
   1.269136E+03  1.000000E-35  1.000000E-35
   1.288657E+03  5.837073E-10  1.750844E-09
   1.308179E+03  3.915764E-08  8.303949E-08
   1.327700E+03  3.013363E-08  6.670840E-08
   1.347222E+03  1.000000E-35  1.000000E-35
   1.366743E+03  1.000000E-35  1.000000E-35
   1.386265E+03  1.957882E-08  5.872713E-08
   1.405786E+03  1.000000E-35  1.000000E-35
   1.425308E+03  5.837073E-10  1.750844E-09
   1.444829E+03  1.000000E-35  1.000000E-35
   1.464351E+03  1.957882E-08  5.872713E-08
   1.483872E+03  1.563874E-06  5.981783E-07
   1.503394E+03  1.957882E-08  5.872713E-08
   1.522915E+03  1.957882E-08  5.872713E-08
   1.542437E+03  1.000000E-35  1.000000E-35
   1.561958E+03  2.465170E-08  7.394333E-08
   1.581480E+03  1.000000E-35  1.000000E-35
   1.601001E+03  1.957882E-08  5.872713E-08
   1.620523E+03  1.000000E-35  1.000000E-35
   1.640044E+03  1.957882E-08  5.872713E-08
   1.659566E+03  5.932017E-08  1.017001E-07
   1.679087E+03  1.000000E-35  1.000000E-35
   1.698609E+03  1.957882E-08  5.872713E-08
   1.718130E+03  3.915764E-08  8.303949E-08
   1.737652E+03  3.915764E-08  8.303949E-08
   1.757173E+03  1.000000E-35  1.000000E-35
   1.776695E+03  1.000000E-35  1.000000E-35
   1.796216E+03  3.915764E-08  8.303949E-08
   1.815737E+03  1.000000E-35  1.000000E-35
   1.835259E+03  3.915764E-08  8.303949E-08
   1.854780E+03  1.957882E-08  5.872713E-08
   1.874302E+03  5.873646E-08  1.016860E-07
   1.893823E+03  3.915764E-08  8.303949E-08
   1.913345E+03  1.957882E-08  5.872713E-08
   1.932866E+03  1.000000E-35  1.000000E-35
   1.952388E+03  3.915764E-08  8.303949E-08
   1.971909E+03  1.000000E-35  1.000000E-35
   1.991431E+03  1.000000E-35  1.000000E-35
   2.010952E+03  3.915764E-08  8.303949E-08
   2.030474E+03  1.000000E-35  1.000000E-35
   2.049995E+03  1.000000E-35  1.000000E-35
   2.069517E+03  3.915764E-08  8.303949E-08
   2.089038E+03  1.000000E-35  1.000000E-35
   2.108560E+03  5.873646E-08  1.016860E-07
   2.128081E+03  1.000000E-35  1.000000E-35
   2.147603E+03  1.957882E-08  5.872713E-08
   2.167124E+03  1.000000E-35  1.000000E-35
   2.186646E+03  3.915764E-08  8.303949E-08
   2.206167E+03  1.957882E-08  5.872713E-08
   2.225689E+03  3.915764E-08  8.303949E-08
   2.245210E+03  3.915764E-08  8.303949E-08
   2.264732E+03  1.000000E-35  1.000000E-35
   2.284253E+03  1.957882E-08  5.872713E-08
   2.303775E+03  1.957882E-08  5.872713E-08
   2.323296E+03  1.957882E-08  5.872713E-08
   2.342818E+03  3.915764E-08  8.303949E-08
   2.362339E+03  1.055481E-08  3.165939E-08
   2.381861E+03  3.915764E-08  8.303949E-08
   2.401382E+03  1.957882E-08  5.872713E-08
   2.420904E+03  1.957882E-08  5.872713E-08
   2.440425E+03  1.000000E-35  1.000000E-35
   2.459947E+03  1.957882E-08  5.872713E-08
   2.479468E+03  1.000000E-35  1.000000E-35
   2.498990E+03  3.915764E-08  8.303949E-08
   2.518511E+03  5.873646E-08  1.016860E-07
   2.538032E+03  1.957882E-08  5.872713E-08
   2.557554E+03  1.000000E-35  1.000000E-35
   2.577075E+03  3.915764E-08  8.303949E-08
   2.596597E+03  3.915764E-08  8.303949E-08
   2.616118E+03  3.915764E-08  8.303949E-08
   2.635640E+03  1.957882E-08  5.872713E-08
   2.655161E+03  1.957882E-08  5.872713E-08
   2.674683E+03  1.957882E-08  5.872713E-08
   2.694204E+03  1.957882E-08  5.872713E-08
   2.713726E+03  1.000000E-35  1.000000E-35
   2.733247E+03  3.915764E-08  8.303949E-08
   2.752769E+03  1.957882E-08  5.872713E-08
   2.772290E+03  3.013363E-08  6.670840E-08
   2.791812E+03  1.000000E-35  1.000000E-35
   2.811333E+03  1.000000E-35  1.000000E-35
   2.830855E+03  3.915764E-08  8.303949E-08
   2.850376E+03  1.000000E-35  1.000000E-35
   2.869898E+03  5.873646E-08  1.016860E-07
   2.889419E+03  1.000000E-35  1.000000E-35
   2.908941E+03  2.016253E-08  5.875266E-08
   2.928462E+03  1.000000E-35  1.000000E-35
   2.947984E+03  5.873646E-08  1.016860E-07
   2.967505E+03  1.957882E-08  5.872713E-08
   2.987027E+03  2.016253E-08  5.875266E-08
   3.006548E+03  1.957882E-08  5.872713E-08
   3.026070E+03  7.831528E-08  1.173982E-07
   3.045591E+03  3.915764E-08  8.303949E-08
   3.065113E+03  1.000000E-35  1.000000E-35
   3.084634E+03  3.915764E-08  8.303949E-08
   3.104156E+03  3.915764E-08  8.303949E-08
   3.123677E+03  1.000000E-35  1.000000E-35
   3.143199E+03  2.016253E-08  5.875266E-08
   3.162720E+03  4.971245E-08  8.885668E-08
   3.182242E+03  1.000000E-35  1.000000E-35
   3.201763E+03  3.915764E-08  8.303949E-08
   3.221285E+03  1.957882E-08  5.872713E-08
   3.240806E+03  1.957882E-08  5.872713E-08
   3.260327E+03  1.000000E-35  1.000000E-35
   3.279849E+03  1.957882E-08  5.872713E-08
   3.299370E+03  2.016253E-08  5.875266E-08
   3.318892E+03  1.000000E-35  1.000000E-35
   3.338413E+03  3.013363E-08  6.670840E-08
   3.357935E+03  1.957882E-08  5.872713E-08
   3.377456E+03  3.915764E-08  8.303949E-08
   3.396978E+03  3.013363E-08  6.670840E-08
   3.416499E+03  3.915764E-08  8.303949E-08
   3.436021E+03  1.180566E-07  1.437464E-07
   3.455542E+03  3.974135E-08  8.305716E-08
   3.475064E+03  1.957882E-08  5.872713E-08
   3.494585E+03  5.873646E-08  1.016860E-07
   3.514107E+03  1.000000E-35  1.000000E-35
   3.533628E+03  5.873646E-08  1.016860E-07
   3.553150E+03  1.000000E-35  1.000000E-35
   3.572671E+03  1.957882E-08  5.872713E-08
   3.592193E+03  3.915764E-08  8.303949E-08
   3.611714E+03  5.873646E-08  1.016860E-07
   3.631236E+03  1.957882E-08  5.872713E-08
   3.650757E+03  1.055481E-08  3.165939E-08
   3.670279E+03  3.915764E-08  8.303949E-08
   3.689800E+03  3.915764E-08  8.303949E-08
   3.709322E+03  3.915764E-08  8.303949E-08
   3.728843E+03  3.915764E-08  8.303949E-08
   3.748365E+03  5.837073E-10  1.750844E-09
   3.767886E+03  1.000000E-35  1.000000E-35
   3.787408E+03  1.000000E-35  1.000000E-35
   3.806929E+03  1.000000E-35  1.000000E-35
   3.826451E+03  3.915764E-08  8.303949E-08
   3.845972E+03  1.957882E-08  5.872713E-08
   3.865494E+03  1.957882E-08  5.872713E-08
   3.885015E+03  1.957882E-08  5.872713E-08
   3.904537E+03  1.000000E-35  1.000000E-35
   3.924058E+03  1.957882E-08  5.872713E-08
   3.943579E+03  1.957882E-08  5.872713E-08
   3.963101E+03  1.000000E-35  1.000000E-35
   3.982622E+03  1.957882E-08  5.872713E-08
   4.002144E+03  1.000000E-35  1.000000E-35
   4.021665E+03  1.000000E-35  1.000000E-35
   4.041187E+03  1.000000E-35  1.000000E-35
   4.060708E+03  3.915764E-08  8.303949E-08
   4.080230E+03  1.957882E-08  5.872713E-08
   4.099751E+03  1.957882E-08  5.872713E-08
   4.119273E+03  1.000000E-35  1.000000E-35
   4.138794E+03  1.957882E-08  5.872713E-08
   4.158316E+03  1.957882E-08  5.872713E-08
   4.177837E+03  1.957882E-08  5.872713E-08
   4.197359E+03  3.915764E-08  8.303949E-08
   4.216880E+03  3.915764E-08  8.303949E-08
   4.236402E+03  1.000000E-35  1.000000E-35
   4.255923E+03  3.915764E-08  8.303949E-08
   4.275445E+03  5.873646E-08  1.016860E-07
   4.294966E+03  1.000000E-35  1.000000E-35
   4.314488E+03  5.873646E-08  1.016860E-07
   4.334009E+03  1.000000E-35  1.000000E-35
   4.353531E+03  3.915764E-08  8.303949E-08
   4.373052E+03  3.013363E-08  6.670840E-08
   4.392574E+03  1.000000E-35  1.000000E-35
   4.412095E+03  1.055481E-08  3.165939E-08
   4.431617E+03  4.971245E-08  8.885668E-08
   4.451138E+03  1.000000E-35  1.000000E-35
   4.470660E+03  9.789410E-08  1.312343E-07
   4.490181E+03  1.957882E-08  5.872713E-08
   4.509703E+03  3.915764E-08  8.303949E-08
   4.529224E+03  1.957882E-08  5.872713E-08
   4.548746E+03  3.915764E-08  8.303949E-08
   4.568267E+03  1.957882E-08  5.872713E-08
   4.587789E+03  1.957882E-08  5.872713E-08
   4.607310E+03  1.957882E-08  5.872713E-08
   4.626832E+03  1.000000E-35  1.000000E-35
   4.646353E+03  1.957882E-08  5.872713E-08
   4.665874E+03  1.000000E-35  1.000000E-35
   4.685396E+03  1.000000E-35  1.000000E-35
   4.704917E+03  1.000000E-35  1.000000E-35
   4.724439E+03  1.055481E-08  3.165939E-08
   4.743960E+03  1.000000E-35  1.000000E-35
   4.763482E+03  1.000000E-35  1.000000E-35
   4.783003E+03  3.915764E-08  8.303949E-08
   4.802525E+03  1.957882E-08  5.872713E-08
   4.822046E+03  1.000000E-35  1.000000E-35
   4.841568E+03  1.000000E-35  1.000000E-35
   4.861089E+03  3.915764E-08  8.303949E-08
   4.880611E+03  1.000000E-35  1.000000E-35
   4.900132E+03  1.957882E-08  5.872713E-08
   4.919654E+03  1.000000E-35  1.000000E-35
   4.939175E+03  1.000000E-35  1.000000E-35
   4.958697E+03  1.957882E-08  5.872713E-08
   4.978218E+03  1.957882E-08  5.872713E-08
   4.997740E+03  1.000000E-35  1.000000E-35
   5.017261E+03  1.957882E-08  5.872713E-08
   5.036783E+03  3.915764E-08  8.303949E-08
   5.056304E+03  1.957882E-08  5.872713E-08
   5.075826E+03  1.000000E-35  1.000000E-35
   5.095347E+03  1.000000E-35  1.000000E-35
   5.114869E+03  1.000000E-35  1.000000E-35
   5.134390E+03  1.000000E-35  1.000000E-35
   5.153912E+03  1.000000E-35  1.000000E-35
   5.173433E+03  1.957882E-08  5.872713E-08
   5.192955E+03  1.957882E-08  5.872713E-08
   5.212476E+03  3.915764E-08  8.303949E-08
   5.231998E+03  1.000000E-35  1.000000E-35
   5.251519E+03  5.873646E-08  1.016860E-07
   5.271041E+03  1.000000E-35  1.000000E-35
   5.290562E+03  1.957882E-08  5.872713E-08
   5.310084E+03  1.957882E-08  5.872713E-08
   5.329605E+03  1.957882E-08  5.872713E-08
   5.349127E+03  1.000000E-35  1.000000E-35
   5.368648E+03  1.000000E-35  1.000000E-35
   5.388169E+03  1.957882E-08  5.872713E-08
   5.407691E+03  1.000000E-35  1.000000E-35
   5.427212E+03  1.957882E-08  5.872713E-08
   5.446734E+03  3.013363E-08  6.670840E-08
   5.466255E+03  1.000000E-35  1.000000E-35
   5.485777E+03  3.013363E-08  6.670840E-08
   5.505298E+03  1.957882E-08  5.872713E-08
   5.524820E+03  2.016253E-08  5.875266E-08
   5.544341E+03  1.957882E-08  5.872713E-08
   5.563863E+03  1.000000E-35  1.000000E-35
   5.583384E+03  1.000000E-35  1.000000E-35
   5.602906E+03  3.915764E-08  8.303949E-08
   5.622427E+03  1.957882E-08  5.872713E-08
   5.641949E+03  1.000000E-35  1.000000E-35
   5.661470E+03  1.000000E-35  1.000000E-35
   5.680992E+03  1.957882E-08  5.872713E-08
   5.700513E+03  1.957882E-08  5.872713E-08
   5.720035E+03  1.000000E-35  1.000000E-35
   5.739556E+03  1.957882E-08  5.872713E-08
   5.759078E+03  1.957882E-08  5.872713E-08
   5.778599E+03  3.915764E-08  8.303949E-08
   5.798121E+03  1.957882E-08  5.872713E-08
   5.817642E+03  3.915764E-08  8.303949E-08
   5.837164E+03  1.000000E-35  1.000000E-35
   5.856685E+03  3.013363E-08  6.670840E-08
   5.876207E+03  1.000000E-35  1.000000E-35
   5.895728E+03  3.915764E-08  8.303949E-08
   5.915250E+03  1.000000E-35  1.000000E-35
   5.934771E+03  1.000000E-35  1.000000E-35
   5.954293E+03  1.000000E-35  1.000000E-35
   5.973814E+03  1.000000E-35  1.000000E-35
   5.993336E+03  1.000000E-35  1.000000E-35
   6.012857E+03  1.000000E-35  1.000000E-35
   6.032379E+03  1.000000E-35  1.000000E-35
   6.051900E+03  1.957882E-08  5.872713E-08
   6.071422E+03  1.000000E-35  1.000000E-35
   6.090943E+03  1.957882E-08  5.872713E-08
   6.110464E+03  1.000000E-35  1.000000E-35
   6.129986E+03  1.000000E-35  1.000000E-35
   6.149507E+03  5.837073E-10  1.750844E-09
   6.169029E+03  5.837073E-10  1.750844E-09
   6.188550E+03  1.957882E-08  5.872713E-08
   6.208072E+03  1.000000E-35  1.000000E-35
   6.227593E+03  2.016253E-08  5.875266E-08
   6.247115E+03  1.957882E-08  5.872713E-08
   6.266636E+03  1.167415E-09  2.475673E-09
   6.286158E+03  1.000000E-35  1.000000E-35
   6.305679E+03  1.000000E-35  1.000000E-35
   6.325201E+03  1.000000E-35  1.000000E-35
   6.344722E+03  1.000000E-35  1.000000E-35
   6.364244E+03  1.167415E-09  2.475673E-09
   6.383765E+03  2.401169E-06  1.423638E-07
   6.403287E+03  4.633349E-06  1.944823E-07
   6.422808E+03  1.000000E-35  1.000000E-35
   6.442330E+03  1.055481E-08  3.165939E-08
   6.461851E+03  1.000000E-35  1.000000E-35
   6.481373E+03  1.000000E-35  1.000000E-35
   6.500894E+03  1.957882E-08  5.872713E-08
   6.520416E+03  1.957882E-08  5.872713E-08
   6.539937E+03  1.000000E-35  1.000000E-35
   6.559459E+03  1.000000E-35  1.000000E-35
   6.578980E+03  1.957882E-08  5.872713E-08
   6.598502E+03  1.000000E-35  1.000000E-35
   6.618023E+03  3.915764E-08  8.303949E-08
   6.637545E+03  1.000000E-35  1.000000E-35
   6.657066E+03  1.000000E-35  1.000000E-35
   6.676588E+03  1.000000E-35  1.000000E-35
   6.696109E+03  1.000000E-35  1.000000E-35
   6.715631E+03  1.957882E-08  5.872713E-08
   6.735152E+03  1.957882E-08  5.872713E-08
   6.754674E+03  3.013363E-08  6.670840E-08
   6.774195E+03  1.957882E-08  5.872713E-08
   6.793716E+03  1.000000E-35  1.000000E-35
   6.813238E+03  1.000000E-35  1.000000E-35
   6.832759E+03  1.000000E-35  1.000000E-35
   6.852281E+03  1.000000E-35  1.000000E-35
   6.871802E+03  1.000000E-35  1.000000E-35
   6.891324E+03  1.000000E-35  1.000000E-35
   6.910845E+03  1.000000E-35  1.000000E-35
   6.930367E+03  1.000000E-35  1.000000E-35
   6.949888E+03  1.000000E-35  1.000000E-35
   6.969410E+03  1.000000E-35  1.000000E-35
   6.988931E+03  1.000000E-35  1.000000E-35
   7.008453E+03  1.000000E-35  1.000000E-35
   7.027974E+03  3.915764E-08  8.303949E-08
   7.047496E+03  1.000000E-35  1.000000E-35
   7.067017E+03  8.612677E-07  7.064059E-08
   7.086539E+03  1.957882E-08  5.872713E-08
   7.106060E+03  1.957882E-08  5.872713E-08
   7.125582E+03  1.957882E-08  5.872713E-08
   7.145103E+03  1.000000E-35  1.000000E-35
   7.164625E+03  3.915764E-08  8.303949E-08
   7.184146E+03  1.000000E-35  1.000000E-35
   7.203668E+03  1.000000E-35  1.000000E-35
   7.223189E+03  1.000000E-35  1.000000E-35
   7.242711E+03  1.000000E-35  1.000000E-35
   7.262232E+03  1.000000E-35  1.000000E-35
   7.281754E+03  3.013363E-08  6.670840E-08
   7.301275E+03  1.957882E-08  5.872713E-08
   7.320797E+03  1.000000E-35  1.000000E-35
   7.340318E+03  1.000000E-35  1.000000E-35
   7.359840E+03  1.000000E-35  1.000000E-35
   7.379361E+03  1.000000E-35  1.000000E-35
   7.398883E+03  1.000000E-35  1.000000E-35
   7.418404E+03  1.957882E-08  5.872713E-08
   7.437926E+03  1.957882E-08  5.872713E-08
   7.457447E+03  1.000000E-35  1.000000E-35
   7.476969E+03  1.000000E-35  1.000000E-35
   7.496490E+03  1.000000E-35  1.000000E-35
   7.516011E+03  1.000000E-35  1.000000E-35
   7.535533E+03  1.000000E-35  1.000000E-35
   7.555054E+03  1.000000E-35  1.000000E-35
   7.574576E+03  1.000000E-35  1.000000E-35
   7.594097E+03  1.000000E-35  1.000000E-35
   7.613619E+03  1.000000E-35  1.000000E-35
   7.633140E+03  1.957882E-08  5.872713E-08
   7.652662E+03  3.915764E-08  8.303949E-08
   7.672183E+03  1.000000E-35  1.000000E-35
   7.691705E+03  1.957882E-08  5.872713E-08
   7.711226E+03  1.000000E-35  1.000000E-35
   7.730748E+03  1.000000E-35  1.000000E-35
   7.750269E+03  3.915764E-08  8.303949E-08
   7.769791E+03  1.957882E-08  5.872713E-08
   7.789312E+03  1.000000E-35  1.000000E-35
   7.808834E+03  1.957882E-08  5.872713E-08
   7.828355E+03  1.000000E-35  1.000000E-35
   7.847877E+03  1.000000E-35  1.000000E-35
   7.867398E+03  1.957882E-08  5.872713E-08
   7.886920E+03  1.000000E-35  1.000000E-35
   7.906441E+03  1.000000E-35  1.000000E-35
   7.925963E+03  1.957882E-08  5.872713E-08
   7.945484E+03  1.957882E-08  5.872713E-08
   7.965006E+03  1.000000E-35  1.000000E-35
   7.984527E+03  1.000000E-35  1.000000E-35
   8.004049E+03  1.000000E-35  1.000000E-35
   8.023570E+03  1.000000E-35  1.000000E-35
   8.043092E+03  1.000000E-35  1.000000E-35
   8.062613E+03  1.000000E-35  1.000000E-35
   8.082135E+03  1.000000E-35  1.000000E-35
   8.101656E+03  1.000000E-35  1.000000E-35
   8.121178E+03  1.000000E-35  1.000000E-35
   8.140699E+03  1.000000E-35  1.000000E-35
   8.160221E+03  1.000000E-35  1.000000E-35
   8.179742E+03  1.000000E-35  1.000000E-35
   8.199264E+03  1.000000E-35  1.000000E-35
   8.218785E+03  1.000000E-35  1.000000E-35
   8.238306E+03  1.000000E-35  1.000000E-35
   8.257828E+03  1.000000E-35  1.000000E-35
   8.277349E+03  1.000000E-35  1.000000E-35
   8.296871E+03  1.957882E-08  5.872713E-08
   8.316392E+03  3.915764E-08  8.303949E-08
   8.335914E+03  1.000000E-35  1.000000E-35
   8.355435E+03  1.957882E-08  5.872713E-08
   8.374957E+03  1.000000E-35  1.000000E-35
   8.394478E+03  1.000000E-35  1.000000E-35
   8.414000E+03  1.957882E-08  5.872713E-08
   8.433521E+03  1.000000E-35  1.000000E-35
   8.453043E+03  1.000000E-35  1.000000E-35
   8.472564E+03  1.000000E-35  1.000000E-35
   8.492086E+03  1.000000E-35  1.000000E-35
   8.511607E+03  1.000000E-35  1.000000E-35
   8.531129E+03  1.000000E-35  1.000000E-35
   8.550650E+03  3.915764E-08  8.303949E-08
   8.570172E+03  1.000000E-35  1.000000E-35
   8.589693E+03  1.957882E-08  5.872713E-08
   8.609215E+03  1.957882E-08  5.872713E-08
   8.628736E+03  1.957882E-08  5.872713E-08
   8.648258E+03  1.000000E-35  1.000000E-35
   8.667779E+03  1.000000E-35  1.000000E-35
   8.687301E+03  1.000000E-35  1.000000E-35
   8.706822E+03  1.000000E-35  1.000000E-35
   8.726344E+03  1.000000E-35  1.000000E-35
   8.745865E+03  1.957882E-08  5.872713E-08
   8.765387E+03  1.000000E-35  1.000000E-35
   8.784908E+03  1.957882E-08  5.872713E-08
   8.804430E+03  1.000000E-35  1.000000E-35
   8.823951E+03  1.000000E-35  1.000000E-35
   8.843473E+03  1.000000E-35  1.000000E-35
   8.862994E+03  1.000000E-35  1.000000E-35
   8.882516E+03  1.957882E-08  5.872713E-08
   8.902037E+03  1.000000E-35  1.000000E-35
   8.921559E+03  1.000000E-35  1.000000E-35
   8.941080E+03  1.000000E-35  1.000000E-35
   8.960601E+03  1.000000E-35  1.000000E-35
   8.980123E+03  1.000000E-35  1.000000E-35
   8.999644E+03  1.000000E-35  1.000000E-35
   9.019166E+03  1.000000E-35  1.000000E-35
   9.038687E+03  3.915764E-08  8.303949E-08
   9.058209E+03  1.957882E-08  5.872713E-08
   9.077730E+03  1.957882E-08  5.872713E-08
   9.097252E+03  1.000000E-35  1.000000E-35
   9.116773E+03  1.000000E-35  1.000000E-35
   9.136295E+03  1.000000E-35  1.000000E-35
   9.155816E+03  3.915764E-08  8.303949E-08
   9.175338E+03  1.957882E-08  5.872713E-08
   9.194859E+03  1.000000E-35  1.000000E-35
   9.214381E+03  1.957882E-08  5.872713E-08
   9.233902E+03  1.000000E-35  1.000000E-35
   9.253424E+03  1.000000E-35  1.000000E-35
   9.272945E+03  1.000000E-35  1.000000E-35
   9.292467E+03  1.000000E-35  1.000000E-35
   9.311988E+03  1.957882E-08  5.872713E-08
   9.331510E+03  3.915764E-08  8.303949E-08
   9.351031E+03  1.000000E-35  1.000000E-35
   9.370553E+03  1.000000E-35  1.000000E-35
   9.390074E+03  1.000000E-35  1.000000E-35
   9.409596E+03  1.000000E-35  1.000000E-35
   9.429117E+03  1.957882E-08  5.872713E-08
   9.448639E+03  3.915764E-08  8.303949E-08
   9.468160E+03  1.000000E-35  1.000000E-35
   9.487682E+03  1.000000E-35  1.000000E-35
   9.507203E+03  1.000000E-35  1.000000E-35
   9.526725E+03  1.000000E-35  1.000000E-35
   9.546246E+03  1.000000E-35  1.000000E-35
   9.565768E+03  4.971245E-08  8.885668E-08
   9.585289E+03  1.000000E-35  1.000000E-35
   9.604811E+03  1.000000E-35  1.000000E-35
   9.624332E+03  1.000000E-35  1.000000E-35
   9.643854E+03  1.000000E-35  1.000000E-35
   9.663375E+03  1.000000E-35  1.000000E-35
   9.682896E+03  1.000000E-35  1.000000E-35
   9.702418E+03  1.000000E-35  1.000000E-35
   9.721939E+03  1.000000E-35  1.000000E-35
   9.741461E+03  1.957882E-08  5.872713E-08
   9.760982E+03  1.000000E-35  1.000000E-35
   9.780504E+03  1.000000E-35  1.000000E-35
   9.800025E+03  1.000000E-35  1.000000E-35
   9.819547E+03  1.000000E-35  1.000000E-35
   9.839068E+03  1.000000E-35  1.000000E-35
   9.858590E+03  1.000000E-35  1.000000E-35
   9.878111E+03  1.957882E-08  5.872713E-08
   9.897633E+03  3.915764E-08  8.303949E-08
   9.917154E+03  1.000000E-35  1.000000E-35
   9.936676E+03  1.957882E-08  5.872713E-08
   9.956197E+03  1.000000E-35  1.000000E-35
   9.975719E+03  1.000000E-35  1.000000E-35
   9.995240E+03  1.957882E-08  5.872713E-08
   1.001476E+04  1.957882E-08  5.872713E-08
   1.003428E+04  1.957882E-08  5.872713E-08
   1.005380E+04  1.957882E-08  5.872713E-08
   1.007333E+04  1.000000E-35  1.000000E-35
   1.009285E+04  1.000000E-35  1.000000E-35
   1.011237E+04  1.000000E-35  1.000000E-35
   1.013189E+04  1.957882E-08  5.872713E-08
   1.015141E+04  1.000000E-35  1.000000E-35
   1.017093E+04  1.000000E-35  1.000000E-35
   1.019046E+04  1.000000E-35  1.000000E-35
   1.020998E+04  1.957882E-08  5.872713E-08
   1.022950E+04  1.000000E-35  1.000000E-35
   1.024902E+04  1.000000E-35  1.000000E-35
   1.026854E+04  1.000000E-35  1.000000E-35
   1.028806E+04  1.000000E-35  1.000000E-35
   1.030758E+04  1.000000E-35  1.000000E-35
   1.032711E+04  1.000000E-35  1.000000E-35
   1.034663E+04  1.000000E-35  1.000000E-35
   1.036615E+04  1.000000E-35  1.000000E-35
   1.038567E+04  1.000000E-35  1.000000E-35
   1.040519E+04  1.000000E-35  1.000000E-35
   1.042471E+04  1.000000E-35  1.000000E-35
   1.044423E+04  1.000000E-35  1.000000E-35
   1.046376E+04  1.000000E-35  1.000000E-35
   1.048328E+04  1.000000E-35  1.000000E-35
   1.050280E+04  1.000000E-35  1.000000E-35
   1.052232E+04  1.000000E-35  1.000000E-35
   1.054184E+04  1.000000E-35  1.000000E-35
   1.056136E+04  1.000000E-35  1.000000E-35
   1.058088E+04  1.000000E-35  1.000000E-35
   1.060041E+04  1.000000E-35  1.000000E-35
   1.061993E+04  1.957882E-08  5.872713E-08
   1.063945E+04  1.957882E-08  5.872713E-08
   1.065897E+04  1.000000E-35  1.000000E-35
   1.067849E+04  1.957882E-08  5.872713E-08
   1.069801E+04  1.000000E-35  1.000000E-35
   1.071754E+04  1.000000E-35  1.000000E-35
   1.073706E+04  1.000000E-35  1.000000E-35
   1.075658E+04  1.000000E-35  1.000000E-35
   1.077610E+04  1.000000E-35  1.000000E-35
   1.079562E+04  1.000000E-35  1.000000E-35
   1.081514E+04  1.000000E-35  1.000000E-35
   1.083466E+04  1.000000E-35  1.000000E-35
   1.085419E+04  1.000000E-35  1.000000E-35
   1.087371E+04  1.000000E-35  1.000000E-35
   1.089323E+04  1.000000E-35  1.000000E-35
   1.091275E+04  1.000000E-35  1.000000E-35
   1.093227E+04  1.000000E-35  1.000000E-35
   1.095179E+04  1.000000E-35  1.000000E-35
   1.097131E+04  1.957882E-08  5.872713E-08
   1.099084E+04  1.000000E-35  1.000000E-35
   1.101036E+04  1.000000E-35  1.000000E-35
   1.102988E+04  1.000000E-35  1.000000E-35
   1.104940E+04  1.000000E-35  1.000000E-35
   1.106892E+04  1.000000E-35  1.000000E-35
   1.108844E+04  1.000000E-35  1.000000E-35
   1.110796E+04  1.000000E-35  1.000000E-35
   1.112749E+04  1.000000E-35  1.000000E-35
   1.114701E+04  1.000000E-35  1.000000E-35
   1.116653E+04  1.957882E-08  5.872713E-08
   1.118605E+04  1.000000E-35  1.000000E-35
   1.120557E+04  1.000000E-35  1.000000E-35
   1.122509E+04  1.000000E-35  1.000000E-35
   1.124462E+04  1.000000E-35  1.000000E-35
   1.126414E+04  1.000000E-35  1.000000E-35
   1.128366E+04  1.000000E-35  1.000000E-35
   1.130318E+04  1.000000E-35  1.000000E-35
   1.132270E+04  1.000000E-35  1.000000E-35
   1.134222E+04  1.000000E-35  1.000000E-35
   1.136174E+04  1.000000E-35  1.000000E-35
   1.138127E+04  1.957882E-08  5.872713E-08
   1.140079E+04  1.000000E-35  1.000000E-35
   1.142031E+04  1.957882E-08  5.872713E-08
   1.143983E+04  1.000000E-35  1.000000E-35
   1.145935E+04  1.000000E-35  1.000000E-35
   1.147887E+04  1.000000E-35  1.000000E-35
   1.149839E+04  1.000000E-35  1.000000E-35
   1.151792E+04  1.000000E-35  1.000000E-35
   1.153744E+04  1.000000E-35  1.000000E-35
   1.155696E+04  1.000000E-35  1.000000E-35
   1.157648E+04  1.000000E-35  1.000000E-35
   1.159600E+04  1.000000E-35  1.000000E-35
   1.161552E+04  1.957882E-08  5.872713E-08
   1.163505E+04  1.957882E-08  5.872713E-08
   1.165457E+04  1.000000E-35  1.000000E-35
   1.167409E+04  1.000000E-35  1.000000E-35
   1.169361E+04  1.000000E-35  1.000000E-35
   1.171313E+04  1.000000E-35  1.000000E-35
   1.173265E+04  1.000000E-35  1.000000E-35
   1.175217E+04  1.000000E-35  1.000000E-35
   1.177170E+04  1.000000E-35  1.000000E-35
   1.179122E+04  1.000000E-35  1.000000E-35
   1.181074E+04  1.000000E-35  1.000000E-35
   1.183026E+04  1.000000E-35  1.000000E-35
   1.184978E+04  1.000000E-35  1.000000E-35
   1.186930E+04  1.957882E-08  5.872713E-08
   1.188882E+04  1.000000E-35  1.000000E-35
   1.190835E+04  1.000000E-35  1.000000E-35
   1.192787E+04  1.000000E-35  1.000000E-35
   1.194739E+04  1.000000E-35  1.000000E-35
   1.196691E+04  1.000000E-35  1.000000E-35
   1.198643E+04  1.957882E-08  5.872713E-08
   1.200595E+04  1.000000E-35  1.000000E-35
   1.202547E+04  1.957882E-08  5.872713E-08
   1.204500E+04  1.957882E-08  5.872713E-08
   1.206452E+04  1.000000E-35  1.000000E-35
   1.208404E+04  1.957882E-08  5.872713E-08
   1.210356E+04  1.000000E-35  1.000000E-35
   1.212308E+04  1.000000E-35  1.000000E-35
   1.214260E+04  1.000000E-35  1.000000E-35
   1.216213E+04  1.000000E-35  1.000000E-35
   1.218165E+04  1.957882E-08  5.872713E-08
   1.220117E+04  1.000000E-35  1.000000E-35
   1.222069E+04  1.000000E-35  1.000000E-35
   1.224021E+04  1.000000E-35  1.000000E-35
   1.225973E+04  1.000000E-35  1.000000E-35
   1.227925E+04  1.000000E-35  1.000000E-35
   1.229878E+04  1.957882E-08  5.872713E-08
   1.231830E+04  1.000000E-35  1.000000E-35
   1.233782E+04  1.957882E-08  5.872713E-08
   1.235734E+04  1.000000E-35  1.000000E-35
   1.237686E+04  1.000000E-35  1.000000E-35
   1.239638E+04  1.000000E-35  1.000000E-35
   1.241590E+04  1.000000E-35  1.000000E-35
   1.243543E+04  1.000000E-35  1.000000E-35
   1.245495E+04  1.957882E-08  5.872713E-08
   1.247447E+04  1.957882E-08  5.872713E-08
   1.249399E+04  1.000000E-35  1.000000E-35
   1.251351E+04  1.000000E-35  1.000000E-35
   1.253303E+04  1.000000E-35  1.000000E-35
   1.255255E+04  1.000000E-35  1.000000E-35
   1.257208E+04  1.000000E-35  1.000000E-35
   1.259160E+04  1.000000E-35  1.000000E-35
   1.261112E+04  1.000000E-35  1.000000E-35
   1.263064E+04  1.000000E-35  1.000000E-35
   1.265016E+04  1.000000E-35  1.000000E-35
   1.266968E+04  1.000000E-35  1.000000E-35
   1.268921E+04  1.000000E-35  1.000000E-35
   1.270873E+04  1.000000E-35  1.000000E-35
   1.272825E+04  1.000000E-35  1.000000E-35
   1.274777E+04  1.000000E-35  1.000000E-35
   1.276729E+04  1.000000E-35  1.000000E-35
   1.278681E+04  1.000000E-35  1.000000E-35
   1.280633E+04  1.000000E-35  1.000000E-35
   1.282586E+04  1.000000E-35  1.000000E-35
   1.284538E+04  1.000000E-35  1.000000E-35
   1.286490E+04  1.000000E-35  1.000000E-35
   1.288442E+04  1.957882E-08  5.872713E-08
   1.290394E+04  1.000000E-35  1.000000E-35
   1.292346E+04  1.000000E-35  1.000000E-35
   1.294298E+04  1.000000E-35  1.000000E-35
   1.296251E+04  1.000000E-35  1.000000E-35
   1.298203E+04  1.000000E-35  1.000000E-35
   1.300155E+04  1.957882E-08  5.872713E-08
   1.302107E+04  1.000000E-35  1.000000E-35
   1.304059E+04  1.000000E-35  1.000000E-35
   1.306011E+04  1.000000E-35  1.000000E-35
   1.307964E+04  1.000000E-35  1.000000E-35
   1.309916E+04  1.000000E-35  1.000000E-35
   1.311868E+04  1.000000E-35  1.000000E-35
   1.313820E+04  1.000000E-35  1.000000E-35
   1.315772E+04  1.000000E-35  1.000000E-35
   1.317724E+04  1.000000E-35  1.000000E-35
   1.319676E+04  1.000000E-35  1.000000E-35
   1.321629E+04  1.000000E-35  1.000000E-35
   1.323581E+04  1.957882E-08  5.872713E-08
   1.325533E+04  1.000000E-35  1.000000E-35
   1.327485E+04  1.957882E-08  5.872713E-08
   1.329437E+04  1.000000E-35  1.000000E-35
   1.331389E+04  1.000000E-35  1.000000E-35
   1.333341E+04  1.000000E-35  1.000000E-35
   1.335294E+04  1.000000E-35  1.000000E-35
   1.337246E+04  1.000000E-35  1.000000E-35
   1.339198E+04  1.000000E-35  1.000000E-35
   1.341150E+04  1.000000E-35  1.000000E-35
   1.343102E+04  1.000000E-35  1.000000E-35
   1.345054E+04  1.000000E-35  1.000000E-35
   1.347006E+04  1.000000E-35  1.000000E-35
   1.348959E+04  1.000000E-35  1.000000E-35
   1.350911E+04  1.957882E-08  5.872713E-08
   1.352863E+04  1.000000E-35  1.000000E-35
   1.354815E+04  1.000000E-35  1.000000E-35
   1.356767E+04  1.000000E-35  1.000000E-35
   1.358719E+04  1.000000E-35  1.000000E-35
   1.360672E+04  1.957882E-08  5.872713E-08
   1.362624E+04  1.000000E-35  1.000000E-35
   1.364576E+04  1.000000E-35  1.000000E-35
   1.366528E+04  1.000000E-35  1.000000E-35
   1.368480E+04  1.000000E-35  1.000000E-35
   1.370432E+04  1.000000E-35  1.000000E-35
   1.372384E+04  1.000000E-35  1.000000E-35
   1.374337E+04  1.000000E-35  1.000000E-35
   1.376289E+04  1.957882E-08  5.872713E-08
   1.378241E+04  1.000000E-35  1.000000E-35
   1.380193E+04  1.000000E-35  1.000000E-35
   1.382145E+04  1.000000E-35  1.000000E-35
   1.384097E+04  1.000000E-35  1.000000E-35
   1.386049E+04  1.000000E-35  1.000000E-35
   1.388002E+04  1.000000E-35  1.000000E-35
   1.389954E+04  1.957882E-08  5.872713E-08
   1.391906E+04  1.000000E-35  1.000000E-35
   1.393858E+04  1.000000E-35  1.000000E-35
   1.395810E+04  1.000000E-35  1.000000E-35
   1.397762E+04  1.000000E-35  1.000000E-35
   1.399714E+04  1.000000E-35  1.000000E-35
   1.401667E+04  1.000000E-35  1.000000E-35
   1.403619E+04  1.000000E-35  1.000000E-35
   1.405571E+04  1.000000E-35  1.000000E-35
   1.407523E+04  1.000000E-35  1.000000E-35
   1.409475E+04  1.000000E-35  1.000000E-35
   1.411427E+04  1.000000E-35  1.000000E-35
   1.413380E+04  1.000000E-35  1.000000E-35
   1.415332E+04  1.000000E-35  1.000000E-35
   1.417284E+04  1.000000E-35  1.000000E-35
   1.419236E+04  1.000000E-35  1.000000E-35
   1.421188E+04  1.957882E-08  5.872713E-08
   1.423140E+04  1.000000E-35  1.000000E-35
   1.425092E+04  1.000000E-35  1.000000E-35
   1.427045E+04  1.000000E-35  1.000000E-35
   1.428997E+04  1.000000E-35  1.000000E-35
   1.430949E+04  1.957882E-08  5.872713E-08
   1.432901E+04  1.000000E-35  1.000000E-35
   1.434853E+04  1.000000E-35  1.000000E-35
   1.436805E+04  1.000000E-35  1.000000E-35
   1.438757E+04  1.000000E-35  1.000000E-35
   1.440710E+04  1.000000E-35  1.000000E-35
   1.442662E+04  1.000000E-35  1.000000E-35
   1.444614E+04  1.000000E-35  1.000000E-35
   1.446566E+04  1.000000E-35  1.000000E-35
   1.448518E+04  1.957882E-08  5.872713E-08
   1.450470E+04  1.000000E-35  1.000000E-35
   1.452423E+04  1.000000E-35  1.000000E-35
   1.454375E+04  1.000000E-35  1.000000E-35
   1.456327E+04  1.000000E-35  1.000000E-35
   1.458279E+04  1.000000E-35  1.000000E-35
   1.460231E+04  1.000000E-35  1.000000E-35
   1.462183E+04  1.000000E-35  1.000000E-35
   1.464135E+04  1.000000E-35  1.000000E-35
   1.466088E+04  1.957882E-08  5.872713E-08
   1.468040E+04  1.957882E-08  5.872713E-08
   1.469992E+04  1.000000E-35  1.000000E-35
   1.471944E+04  1.000000E-35  1.000000E-35
   1.473896E+04  1.000000E-35  1.000000E-35
   1.475848E+04  1.000000E-35  1.000000E-35
   1.477800E+04  1.000000E-35  1.000000E-35
   1.479753E+04  1.000000E-35  1.000000E-35
   1.481705E+04  1.000000E-35  1.000000E-35
   1.483657E+04  1.000000E-35  1.000000E-35
   1.485609E+04  1.000000E-35  1.000000E-35
   1.487561E+04  1.000000E-35  1.000000E-35
   1.489513E+04  1.000000E-35  1.000000E-35
   1.491465E+04  1.000000E-35  1.000000E-35
   1.493418E+04  1.000000E-35  1.000000E-35
   1.495370E+04  1.000000E-35  1.000000E-35
   1.497322E+04  1.000000E-35  1.000000E-35
   1.499274E+04  1.000000E-35  1.000000E-35
   1.501226E+04  1.957882E-08  5.872713E-08
   1.503178E+04  1.000000E-35  1.000000E-35
   1.505131E+04  1.000000E-35  1.000000E-35
   1.507083E+04  1.000000E-35  1.000000E-35
   1.509035E+04  1.000000E-35  1.000000E-35
   1.510987E+04  1.000000E-35  1.000000E-35
   1.512939E+04  1.000000E-35  1.000000E-35
   1.514891E+04  1.000000E-35  1.000000E-35
   1.516843E+04  1.000000E-35  1.000000E-35
   1.518796E+04  1.000000E-35  1.000000E-35
   1.520748E+04  1.000000E-35  1.000000E-35
   1.522700E+04  1.957882E-08  5.872713E-08
   1.524652E+04  1.000000E-35  1.000000E-35
   1.526604E+04  1.000000E-35  1.000000E-35
   1.528556E+04  1.000000E-35  1.000000E-35
   1.530508E+04  1.000000E-35  1.000000E-35
   1.532461E+04  1.000000E-35  1.000000E-35
   1.534413E+04  1.000000E-35  1.000000E-35
   1.536365E+04  1.957882E-08  5.872713E-08
   1.538317E+04  1.000000E-35  1.000000E-35
   1.540269E+04  1.000000E-35  1.000000E-35
   1.542221E+04  1.000000E-35  1.000000E-35
   1.544173E+04  1.000000E-35  1.000000E-35
   1.546126E+04  1.000000E-35  1.000000E-35
   1.548078E+04  1.000000E-35  1.000000E-35
   1.550030E+04  1.000000E-35  1.000000E-35
   1.551982E+04  1.000000E-35  1.000000E-35
   1.553934E+04  1.000000E-35  1.000000E-35
   1.555886E+04  1.000000E-35  1.000000E-35
   1.557839E+04  1.000000E-35  1.000000E-35
   1.559791E+04  1.000000E-35  1.000000E-35
   1.561743E+04  1.000000E-35  1.000000E-35
   1.563695E+04  1.000000E-35  1.000000E-35
   1.565647E+04  1.000000E-35  1.000000E-35
   1.567599E+04  1.000000E-35  1.000000E-35
   1.569551E+04  1.000000E-35  1.000000E-35
   1.571504E+04  1.000000E-35  1.000000E-35
   1.573456E+04  1.000000E-35  1.000000E-35
   1.575408E+04  1.000000E-35  1.000000E-35
   1.577360E+04  1.000000E-35  1.000000E-35
   1.579312E+04  1.000000E-35  1.000000E-35
   1.581264E+04  1.000000E-35  1.000000E-35
   1.583216E+04  1.000000E-35  1.000000E-35
   1.585169E+04  1.000000E-35  1.000000E-35
   1.587121E+04  1.000000E-35  1.000000E-35
   1.589073E+04  1.000000E-35  1.000000E-35
   1.591025E+04  1.000000E-35  1.000000E-35
   1.592977E+04  1.957882E-08  5.872713E-08
   1.594929E+04  1.000000E-35  1.000000E-35
   1.596882E+04  1.000000E-35  1.000000E-35
   1.598834E+04  1.000000E-35  1.000000E-35
   1.600786E+04  1.000000E-35  1.000000E-35
   1.602738E+04  1.000000E-35  1.000000E-35
   1.604690E+04  1.000000E-35  1.000000E-35
   1.606642E+04  1.000000E-35  1.000000E-35
   1.608594E+04  1.000000E-35  1.000000E-35
   1.610547E+04  1.055481E-08  3.165939E-08
   1.612499E+04  1.000000E-35  1.000000E-35
   1.614451E+04  1.000000E-35  1.000000E-35
   1.616403E+04  1.000000E-35  1.000000E-35
   1.618355E+04  1.000000E-35  1.000000E-35
   1.620307E+04  1.000000E-35  1.000000E-35
   1.622259E+04  1.000000E-35  1.000000E-35
   1.624212E+04  1.000000E-35  1.000000E-35
   1.626164E+04  1.000000E-35  1.000000E-35
   1.628116E+04  1.000000E-35  1.000000E-35
   1.630068E+04  1.000000E-35  1.000000E-35
   1.632020E+04  1.000000E-35  1.000000E-35
   1.633972E+04  1.000000E-35  1.000000E-35
   1.635924E+04  1.000000E-35  1.000000E-35
   1.637877E+04  1.000000E-35  1.000000E-35
   1.639829E+04  1.000000E-35  1.000000E-35
   1.641781E+04  1.000000E-35  1.000000E-35
   1.643733E+04  1.000000E-35  1.000000E-35
   1.645685E+04  1.000000E-35  1.000000E-35
   1.647637E+04  1.000000E-35  1.000000E-35
   1.649590E+04  1.000000E-35  1.000000E-35
   1.651542E+04  1.000000E-35  1.000000E-35
   1.653494E+04  1.000000E-35  1.000000E-35
   1.655446E+04  1.000000E-35  1.000000E-35
   1.657398E+04  1.000000E-35  1.000000E-35
   1.659350E+04  1.000000E-35  1.000000E-35
   1.661302E+04  1.000000E-35  1.000000E-35
   1.663255E+04  1.000000E-35  1.000000E-35
   1.665207E+04  1.000000E-35  1.000000E-35
   1.667159E+04  1.957882E-08  5.872713E-08
   1.669111E+04  1.000000E-35  1.000000E-35
   1.671063E+04  1.000000E-35  1.000000E-35
   1.673015E+04  1.000000E-35  1.000000E-35
   1.674967E+04  1.000000E-35  1.000000E-35
   1.676920E+04  1.000000E-35  1.000000E-35
   1.678872E+04  1.000000E-35  1.000000E-35
   1.680824E+04  1.000000E-35  1.000000E-35
   1.682776E+04  1.000000E-35  1.000000E-35
   1.684728E+04  1.000000E-35  1.000000E-35
   1.686680E+04  1.000000E-35  1.000000E-35
   1.688632E+04  1.000000E-35  1.000000E-35
   1.690585E+04  1.000000E-35  1.000000E-35
   1.692537E+04  1.000000E-35  1.000000E-35
   1.694489E+04  1.000000E-35  1.000000E-35
   1.696441E+04  1.957882E-08  5.872713E-08
   1.698393E+04  1.000000E-35  1.000000E-35
   1.700345E+04  1.000000E-35  1.000000E-35
   1.702298E+04  1.000000E-35  1.000000E-35
   1.704250E+04  1.000000E-35  1.000000E-35
   1.706202E+04  1.957882E-08  5.872713E-08
   1.708154E+04  1.000000E-35  1.000000E-35
   1.710106E+04  1.000000E-35  1.000000E-35
   1.712058E+04  1.957882E-08  5.872713E-08
   1.714010E+04  1.000000E-35  1.000000E-35
   1.715963E+04  1.000000E-35  1.000000E-35
   1.717915E+04  1.000000E-35  1.000000E-35
   1.719867E+04  1.000000E-35  1.000000E-35
   1.721819E+04  1.000000E-35  1.000000E-35
   1.723771E+04  1.000000E-35  1.000000E-35
   1.725723E+04  1.000000E-35  1.000000E-35
   1.727675E+04  1.000000E-35  1.000000E-35
   1.729628E+04  1.000000E-35  1.000000E-35
   1.731580E+04  1.957882E-08  5.872713E-08
   1.733532E+04  1.000000E-35  1.000000E-35
   1.735484E+04  1.000000E-35  1.000000E-35
   1.737436E+04  1.000000E-35  1.000000E-35
   1.739388E+04  1.000000E-35  1.000000E-35
   1.741341E+04  1.000000E-35  1.000000E-35
   1.743293E+04  1.000000E-35  1.000000E-35
   1.745245E+04  1.000000E-35  1.000000E-35
   1.747197E+04  1.000000E-35  1.000000E-35
   1.749149E+04  1.000000E-35  1.000000E-35
   1.751101E+04  1.000000E-35  1.000000E-35
   1.753053E+04  1.000000E-35  1.000000E-35
   1.755006E+04  1.000000E-35  1.000000E-35
   1.756958E+04  1.957882E-08  5.872713E-08
   1.758910E+04  1.000000E-35  1.000000E-35
   1.760862E+04  1.000000E-35  1.000000E-35
   1.762814E+04  1.000000E-35  1.000000E-35
   1.764766E+04  1.000000E-35  1.000000E-35
   1.766718E+04  1.000000E-35  1.000000E-35
   1.768671E+04  1.000000E-35  1.000000E-35
   1.770623E+04  1.000000E-35  1.000000E-35
   1.772575E+04  1.000000E-35  1.000000E-35
   1.774527E+04  1.000000E-35  1.000000E-35
   1.776479E+04  1.000000E-35  1.000000E-35
   1.778431E+04  1.000000E-35  1.000000E-35
   1.780383E+04  1.957882E-08  5.872713E-08
   1.782336E+04  1.000000E-35  1.000000E-35
   1.784288E+04  1.000000E-35  1.000000E-35
   1.786240E+04  1.000000E-35  1.000000E-35
   1.788192E+04  1.000000E-35  1.000000E-35
   1.790144E+04  1.000000E-35  1.000000E-35
   1.792096E+04  1.000000E-35  1.000000E-35
   1.794049E+04  1.000000E-35  1.000000E-35
   1.796001E+04  1.000000E-35  1.000000E-35
   1.797953E+04  1.000000E-35  1.000000E-35
   1.799905E+04  1.000000E-35  1.000000E-35
   1.801857E+04  1.000000E-35  1.000000E-35
   1.803809E+04  1.000000E-35  1.000000E-35
   1.805761E+04  1.000000E-35  1.000000E-35
   1.807714E+04  1.000000E-35  1.000000E-35
   1.809666E+04  1.000000E-35  1.000000E-35
   1.811618E+04  1.000000E-35  1.000000E-35
   1.813570E+04  1.000000E-35  1.000000E-35
   1.815522E+04  1.000000E-35  1.000000E-35
   1.817474E+04  1.000000E-35  1.000000E-35
   1.819426E+04  1.000000E-35  1.000000E-35
   1.821379E+04  1.000000E-35  1.000000E-35
   1.823331E+04  1.000000E-35  1.000000E-35
   1.825283E+04  1.000000E-35  1.000000E-35
   1.827235E+04  1.000000E-35  1.000000E-35
   1.829187E+04  1.000000E-35  1.000000E-35
   1.831139E+04  1.000000E-35  1.000000E-35
   1.833091E+04  1.000000E-35  1.000000E-35
   1.835044E+04  1.000000E-35  1.000000E-35
   1.836996E+04  1.000000E-35  1.000000E-35
   1.838948E+04  1.957882E-08  5.872713E-08
   1.840900E+04  1.000000E-35  1.000000E-35
   1.842852E+04  1.000000E-35  1.000000E-35
   1.844804E+04  1.000000E-35  1.000000E-35
   1.846757E+04  1.000000E-35  1.000000E-35
   1.848709E+04  1.000000E-35  1.000000E-35
   1.850661E+04  1.000000E-35  1.000000E-35
   1.852613E+04  1.000000E-35  1.000000E-35
   1.854565E+04  1.000000E-35  1.000000E-35
   1.856517E+04  1.000000E-35  1.000000E-35
   1.858469E+04  1.000000E-35  1.000000E-35
   1.860422E+04  1.000000E-35  1.000000E-35
   1.862374E+04  1.000000E-35  1.000000E-35
   1.864326E+04  1.000000E-35  1.000000E-35
   1.866278E+04  1.000000E-35  1.000000E-35
   1.868230E+04  1.000000E-35  1.000000E-35
   1.870182E+04  1.000000E-35  1.000000E-35
   1.872134E+04  1.000000E-35  1.000000E-35
   1.874087E+04  1.000000E-35  1.000000E-35
   1.876039E+04  1.000000E-35  1.000000E-35
   1.877991E+04  1.000000E-35  1.000000E-35
   1.879943E+04  1.000000E-35  1.000000E-35
   1.881895E+04  1.000000E-35  1.000000E-35
   1.883847E+04  1.000000E-35  1.000000E-35
   1.885800E+04  1.000000E-35  1.000000E-35
   1.887752E+04  1.000000E-35  1.000000E-35
   1.889704E+04  1.000000E-35  1.000000E-35
   1.891656E+04  1.000000E-35  1.000000E-35
   1.893608E+04  1.000000E-35  1.000000E-35
   1.895560E+04  1.000000E-35  1.000000E-35
   1.897512E+04  1.000000E-35  1.000000E-35
   1.899465E+04  1.000000E-35  1.000000E-35
   1.901417E+04  1.000000E-35  1.000000E-35
   1.903369E+04  1.000000E-35  1.000000E-35
   1.905321E+04  1.000000E-35  1.000000E-35
   1.907273E+04  1.000000E-35  1.000000E-35
   1.909225E+04  1.000000E-35  1.000000E-35
   1.911177E+04  1.000000E-35  1.000000E-35
   1.913130E+04  1.000000E-35  1.000000E-35
   1.915082E+04  1.000000E-35  1.000000E-35
   1.917034E+04  1.000000E-35  1.000000E-35
   1.918986E+04  1.000000E-35  1.000000E-35
   1.920938E+04  1.000000E-35  1.000000E-35
   1.922890E+04  1.000000E-35  1.000000E-35
   1.924842E+04  1.000000E-35  1.000000E-35
   1.926795E+04  1.000000E-35  1.000000E-35
   1.928747E+04  1.000000E-35  1.000000E-35
   1.930699E+04  1.000000E-35  1.000000E-35
   1.932651E+04  1.000000E-35  1.000000E-35
   1.934603E+04  1.000000E-35  1.000000E-35
   1.936555E+04  1.000000E-35  1.000000E-35
   1.938508E+04  1.000000E-35  1.000000E-35
   1.940460E+04  1.000000E-35  1.000000E-35
   1.942412E+04  1.000000E-35  1.000000E-35
   1.944364E+04  1.000000E-35  1.000000E-35
   1.946316E+04  1.000000E-35  1.000000E-35
   1.948268E+04  1.000000E-35  1.000000E-35
   1.950220E+04  1.000000E-35  1.000000E-35
   1.952173E+04  1.000000E-35  1.000000E-35
   1.954125E+04  1.000000E-35  1.000000E-35
   1.956077E+04  1.000000E-35  1.000000E-35
   1.958029E+04  1.000000E-35  1.000000E-35
   1.959981E+04  1.000000E-35  1.000000E-35
   1.961933E+04  1.000000E-35  1.000000E-35
   1.963885E+04  1.000000E-35  1.000000E-35
   1.965838E+04  1.000000E-35  1.000000E-35
   1.967790E+04  1.000000E-35  1.000000E-35
   1.969742E+04  1.000000E-35  1.000000E-35
   1.971694E+04  1.000000E-35  1.000000E-35
   1.973646E+04  1.000000E-35  1.000000E-35
   1.975598E+04  1.000000E-35  1.000000E-35
   1.977550E+04  1.000000E-35  1.000000E-35
   1.979503E+04  1.000000E-35  1.000000E-35
   1.981455E+04  1.000000E-35  1.000000E-35
   1.983407E+04  1.000000E-35  1.000000E-35
   1.985359E+04  1.000000E-35  1.000000E-35
   1.987311E+04  1.000000E-35  1.000000E-35
   1.989263E+04  1.000000E-35  1.000000E-35
   1.991216E+04  1.000000E-35  1.000000E-35
   1.993168E+04  1.000000E-35  1.000000E-35
   1.995120E+04  1.000000E-35  1.000000E-35
   1.997072E+04  1.000000E-35  1.000000E-35
   1.999024E+04  1.000000E-35  1.000000E-35
