 #  Results from PENEPMA.
 #  Probability of emission of bremmstrahlung photons.
 #  1st column: E (eV).
 #  2nd and 3rd columns: probability density and STU (1/(eV*sr*electron)).

   1.125000E+02  5.380545E-07  5.012896E-09
   1.275000E+02  4.648505E-07  4.519967E-09
   1.425000E+02  4.059142E-07  3.770610E-09
   1.575000E+02  3.645647E-07  3.977523E-09
   1.725000E+02  3.275603E-07  3.586292E-09
   1.875000E+02  2.988500E-07  3.619180E-09
   2.025000E+02  2.719537E-07  3.191037E-09
   2.175000E+02  2.502018E-07  2.825046E-09
   2.325000E+02  2.310512E-07  2.583571E-09
   2.475000E+02  2.147479E-07  2.318801E-09
   2.625000E+02  2.010610E-07  2.065983E-09
   2.775000E+02  1.884165E-07  2.011141E-09
   2.925000E+02  1.787940E-07  2.171005E-09
   3.075000E+02  1.683071E-07  1.947747E-09
   3.225000E+02  1.604380E-07  2.114377E-09
   3.375000E+02  1.510861E-07  1.522643E-09
   3.525000E+02  1.442596E-07  1.732091E-09
   3.675000E+02  1.374624E-07  1.619761E-09
   3.825000E+02  1.310806E-07  1.439088E-09
   3.975000E+02  1.260682E-07  1.431800E-09
   4.125000E+02  1.213167E-07  1.655001E-09
   4.275000E+02  1.159052E-07  1.354636E-09
   4.425000E+02  1.122563E-07  1.349787E-09
   4.575000E+02  1.076104E-07  1.276305E-09
   4.725000E+02  1.048134E-07  1.581003E-09
   4.875000E+02  9.979871E-08  7.362378E-10
   5.025001E+02  9.605602E-08  5.933864E-10
   5.175001E+02  9.381589E-08  1.107274E-09
   5.325001E+02  9.057513E-08  9.276487E-10
   5.475001E+02  8.724179E-08  8.198215E-10
   5.625001E+02  8.554445E-08  1.093375E-09
   5.775001E+02  8.306976E-08  1.088775E-09
   5.925001E+02  8.030629E-08  8.042368E-10
   6.075001E+02  7.813337E-08  9.954466E-10
   6.225001E+02  7.592715E-08  6.741479E-10
   6.375001E+02  7.384282E-08  6.678118E-10
   6.525001E+02  7.203561E-08  8.900277E-10
   6.675001E+02  7.008837E-08  6.574685E-10
   6.825001E+02  6.873455E-08  8.831247E-10
   6.975001E+02  6.711125E-08  9.754528E-10
   7.125001E+02  6.510703E-08  7.684496E-10
   7.275001E+02  6.380822E-08  8.733201E-10
   7.425001E+02  6.217774E-08  7.611491E-10
   7.575001E+02  6.098849E-08  7.585027E-10
   7.725001E+02  5.956800E-08  9.605661E-10
   7.875001E+02  5.826043E-08  7.518423E-10
   8.025001E+02  5.678109E-08  6.202036E-10
   8.175001E+02  5.567952E-08  6.162216E-10
   8.325001E+02  5.454365E-08  4.464680E-10
   8.475001E+02  5.373133E-08  7.407441E-10
   8.625001E+02  5.236230E-08  6.063454E-10
   8.775001E+02  5.180289E-08  9.468334E-10
   8.925001E+02  5.083881E-08  7.336977E-10
   9.075001E+02  4.965764E-08  7.308979E-10
   9.225001E+02  4.861956E-08  5.947498E-10
   9.375001E+02  4.757946E-08  4.170102E-10
   9.525001E+02  4.704924E-08  5.899458E-10
   9.675001E+02  4.595132E-08  5.876219E-10
   9.825001E+02  4.508700E-08  4.054621E-10
   9.975001E+02  4.440282E-08  5.816921E-10
   1.012500E+03  4.373202E-08  5.795226E-10
   1.027500E+03  4.288993E-08  3.959743E-10
   1.042500E+03  4.235724E-08  7.120526E-10
   1.057500E+03  4.186707E-08  7.110380E-10
   1.072500E+03  4.070691E-08  7.078624E-10
   1.087500E+03  4.010162E-08  5.680038E-10
   1.102500E+03  3.944825E-08  3.794373E-10
   1.117500E+03  3.893783E-08  5.642815E-10
   1.132500E+03  3.845251E-08  5.625454E-10
   1.147500E+03  3.751546E-08  3.702554E-10
   1.162500E+03  3.719617E-08  5.583970E-10
   1.177500E+03  3.688219E-08  5.574669E-10
   1.192500E+03  3.605303E-08  3.630363E-10
   1.207500E+03  3.561580E-08  3.603708E-10
   1.222500E+03  3.514458E-08  5.517716E-10
   1.237500E+03  3.457723E-08  5.500264E-10
   1.252500E+03  3.434851E-08  5.502148E-10
   1.267500E+03  3.380935E-08  8.075637E-10
   1.282500E+03  3.291038E-08  3.465572E-10
   1.297500E+03  3.255437E-08  3.449333E-10
   1.312500E+03  3.222781E-08  5.421203E-10
   1.327500E+03  3.157807E-08  3.392448E-10
   1.342500E+03  3.165359E-08  5.401899E-10
   1.357500E+03  3.093920E-08  3.359794E-10
   1.372500E+03  3.047247E-08  3.335722E-10
   1.387500E+03  3.003483E-08  3.308183E-10
   1.402500E+03  2.954264E-08  3.281066E-10
   1.417500E+03  2.941980E-08  3.275615E-10
   1.432500E+03  2.902863E-08  3.251108E-10
   1.447500E+03  2.839946E-08  3.216358E-10
   1.462500E+03  2.811093E-08  3.202456E-10
   1.477500E+03  2.796016E-08  5.275159E-10
   1.492500E+03  2.747367E-08  3.166986E-10
   1.507500E+03  2.732860E-08  3.157269E-10
   1.522500E+03  2.681419E-08  3.126372E-10
   1.537500E+03  2.640605E-08  3.104398E-10
   1.552500E+03  2.629129E-08  3.096372E-10
   1.567500E+03  2.593488E-08  3.073444E-10
   1.582500E+03  2.564514E-08  3.057766E-10
   1.597500E+03  2.555220E-08  3.050732E-10
   1.612500E+03  2.498323E-08  3.018395E-10
   1.627500E+03  2.475451E-08  3.005089E-10
   1.642500E+03  2.479644E-08  6.655186E-10
   1.657500E+03  2.428131E-08  2.975444E-10
   1.672500E+03  2.412493E-08  2.965667E-10
   1.687500E+03  2.365416E-08  2.935472E-10
   1.702500E+03  2.346747E-08  2.927282E-10
   1.717500E+03  2.314459E-08  2.906833E-10
   1.732500E+03  2.288799E-08  2.887733E-10
   1.747500E+03  2.271100E-08  2.878843E-10
   1.762500E+03  2.246773E-08  2.860908E-10
   1.777500E+03  2.225275E-08  2.847614E-10
   1.792500E+03  2.212506E-08  2.839248E-10
   1.807500E+03  2.184219E-08  2.821014E-10
   1.822500E+03  2.146315E-08  2.794558E-10
   1.837500E+03  2.132172E-08  2.786695E-10
   1.852500E+03  2.096975E-08  2.763652E-10
   1.867500E+03  2.090065E-08  2.758897E-10
   1.882500E+03  2.078427E-08  2.751534E-10
   1.897500E+03  2.044968E-08  2.729214E-10
   1.912500E+03  2.039715E-08  2.725285E-10
   1.927500E+03  2.016479E-08  2.709819E-10
   1.942500E+03  1.993930E-08  2.695626E-10
   1.957500E+03  1.977363E-08  2.683849E-10
   1.972500E+03  1.939054E-08  2.659234E-10
   1.987500E+03  1.940343E-08  4.969704E-10
   2.002500E+03  1.927012E-08  2.647973E-10
   2.017500E+03  1.894321E-08  2.628445E-10
   2.032500E+03  1.875247E-08  2.615290E-10
   2.047500E+03  1.863569E-08  2.605086E-10
   2.062500E+03  1.844172E-08  2.589715E-10
   2.077500E+03  1.819806E-08  2.575107E-10
   2.092500E+03  1.797176E-08  2.559637E-10
   2.107500E+03  1.786548E-08  2.548818E-10
   2.122500E+03  1.778305E-08  2.546524E-10
   2.137500E+03  1.757534E-08  2.530519E-10
   2.152500E+03  1.741936E-08  2.519042E-10
   2.167500E+03  1.742421E-08  2.518853E-10
   2.182500E+03  1.712276E-08  2.497698E-10
   2.197500E+03  1.707022E-08  2.493964E-10
   2.212500E+03  1.685605E-08  2.478562E-10
   2.227500E+03  1.666613E-08  2.464298E-10
   2.242500E+03  1.654167E-08  2.456529E-10
   2.257500E+03  1.642933E-08  2.446056E-10
   2.272500E+03  1.631699E-08  2.437527E-10
   2.287500E+03  1.613474E-08  2.423862E-10
   2.302500E+03  1.601392E-08  2.415728E-10
   2.317500E+03  1.602559E-08  4.853615E-10
   2.332500E+03  1.570923E-08  2.391815E-10
   2.347500E+03  1.554072E-08  2.379375E-10
   2.362500E+03  1.548536E-08  2.374612E-10
   2.377500E+03  1.521462E-08  2.355282E-10
   2.392500E+03  1.520411E-08  2.351938E-10
   2.407500E+03  1.503277E-08  2.340880E-10
   2.422500E+03  1.494832E-08  2.333468E-10
   2.437500E+03  1.483436E-08  2.324373E-10
   2.452500E+03  1.445734E-08  2.293334E-10
   2.467500E+03  1.459514E-08  2.305015E-10
   2.482500E+03  1.451553E-08  2.300217E-10
   2.497500E+03  1.447997E-08  2.297307E-10
   2.512500E+03  1.421731E-08  2.276668E-10
   2.527500E+03  1.417488E-08  2.272418E-10
   2.542500E+03  1.403061E-08  2.260314E-10
   2.557500E+03  1.389847E-08  2.248436E-10
   2.572500E+03  1.375906E-08  2.238350E-10
   2.587500E+03  1.360510E-08  2.227461E-10
   2.602500E+03  1.355499E-08  2.222041E-10
   2.617500E+03  1.346528E-08  2.214188E-10
   2.632500E+03  1.329354E-08  2.200012E-10
   2.647500E+03  1.325192E-08  2.196876E-10
   2.662500E+03  1.323576E-08  2.194775E-10
   2.677500E+03  1.303007E-08  2.177785E-10
   2.692500E+03  1.294440E-08  2.170363E-10
   2.707500E+03  1.284500E-08  2.160432E-10
   2.722500E+03  1.284176E-08  2.163431E-10
   2.737500E+03  1.266113E-08  2.148305E-10
   2.752500E+03  1.263931E-08  2.145074E-10
   2.767500E+03  1.244454E-08  2.128430E-10
   2.782500E+03  1.253384E-08  2.135895E-10
   2.797500E+03  1.235160E-08  2.117861E-10
   2.812500E+03  1.222350E-08  2.109797E-10
   2.827500E+03  1.220208E-08  2.107026E-10
   2.842500E+03  1.188082E-08  2.079972E-10
   2.857500E+03  1.184122E-08  2.074974E-10
   2.872500E+03  1.189254E-08  2.082168E-10
   2.887500E+03  1.164928E-08  2.060401E-10
   2.902500E+03  1.174666E-08  2.070237E-10
   2.917500E+03  1.155189E-08  2.050946E-10
   2.932500E+03  1.158583E-08  2.054087E-10
   2.947500E+03  1.155270E-08  2.050156E-10
   2.962500E+03  1.137328E-08  2.033161E-10
   2.977500E+03  1.128074E-08  2.024288E-10
   2.992500E+03  1.131105E-08  2.031066E-10
   3.007500E+03  1.111789E-08  2.011377E-10
   3.022500E+03  1.101727E-08  2.002861E-10
   3.037500E+03  1.094130E-08  1.995907E-10
   3.052500E+03  1.102050E-08  2.002634E-10
   3.067500E+03  1.073158E-08  1.979570E-10
   3.082500E+03  1.070571E-08  1.973606E-10
   3.097500E+03  1.079421E-08  1.982282E-10
   3.112500E+03  1.059620E-08  1.965611E-10
   3.127500E+03  1.062247E-08  1.968279E-10
   3.142500E+03  1.047942E-08  1.953163E-10
   3.157500E+03  1.039456E-08  1.943700E-10
   3.172500E+03  1.033597E-08  1.939404E-10
   3.187500E+03  1.028505E-08  1.936864E-10
   3.202500E+03  1.023979E-08  1.929668E-10
   3.217500E+03  1.014846E-08  1.923006E-10
   3.232500E+03  1.004259E-08  1.912205E-10
   3.247500E+03  9.884590E-09  1.897702E-10
   3.262500E+03  1.001188E-08  1.908580E-10
   3.277500E+03  9.826804E-09  1.892051E-10
   3.292500E+03  9.776696E-09  1.885859E-10
   3.307500E+03  9.868426E-09  1.895336E-10
   3.322500E+03  9.649002E-09  1.873471E-10
   3.337500E+03  9.561717E-09  1.865012E-10
   3.352500E+03  9.554040E-09  1.865462E-10
   3.367500E+03  9.524945E-09  1.862371E-10
   3.382500E+03  9.349567E-09  1.844909E-10
   3.397500E+03  9.463118E-09  1.855745E-10
   3.412500E+03  9.339465E-09  1.844253E-10
   3.427500E+03  9.180251E-09  1.827622E-10
   3.442500E+03  9.234804E-09  1.834609E-10
   3.457500E+03  9.177826E-09  1.828270E-10
   3.472500E+03  9.045687E-09  1.813172E-10
   3.487500E+03  8.880008E-09  1.797646E-10
   3.502500E+03  8.924054E-09  1.803064E-10
   3.517500E+03  8.920417E-09  1.802297E-10
   3.532500E+03  8.925266E-09  1.802369E-10
   3.547500E+03  8.821010E-09  1.790478E-10
   3.562500E+03  8.719986E-09  1.780811E-10
   3.577500E+03  8.621790E-09  1.770710E-10
   3.592500E+03  8.641995E-09  1.773405E-10
   3.607500E+03  8.519150E-09  1.762101E-10
   3.622500E+03  8.474295E-09  1.755884E-10
   3.637500E+03  8.352258E-09  1.743364E-10
   3.652500E+03  8.446413E-09  1.753889E-10
   3.667500E+03  8.339327E-09  1.741957E-10
   3.682500E+03  8.283562E-09  1.736577E-10
   3.697500E+03  8.174052E-09  1.724014E-10
   3.712500E+03  8.256084E-09  1.731887E-10
   3.727500E+03  8.188195E-09  1.727009E-10
   3.742500E+03  8.212037E-09  1.728790E-10
   3.757500E+03  8.094849E-09  1.717510E-10
   3.772500E+03  8.115054E-09  1.721231E-10
   3.787500E+03  8.036255E-09  1.709865E-10
   3.802500E+03  7.942505E-09  1.701434E-10
   3.817500E+03  7.804304E-09  1.684866E-10
   3.832500E+03  7.836632E-09  1.688724E-10
   3.847500E+03  7.791777E-09  1.682927E-10
   3.862500E+03  7.809558E-09  1.683765E-10
   3.877500E+03  7.787736E-09  1.683284E-10
   3.892500E+03  7.601448E-09  1.663844E-10
   3.907500E+03  7.573566E-09  1.661024E-10
   3.922500E+03  7.514972E-09  1.653733E-10
   3.937500E+03  7.537197E-09  1.656930E-10
   3.952500E+03  7.487089E-09  1.650628E-10
   3.967500E+03  7.455165E-09  1.647169E-10
   3.982500E+03  7.473350E-09  1.648249E-10
   3.997500E+03  7.314136E-09  1.631794E-10
   4.012500E+03  7.221194E-09  1.622033E-10
   4.027500E+03  7.257563E-09  1.624138E-10
   4.042500E+03  7.206646E-09  1.619068E-10
   4.057500E+03  7.234529E-09  1.622597E-10
   4.072500E+03  7.059151E-09  1.603335E-10
   4.087500E+03  7.096732E-09  1.606241E-10
   4.102500E+03  7.154114E-09  1.614621E-10
   4.117500E+03  7.038543E-09  1.599106E-10
   4.132500E+03  7.011064E-09  1.597317E-10
   4.147500E+03  6.912061E-09  1.585541E-10
   4.162500E+03  6.937519E-09  1.588319E-10
   4.177500E+03  6.794065E-09  1.571793E-10
   4.192500E+03  6.809824E-09  1.574147E-10
   4.207500E+03  6.826392E-09  1.575377E-10
   4.222500E+03  6.752443E-09  1.566859E-10
   4.237500E+03  6.697890E-09  1.560802E-10
   4.252500E+03  6.688595E-09  1.560301E-10
   4.267500E+03  6.703547E-09  1.563144E-10
   4.282500E+03  6.516855E-09  1.540657E-10
   4.297500E+03  6.498670E-09  1.538160E-10
   4.312500E+03  6.424721E-09  1.528852E-10
   4.327500E+03  6.437652E-09  1.531422E-10
   4.342500E+03  6.431995E-09  1.530376E-10
   4.357500E+03  6.381078E-09  1.522282E-10
   4.372500E+03  6.410577E-09  1.528059E-10
   4.387500E+03  6.360066E-09  1.521160E-10
   4.402500E+03  6.340669E-09  1.519454E-10
   4.417500E+03  6.267932E-09  1.510269E-10
   4.432500E+03  6.261466E-09  1.509209E-10
   4.447500E+03  6.179031E-09  1.499192E-10
   4.462500E+03  6.106293E-09  1.490765E-10
   4.477500E+03  6.191558E-09  1.501766E-10
   4.492500E+03  6.169332E-09  1.498817E-10
   4.507500E+03  6.121649E-09  1.492709E-10
   4.522500E+03  6.080835E-09  1.486317E-10
   4.537500E+03  6.009310E-09  1.478460E-10
   4.552500E+03  6.052953E-09  1.484040E-10
   4.567500E+03  6.012139E-09  1.478703E-10
   4.582500E+03  6.065884E-09  1.486788E-10
   4.597500E+03  5.957990E-09  1.473020E-10
   4.612500E+03  5.891314E-09  1.463977E-10
   4.627500E+03  5.768065E-09  1.448898E-10
   4.642500E+03  5.790694E-09  1.451494E-10
   4.657500E+03  5.660575E-09  1.435115E-10
   4.672500E+03  5.694115E-09  1.439915E-10
   4.687500E+03  5.716341E-09  1.441357E-10
   4.702500E+03  5.821810E-09  1.455840E-10
   4.717500E+03  5.634713E-09  1.432390E-10
   4.732500E+03  5.583393E-09  1.425430E-10
   4.747500E+03  5.694520E-09  1.440374E-10
   4.762500E+03  5.563592E-09  1.422108E-10
   4.777500E+03  5.518738E-09  1.416850E-10
   4.792500E+03  5.504999E-09  1.414692E-10
   4.807500E+03  5.473883E-09  1.411363E-10
   4.822500E+03  5.482773E-09  1.413014E-10
   4.837500E+03  5.439535E-09  1.406151E-10
   4.852500E+03  5.466205E-09  1.409552E-10
   4.867500E+03  5.384982E-09  1.398958E-10
   4.882500E+03  5.344572E-09  1.394393E-10
   4.897500E+03  5.358312E-09  1.396162E-10
   4.912500E+03  5.298506E-09  1.388553E-10
   4.927500E+03  5.233850E-09  1.380483E-10
   4.942500E+03  5.251226E-09  1.382530E-10
   4.957500E+03  5.156668E-09  1.369973E-10
   4.972500E+03  5.200310E-09  1.374616E-10
   4.987500E+03  5.246377E-09  1.381900E-10
   5.002501E+03  5.184551E-09  1.373197E-10
   5.017501E+03  5.108580E-09  1.363760E-10
   5.032501E+03  5.048774E-09  1.355423E-10
   5.047501E+03  5.076657E-09  1.359763E-10
   5.062501E+03  5.097670E-09  1.361674E-10
   5.077501E+03  5.025337E-09  1.353072E-10
   5.092501E+03  5.072212E-09  1.357877E-10
   5.107501E+03  4.937648E-09  1.340606E-10
   5.122501E+03  4.851171E-09  1.327741E-10
   5.137501E+03  4.906937E-09  1.335051E-10
   5.152501E+03  4.917847E-09  1.337728E-10
   5.167501E+03  4.872184E-09  1.331357E-10
   5.182501E+03  4.872588E-09  1.331742E-10
   5.197501E+03  4.788537E-09  1.320123E-10
   5.212501E+03  4.721053E-09  1.309551E-10
   5.227501E+03  4.744490E-09  1.314780E-10
   5.242501E+03  4.657609E-09  1.302276E-10
   5.257501E+03  4.685492E-09  1.305897E-10
   5.272501E+03  4.644274E-09  1.300207E-10
   5.287501E+03  4.607097E-09  1.294713E-10
   5.302501E+03  4.599824E-09  1.294383E-10
   5.317501E+03  4.645487E-09  1.300714E-10
   5.332501E+03  4.615179E-09  1.295835E-10
   5.347501E+03  4.594570E-09  1.292516E-10
   5.362501E+03  4.616796E-09  1.295606E-10
   5.377501E+03  4.525874E-09  1.283261E-10
   5.392501E+03  4.595379E-09  1.292174E-10
   5.407501E+03  4.541230E-09  1.286784E-10
   5.422501E+03  4.456774E-09  1.273650E-10
   5.437501E+03  4.427679E-09  1.269185E-10
   5.452501E+03  4.431720E-09  1.270221E-10
   5.467501E+03  4.367873E-09  1.261491E-10
   5.482501E+03  4.406262E-09  1.265215E-10
   5.497501E+03  4.382016E-09  1.262111E-10
   5.512501E+03  4.335949E-09  1.255641E-10
   5.527501E+03  4.339586E-09  1.256630E-10
   5.542501E+03  4.315744E-09  1.253327E-10
   5.557501E+03  4.272910E-09  1.246452E-10
   5.572501E+03  4.289478E-09  1.249078E-10
   5.587501E+03  4.201789E-09  1.236492E-10
   5.602501E+03  4.175523E-09  1.232422E-10
   5.617501E+03  4.225227E-09  1.239663E-10
   5.632501E+03  4.224015E-09  1.240436E-10
   5.647501E+03  4.203406E-09  1.236727E-10
   5.662501E+03  4.126223E-09  1.225317E-10
   5.677501E+03  4.095108E-09  1.220494E-10
   5.692501E+03  4.087026E-09  1.218939E-10
   5.707501E+03  4.093492E-09  1.220617E-10
   5.722501E+03  4.067629E-09  1.218002E-10
   5.737501E+03  3.992872E-09  1.205676E-10
   5.752501E+03  4.020754E-09  1.210321E-10
   5.767501E+03  4.004590E-09  1.206817E-10
   5.782501E+03  4.024391E-09  1.210498E-10
   5.797501E+03  3.963373E-09  1.201627E-10
   5.812501E+03  3.969434E-09  1.202046E-10
   5.827501E+03  3.945997E-09  1.198160E-10
   5.842501E+03  3.920539E-09  1.194818E-10
   5.857501E+03  3.946401E-09  1.199324E-10
   5.872501E+03  3.897101E-09  1.190414E-10
   5.887501E+03  3.896697E-09  1.191093E-10
   5.902501E+03  3.815878E-09  1.179425E-10
   5.917501E+03  3.836487E-09  1.182197E-10
   5.932501E+03  3.804967E-09  1.176508E-10
   5.947501E+03  3.768598E-09  1.171048E-10
   5.962501E+03  3.713641E-09  1.162305E-10
   5.977501E+03  3.725360E-09  1.164500E-10
   5.992501E+03  3.741524E-09  1.167125E-10
   6.007501E+03  3.710409E-09  1.160791E-10
   6.022501E+03  3.744757E-09  1.166995E-10
   6.037501E+03  3.704751E-09  1.161558E-10
   6.052501E+03  3.650602E-09  1.152103E-10
   6.067501E+03  3.665554E-09  1.154313E-10
   6.082501E+03  3.634439E-09  1.149570E-10
   6.097501E+03  3.594837E-09  1.143213E-10
   6.112501E+03  3.616254E-09  1.147227E-10
   6.127501E+03  3.607768E-09  1.146277E-10
   6.142501E+03  3.544729E-09  1.136058E-10
   6.157501E+03  3.514826E-09  1.130781E-10
   6.172501E+03  3.560085E-09  1.138493E-10
   6.187501E+03  3.521292E-09  1.131552E-10
   6.202501E+03  3.496642E-09  1.128007E-10
   6.217501E+03  3.518059E-09  1.131556E-10
   6.232501E+03  3.543921E-09  1.135671E-10
   6.247501E+03  3.476841E-09  1.123660E-10
   6.262501E+03  3.424713E-09  1.116445E-10
   6.277501E+03  3.434815E-09  1.118602E-10
   6.292501E+03  3.341065E-09  1.102445E-10
   6.307501E+03  3.382283E-09  1.109303E-10
   6.322501E+03  3.400063E-09  1.111662E-10
   6.337501E+03  3.322881E-09  1.099331E-10
   6.352501E+03  3.342681E-09  1.102310E-10
   6.367501E+03  3.328538E-09  1.100260E-10
   6.382501E+03  3.325305E-09  1.100397E-10
   6.397501E+03  3.305100E-09  1.096811E-10
   6.412501E+03  3.329346E-09  1.100259E-10
   6.427501E+03  3.212967E-09  1.081273E-10
   6.442501E+03  3.231151E-09  1.084440E-10
   6.457501E+03  3.276410E-09  1.091003E-10
   6.472501E+03  3.227514E-09  1.083292E-10
   6.487501E+03  3.238829E-09  1.085040E-10
   6.502501E+03  3.219432E-09  1.081673E-10
   6.517501E+03  3.229130E-09  1.083561E-10
   6.532501E+03  3.174982E-09  1.075187E-10
   6.547501E+03  3.153160E-09  1.071655E-10
   6.562501E+03  3.205693E-09  1.079923E-10
   6.577501E+03  3.143462E-09  1.069058E-10
   6.592501E+03  3.179427E-09  1.075660E-10
   6.607501E+03  3.099416E-09  1.062563E-10
   6.622501E+03  3.118812E-09  1.065439E-10
   6.637501E+03  3.057794E-09  1.055049E-10
   6.652501E+03  3.029507E-09  1.050057E-10
   6.667501E+03  3.086889E-09  1.060432E-10
   6.682501E+03  3.025062E-09  1.048031E-10
   6.697501E+03  3.023850E-09  1.049224E-10
   6.712501E+03  3.021829E-09  1.049436E-10
   6.727501E+03  2.985056E-09  1.041398E-10
   6.742501E+03  2.972934E-09  1.039859E-10
   6.757501E+03  2.992734E-09  1.043855E-10
   6.772501E+03  2.959598E-09  1.038107E-10
   6.787501E+03  2.930908E-09  1.032392E-10
   6.802501E+03  2.905854E-09  1.027999E-10
   6.817501E+03  2.928079E-09  1.032466E-10
   6.832501E+03  2.898176E-09  1.026650E-10
   6.847501E+03  2.915552E-09  1.030415E-10
   6.862501E+03  2.830692E-09  1.014127E-10
   6.877501E+03  2.844431E-09  1.016427E-10
   6.892501E+03  2.914744E-09  1.029703E-10
   6.907501E+03  2.792303E-09  1.007849E-10
   6.922501E+03  2.881608E-09  1.024735E-10
   6.937501E+03  2.760379E-09  1.002256E-10
   6.952501E+03  2.784625E-09  1.006617E-10
   6.967501E+03  2.837157E-09  1.016725E-10
   6.982501E+03  2.803213E-09  1.010239E-10
   6.997501E+03  2.747852E-09  9.999954E-11
   7.012501E+03  2.721182E-09  9.950170E-11
   7.027501E+03  2.770482E-09  1.003929E-10
   7.042501E+03  2.750277E-09  1.000433E-10
   7.057501E+03  2.740174E-09  9.987543E-11
   7.072501E+03  2.699361E-09  9.910463E-11
   7.087501E+03  2.667841E-09  9.846853E-11
   7.102501E+03  2.700977E-09  9.911927E-11
   7.117501E+03  2.675519E-09  9.871361E-11
   7.132501E+03  2.660163E-09  9.835741E-11
   7.147501E+03  2.622582E-09  9.766443E-11
   7.162501E+03  2.600761E-09  9.728998E-11
   7.177501E+03  2.542976E-09  9.617982E-11
   7.192501E+03  2.617733E-09  9.757465E-11
   7.207501E+03  2.584597E-09  9.689826E-11
   7.222501E+03  2.541359E-09  9.614943E-11
   7.237501E+03  2.585810E-09  9.696635E-11
   7.252501E+03  2.592275E-09  9.707165E-11
   7.267501E+03  2.610864E-09  9.746240E-11
   7.282501E+03  2.578940E-09  9.694438E-11
   7.297501E+03  2.533277E-09  9.602797E-11
   7.312501E+03  2.485190E-09  9.507200E-11
   7.327501E+03  2.450033E-09  9.432318E-11
   7.342501E+03  2.568838E-09  9.664945E-11
   7.357501E+03  2.521154E-09  9.583016E-11
   7.372501E+03  2.458115E-09  9.458680E-11
   7.387501E+03  2.493272E-09  9.521013E-11
   7.402501E+03  2.451650E-09  9.436973E-11
   7.417501E+03  2.429021E-09  9.409147E-11
   7.432501E+03  2.401946E-09  9.344398E-11
   7.447501E+03  2.491251E-09  9.523350E-11
   7.462501E+03  2.470642E-09  9.482595E-11
   7.477501E+03  2.362749E-09  9.280907E-11
   7.492501E+03  2.419726E-09  9.380309E-11
   7.507501E+03  2.324360E-09  9.199408E-11
   7.522501E+03  2.363557E-09  9.274563E-11
   7.537501E+03  2.407199E-09  9.354558E-11
   7.552501E+03  2.384570E-09  9.315445E-11
   7.567501E+03  2.337291E-09  9.226388E-11
   7.582501E+03  2.355071E-09  9.256413E-11
   7.597501E+03  2.285971E-09  9.131669E-11
   7.612501E+03  2.294861E-09  9.138010E-11
   7.627501E+03  2.311429E-09  9.165936E-11
   7.642501E+03  2.311429E-09  9.165936E-11
   7.657501E+03  2.287587E-09  9.126823E-11
   7.672501E+03  2.247581E-09  9.050436E-11
   7.687501E+03  2.213637E-09  8.972509E-11
   7.702501E+03  2.179289E-09  8.907933E-11
   7.717501E+03  2.250006E-09  9.042287E-11
   7.732501E+03  2.214041E-09  8.983145E-11
   7.747501E+03  2.273444E-09  9.090670E-11
   7.762501E+03  2.187775E-09  8.926798E-11
   7.777501E+03  2.224952E-09  9.000193E-11
   7.792501E+03  2.186967E-09  8.920219E-11
   7.807501E+03  2.202727E-09  8.953767E-11
   7.822501E+03  2.223740E-09  8.996123E-11
   7.837501E+03  2.217678E-09  8.975742E-11
   7.852501E+03  2.176865E-09  8.907958E-11
   7.867501E+03  2.154235E-09  8.851921E-11
   7.882501E+03  2.073416E-09  8.693595E-11
   7.897501E+03  2.135647E-09  8.817177E-11
   7.912501E+03  2.164338E-09  8.872546E-11
   7.927501E+03  2.125949E-09  8.797252E-11
   7.942501E+03  2.129181E-09  8.798889E-11
   7.957501E+03  2.094025E-09  8.721236E-11
   7.972501E+03  2.088772E-09  8.712016E-11
   7.987501E+03  2.057656E-09  8.650539E-11
   8.002501E+03  2.076649E-09  8.693563E-11
   8.017501E+03  2.134030E-09  8.812192E-11
   8.032501E+03  2.077861E-09  8.694396E-11
   8.047501E+03  2.052807E-09  8.642089E-11
   8.062501E+03  2.053615E-09  8.640380E-11
   8.077501E+03  2.130798E-09  8.807220E-11
   8.092501E+03  1.966331E-09  8.452087E-11
   8.107501E+03  2.025733E-09  8.586914E-11
   8.122501E+03  1.976029E-09  8.478033E-11
   8.137501E+03  1.977241E-09  8.487550E-11
   8.152501E+03  2.030582E-09  8.597129E-11
   8.167501E+03  1.973200E-09  8.473726E-11
   8.182501E+03  1.963098E-09  8.448640E-11
   8.197501E+03  1.970776E-09  8.472016E-11
   8.212501E+03  1.968755E-09  8.460752E-11
   8.227501E+03  1.991789E-09  8.504704E-11
   8.242501E+03  1.891169E-09  8.291312E-11
   8.257501E+03  1.986535E-09  8.496977E-11
   8.272501E+03  1.871368E-09  8.249744E-11
   8.287501E+03  1.895210E-09  8.301902E-11
   8.302501E+03  1.944510E-09  8.408719E-11
   8.317501E+03  1.929558E-09  8.385236E-11
   8.332501E+03  1.881875E-09  8.274546E-11
   8.347501E+03  1.875409E-09  8.271055E-11
   8.362501E+03  1.900867E-09  8.315997E-11
   8.377501E+03  1.828938E-09  8.154286E-11
   8.392501E+03  1.823281E-09  8.141714E-11
   8.407501E+03  1.860862E-09  8.228439E-11
   8.422501E+03  1.858033E-09  8.220425E-11
   8.437501E+03  1.853184E-09  8.216895E-11
   8.452501E+03  1.851163E-09  8.203489E-11
   8.467501E+03  1.845102E-09  8.191894E-11
   8.482501E+03  1.811562E-09  8.121040E-11
   8.497501E+03  1.821664E-09  8.139924E-11
   8.512501E+03  1.824493E-09  8.142605E-11
   8.527501E+03  1.757817E-09  7.996623E-11
   8.542501E+03  1.771152E-09  8.026766E-11
   8.557501E+03  1.803076E-09  8.103910E-11
   8.572501E+03  1.774385E-09  8.035885E-11
   8.587501E+03  1.692758E-09  7.851631E-11
   8.602501E+03  1.690333E-09  7.838540E-11
   8.617501E+03  1.716195E-09  7.901794E-11
   8.632501E+03  1.708922E-09  7.879510E-11
   8.647501E+03  1.703264E-09  7.875831E-11
   8.662501E+03  1.710538E-09  7.883225E-11
   8.677501E+03  1.713771E-09  7.894373E-11
   8.692501E+03  1.679423E-09  7.809524E-11
   8.707501E+03  1.688717E-09  7.834804E-11
   8.722501E+03  1.710538E-09  7.888816E-11
   8.737501E+03  1.691141E-09  7.846028E-11
   8.752501E+03  1.713367E-09  7.887858E-11
   8.767501E+03  1.658410E-09  7.768204E-11
   8.782501E+03  1.633356E-09  7.701930E-11
   8.797501E+03  1.657601E-09  7.760640E-11
   8.812501E+03  1.649924E-09  7.746493E-11
   8.827501E+03  1.664471E-09  7.789875E-11
   8.842501E+03  1.600624E-09  7.634182E-11
   8.857501E+03  1.607898E-09  7.657184E-11
   8.872501E+03  1.644266E-09  7.737052E-11
   8.887501E+03  1.605069E-09  7.637030E-11
   8.902501E+03  1.605069E-09  7.637030E-11
   8.917501E+03  1.580823E-09  7.583171E-11
   8.932501E+03  1.606281E-09  7.641829E-11
   8.947501E+03  1.592946E-09  7.608217E-11
   8.962501E+03  1.581227E-09  7.591884E-11
   8.977501E+03  1.582035E-09  7.584130E-11
   8.992501E+03  1.594158E-09  7.614964E-11
   9.007501E+03  1.516976E-09  7.429051E-11
   9.022501E+03  1.590926E-09  7.603405E-11
   9.037501E+03  1.560214E-09  7.535721E-11
   9.052501E+03  1.557790E-09  7.524032E-11
   9.067501E+03  1.514147E-09  7.418187E-11
   9.082501E+03  1.498792E-09  7.384563E-11
   9.097501E+03  1.473738E-09  7.320816E-11
   9.112501E+03  1.497175E-09  7.386567E-11
   9.127501E+03  1.511723E-09  7.414245E-11
   9.142501E+03  1.532736E-09  7.469359E-11
   9.157501E+03  1.486265E-09  7.351760E-11
   9.172501E+03  1.451108E-09  7.270648E-11
   9.187501E+03  1.456362E-09  7.275655E-11
   9.202501E+03  1.481820E-09  7.348799E-11
   9.217501E+03  1.459594E-09  7.281685E-11
   9.232501E+03  1.444643E-09  7.248434E-11
   9.247501E+03  1.491922E-09  7.363696E-11
   9.262501E+03  1.422014E-09  7.193672E-11
   9.277501E+03  1.398172E-09  7.129228E-11
   9.292501E+03  1.446663E-09  7.255510E-11
   9.307501E+03  1.386453E-09  7.099371E-11
   9.322501E+03  1.424034E-09  7.200802E-11
   9.337501E+03  1.409082E-09  7.158966E-11
   9.352501E+03  1.440602E-09  7.236292E-11
   9.367501E+03  1.377159E-09  7.077678E-11
   9.382501E+03  1.398172E-09  7.131289E-11
   9.397501E+03  1.409082E-09  7.158966E-11
   9.412501E+03  1.400192E-09  7.138481E-11
   9.427501E+03  1.354934E-09  7.026803E-11
   9.442501E+03  1.341194E-09  6.991269E-11
   9.457501E+03  1.345639E-09  6.998587E-11
   9.472501E+03  1.335537E-09  6.968154E-11
   9.487501E+03  1.349680E-09  7.009046E-11
   9.502501E+03  1.352509E-09  7.014263E-11
   9.517501E+03  1.375138E-09  7.072502E-11
   9.532501E+03  1.338366E-09  6.973402E-11
   9.547501E+03  1.344023E-09  6.994399E-11
   9.562501E+03  1.346043E-09  6.995433E-11
   9.577501E+03  1.356146E-09  7.025748E-11
   9.592501E+03  1.293915E-09  6.861155E-11
   9.607501E+03  1.285025E-09  6.844068E-11
   9.622501E+03  1.253910E-09  6.754613E-11
   9.637501E+03  1.319373E-09  6.928096E-11
   9.652501E+03  1.299168E-09  6.868606E-11
   9.667501E+03  1.294723E-09  6.869711E-11
   9.682501E+03  1.285833E-09  6.844062E-11
   9.697501E+03  1.279772E-09  6.821526E-11
   9.712501E+03  1.256738E-09  6.757854E-11
   9.727501E+03  1.264012E-09  6.779509E-11
   9.742501E+03  1.259163E-09  6.773041E-11
   9.757501E+03  1.261183E-09  6.774110E-11
   9.772501E+03  1.234513E-09  6.697957E-11
   9.787501E+03  1.217541E-09  6.654061E-11
   9.802501E+03  1.238958E-09  6.707789E-11
   9.817501E+03  1.214712E-09  6.644136E-11
   9.832501E+03  1.196124E-09  6.595438E-11
   9.847501E+03  1.246636E-09  6.732878E-11
   9.862501E+03  1.187638E-09  6.572064E-11
   9.877501E+03  1.234513E-09  6.697957E-11
   9.892501E+03  1.198953E-09  6.598758E-11
   9.907501E+03  1.175919E-09  6.537401E-11
   9.922501E+03  1.143591E-09  6.444817E-11
   9.937501E+03  1.196528E-09  6.598776E-11
   9.952501E+03  1.156118E-09  6.484506E-11
   9.967501E+03  1.196124E-09  6.593209E-11
   9.982501E+03  1.188850E-09  6.575408E-11
   9.997501E+03  1.168645E-09  6.519447E-11
   1.001250E+04  1.155310E-09  6.477710E-11
   1.002750E+04  1.143187E-09  6.443680E-11
   1.004250E+04  1.160968E-09  6.500315E-11
   1.005750E+04  1.133489E-09  6.423193E-11
   1.007250E+04  1.156522E-09  6.483370E-11
   1.008750E+04  1.143187E-09  6.448240E-11
   1.010250E+04  1.151673E-09  6.472063E-11
   1.011750E+04  1.124599E-09  6.395744E-11
   1.013250E+04  1.121366E-09  6.388870E-11
   1.014750E+04  1.101970E-09  6.333566E-11
   1.016250E+04  1.093484E-09  6.302225E-11
   1.017750E+04  1.093079E-09  6.303394E-11
   1.019250E+04  1.107627E-09  6.352060E-11
   1.020750E+04  1.040547E-09  6.150363E-11
   1.022250E+04  1.063985E-09  6.219106E-11
   1.023750E+04  1.073279E-09  6.246156E-11
   1.025250E+04  1.079340E-09  6.268424E-11
   1.026750E+04  1.053074E-09  6.191949E-11
   1.028250E+04  1.061964E-09  6.217939E-11
   1.029750E+04  1.059539E-09  6.208495E-11
   1.031250E+04  1.063580E-09  6.222653E-11
   1.032750E+04  1.037718E-09  6.142015E-11
   1.034250E+04  1.071662E-09  6.241460E-11
   1.035750E+04  1.034081E-09  6.131264E-11
   1.037250E+04  1.003774E-09  6.043357E-11
   1.038750E+04  1.040951E-09  6.151555E-11
   1.040250E+04  1.042163E-09  6.157516E-11
   1.041750E+04  1.006199E-09  6.053059E-11
   1.043250E+04  9.989251E-10  6.033656E-11
   1.044750E+04  1.009432E-09  6.057891E-11
   1.046250E+04  9.960964E-10  6.020264E-11
   1.047750E+04  9.835694E-10  5.982394E-11
   1.049250E+04  9.698302E-10  5.940580E-11
   1.050750E+04  1.001350E-09  6.033639E-11
   1.052250E+04  9.702343E-10  5.941814E-11
   1.053750E+04  9.706384E-10  5.943048E-11
   1.055250E+04  9.560909E-10  5.898468E-11
   1.056750E+04  9.625565E-10  5.918323E-11
   1.058250E+04  9.399271E-10  5.843507E-11
   1.059750E+04  9.278042E-10  5.810803E-11
   1.061250E+04  9.831653E-10  5.983625E-11
   1.062750E+04  9.496254E-10  5.881046E-11
   1.064250E+04  9.112363E-10  5.753727E-11
   1.065750E+04  9.100240E-10  5.749903E-11
   1.067250E+04  9.310370E-10  5.818363E-11
   1.068750E+04  9.548786E-10  5.897231E-11
   1.070250E+04  9.447762E-10  5.861053E-11
   1.071750E+04  9.189141E-10  5.780433E-11
   1.073250E+04  9.217428E-10  5.786767E-11
   1.074750E+04  9.213387E-10  5.785499E-11
   1.076250E+04  9.039625E-10  5.733305E-11
   1.077750E+04  9.185100E-10  5.776621E-11
   1.079250E+04  8.797168E-10  5.658641E-11
   1.080750E+04  8.987093E-10  5.719224E-11
   1.082250E+04  9.136609E-10  5.766468E-11
   1.083750E+04  8.514301E-10  5.567184E-11
   1.085250E+04  8.776963E-10  5.646955E-11
   1.086750E+04  8.675939E-10  5.614396E-11
   1.088250E+04  8.595120E-10  5.588211E-11
   1.089750E+04  8.736554E-10  5.633954E-11
   1.091250E+04  8.655734E-10  5.613100E-11
   1.092750E+04  8.077877E-10  5.420331E-11
   1.094250E+04  8.534506E-10  5.571129E-11
   1.095750E+04  8.271843E-10  5.487574E-11
   1.097250E+04  8.425400E-10  5.538127E-11
   1.098750E+04  8.223352E-10  5.471513E-11
   1.100250E+04  8.114246E-10  5.429790E-11
   1.101750E+04  8.263761E-10  5.479539E-11
   1.103250E+04  8.178901E-10  5.454054E-11
   1.104750E+04  8.162737E-10  5.448673E-11
   1.106250E+04  8.259720E-10  5.478201E-11
   1.107750E+04  8.332458E-10  5.502246E-11
   1.109250E+04  7.900075E-10  5.360461E-11
   1.110750E+04  8.203147E-10  5.462117E-11
   1.112250E+04  7.908157E-10  5.360456E-11
   1.113750E+04  8.324376E-10  5.499579E-11
   1.115250E+04  8.049591E-10  5.418993E-11
   1.116750E+04  7.790969E-10  5.323389E-11
   1.118250E+04  7.617208E-10  5.261013E-11
   1.119750E+04  7.689945E-10  5.291607E-11
   1.121250E+04  8.009181E-10  5.397279E-11
   1.122750E+04  7.855624E-10  5.342639E-11
   1.124250E+04  7.495979E-10  5.219017E-11
   1.125750E+04  7.576798E-10  5.252651E-11
   1.127250E+04  7.689945E-10  5.286050E-11
   1.128750E+04  7.629331E-10  5.265194E-11
   1.130250E+04  7.487897E-10  5.219022E-11
   1.131750E+04  7.548512E-10  5.248469E-11
   1.133250E+04  7.669740E-10  5.279107E-11
   1.134750E+04  7.314136E-10  5.155379E-11
   1.136250E+04  7.411119E-10  5.192248E-11
   1.137750E+04  7.524266E-10  5.228846E-11
   1.139250E+04  7.322218E-10  5.163919E-11
   1.140750E+04  7.439406E-10  5.199302E-11
   1.142250E+04  7.091883E-10  5.079407E-11
   1.143750E+04  7.225235E-10  5.129712E-11
   1.145250E+04  6.687787E-10  4.929878E-11
   1.146750E+04  6.922163E-10  5.015450E-11
   1.148250E+04  7.209071E-10  5.123989E-11
   1.149750E+04  7.043392E-10  5.059142E-11
   1.151250E+04  7.027228E-10  5.053338E-11
   1.152750E+04  6.695869E-10  4.932853E-11
   1.154250E+04  6.675664E-10  4.925411E-11
   1.155750E+04  6.764566E-10  4.958073E-11
   1.157250E+04  7.168661E-10  5.109652E-11
   1.158750E+04  6.813057E-10  4.975798E-11
   1.160250E+04  6.570599E-10  4.895542E-11
   1.161750E+04  6.716074E-10  4.943258E-11
   1.163250E+04  6.821139E-10  4.981697E-11
   1.164750E+04  6.857508E-10  4.997875E-11
   1.166250E+04  6.760525E-10  4.959557E-11
   1.167750E+04  6.546354E-10  4.880523E-11
   1.169250E+04  6.659501E-10  4.919449E-11
   1.170750E+04  6.538272E-10  4.874501E-11
   1.172250E+04  6.243282E-10  4.766435E-11
   1.173750E+04  6.667582E-10  4.925415E-11
   1.175250E+04  6.433207E-10  4.835207E-11
   1.176750E+04  6.251364E-10  4.766431E-11
   1.178250E+04  6.279650E-10  4.780270E-11
   1.179750E+04  6.413002E-10  4.830657E-11
   1.181250E+04  6.267528E-10  4.775663E-11
   1.182750E+04  6.012947E-10  4.674720E-11
   1.184250E+04  5.734121E-10  4.568340E-11
   1.185750E+04  6.021029E-10  4.677858E-11
   1.187250E+04  6.113971E-10  4.720030E-11
   1.188750E+04  6.340265E-10  4.803239E-11
   1.190250E+04  5.940210E-10  4.649541E-11
   1.191750E+04  6.037193E-10  4.684129E-11
   1.193250E+04  5.915964E-10  4.636894E-11
   1.194750E+04  5.818981E-10  4.598755E-11
   1.196250E+04  6.041234E-10  4.685695E-11
   1.197750E+04  5.572483E-10  4.500361E-11
   1.199250E+04  5.762408E-10  4.582779E-11
   1.200750E+04  5.701793E-10  4.558696E-11
   1.202250E+04  5.528032E-10  4.482388E-11
   1.203750E+04  5.895759E-10  4.632148E-11
   1.205250E+04  5.427008E-10  4.441267E-11
   1.206750E+04  5.245165E-10  4.366273E-11
   1.208250E+04  5.693711E-10  4.552248E-11
   1.209750E+04  5.495704E-10  4.472558E-11
   1.211250E+04  5.604810E-10  4.513388E-11
   1.212750E+04  5.580565E-10  4.503622E-11
   1.214250E+04  5.459336E-10  4.454467E-11
   1.215750E+04  5.386598E-10  4.424712E-11
   1.217250E+04  5.431049E-10  4.442920E-11
   1.218750E+04  5.192632E-10  4.344366E-11
   1.220250E+04  5.431049E-10  4.446226E-11
   1.221750E+04  5.544196E-10  4.488932E-11
   1.223250E+04  5.233042E-10  4.361227E-11
   1.224750E+04  5.382558E-10  4.426375E-11
   1.226250E+04  4.913806E-10  4.229662E-11
   1.227750E+04  5.285574E-10  4.383049E-11
   1.229250E+04  5.002707E-10  4.264223E-11
   1.230750E+04  5.220919E-10  4.356176E-11
   1.232250E+04  4.877438E-10  4.210527E-11
   1.233750E+04  5.002707E-10  4.267668E-11
   1.235250E+04  5.192632E-10  4.344366E-11
   1.236750E+04  4.901683E-10  4.220973E-11
   1.238250E+04  4.929970E-10  4.236598E-11
   1.239750E+04  5.047158E-10  4.283115E-11
   1.241250E+04  4.752168E-10  4.156135E-11
   1.242750E+04  4.736004E-10  4.156142E-11
   1.244250E+04  4.946134E-10  4.243522E-11
   1.245750E+04  4.513751E-10  4.050592E-11
   1.247250E+04  4.816823E-10  4.187807E-11
   1.248750E+04  4.412727E-10  4.005030E-11
   1.250250E+04  4.598611E-10  4.092064E-11
   1.251750E+04  4.699635E-10  4.133111E-11
   1.253250E+04  4.554161E-10  4.068674E-11
   1.254750E+04  4.550120E-10  4.066869E-11
   1.256250E+04  4.723881E-10  4.143753E-11
   1.257750E+04  4.578407E-10  4.083085E-11
   1.259250E+04  4.416768E-10  4.006863E-11
   1.260750E+04  4.505669E-10  4.050596E-11
   1.262250E+04  4.384441E-10  3.992180E-11
   1.263750E+04  4.574366E-10  4.077685E-11
   1.265250E+04  4.481424E-10  4.039708E-11
   1.266750E+04  4.493547E-10  4.041521E-11
   1.268250E+04  4.424850E-10  4.014188E-11
   1.269750E+04  4.392523E-10  3.999532E-11
   1.271250E+04  4.364236E-10  3.986663E-11
   1.272750E+04  4.311703E-10  3.958943E-11
   1.274250E+04  4.335949E-10  3.984833E-11
   1.275750E+04  4.085410E-10  3.857515E-11
   1.277250E+04  4.158147E-10  3.887842E-11
   1.278750E+04  3.754051E-10  3.694188E-11
   1.280250E+04  4.327867E-10  3.970057E-11
   1.281750E+04  3.968222E-10  3.798057E-11
   1.283250E+04  3.725764E-10  3.680250E-11
   1.284750E+04  3.943976E-10  3.786441E-11
   1.286250E+04  3.648986E-10  3.654233E-11
   1.287750E+04  3.636863E-10  3.640135E-11
   1.289250E+04  3.972263E-10  3.799989E-11
   1.290750E+04  3.733846E-10  3.688224E-11
   1.292250E+04  3.539880E-10  3.591401E-11
   1.293750E+04  3.665150E-10  3.650203E-11
   1.295250E+04  3.754051E-10  3.694188E-11
   1.296750E+04  3.754051E-10  3.694188E-11
   1.298250E+04  3.620699E-10  3.628010E-11
   1.299750E+04  3.786379E-10  3.710053E-11
   1.301250E+04  3.588372E-10  3.611784E-11
   1.302750E+04  3.770215E-10  3.702129E-11
   1.304250E+04  3.648986E-10  3.642148E-11
   1.305750E+04  3.483307E-10  3.558538E-11
   1.307250E+04  3.459061E-10  3.546136E-11
   1.308750E+04  3.459061E-10  3.546136E-11
   1.310250E+04  3.531798E-10  3.583211E-11
   1.311750E+04  3.394406E-10  3.512852E-11
   1.313250E+04  3.580290E-10  3.607716E-11
   1.314750E+04  3.325709E-10  3.477137E-11
   1.316250E+04  3.071129E-10  3.341451E-11
   1.317750E+04  3.366119E-10  3.498190E-11
   1.319250E+04  3.321668E-10  3.475025E-11
   1.320750E+04  3.265095E-10  3.445316E-11
   1.322250E+04  3.257013E-10  3.441051E-11
   1.323750E+04  3.196399E-10  3.408893E-11
   1.325250E+04  3.131743E-10  3.374253E-11
   1.326750E+04  3.046883E-10  3.328240E-11
   1.328250E+04  3.002433E-10  3.303881E-11
   1.329750E+04  2.962023E-10  3.281580E-11
   1.331250E+04  3.026678E-10  3.317190E-11
   1.332750E+04  2.913532E-10  3.254617E-11
   1.334250E+04  3.071129E-10  3.341451E-11
   1.335750E+04  2.751893E-10  3.163078E-11
   1.337250E+04  3.103457E-10  3.363358E-11
   1.338750E+04  2.860999E-10  3.225152E-11
   1.340250E+04  2.986269E-10  3.294979E-11
   1.341750E+04  2.650869E-10  3.104494E-11
   1.343250E+04  2.877163E-10  3.234247E-11
   1.344750E+04  2.957982E-10  3.279342E-11
   1.346250E+04  2.570050E-10  3.061621E-11
   1.347750E+04  2.727647E-10  3.149117E-11
   1.349250E+04  2.654910E-10  3.106859E-11
   1.350750E+04  2.755934E-10  3.170038E-11
   1.352250E+04  2.626623E-10  3.090268E-11
   1.353750E+04  2.428616E-10  2.971541E-11
   1.355250E+04  2.501354E-10  3.015699E-11
   1.356750E+04  2.489231E-10  3.008384E-11
   1.358250E+04  2.412453E-10  2.961639E-11
   1.359750E+04  2.614501E-10  3.083131E-11
   1.361250E+04  2.456903E-10  2.988791E-11
   1.362750E+04  2.493272E-10  3.010825E-11
   1.364250E+04  2.392248E-10  2.949214E-11
   1.365750E+04  2.355879E-10  2.926716E-11
   1.367250E+04  2.271019E-10  2.873536E-11
   1.368750E+04  2.331633E-10  2.911621E-11
   1.370250E+04  2.327592E-10  2.909098E-11
   1.371750E+04  2.190200E-10  2.821955E-11
   1.373250E+04  2.182118E-10  2.816745E-11
   1.374750E+04  2.266978E-10  2.870979E-11
   1.376250E+04  2.165954E-10  2.806296E-11
   1.377750E+04  2.291224E-10  2.886287E-11
   1.379250E+04  2.376084E-10  2.939236E-11
   1.380750E+04  2.250814E-10  2.860728E-11
   1.382250E+04  2.125544E-10  2.780001E-11
   1.383750E+04  2.133626E-10  2.790552E-11
   1.385250E+04  1.931578E-10  2.650153E-11
   1.386750E+04  2.073012E-10  2.745441E-11
   1.388250E+04  2.081094E-10  2.750786E-11
   1.389750E+04  1.939660E-10  2.655690E-11
   1.391250E+04  1.866923E-10  2.605431E-11
   1.392750E+04  1.826514E-10  2.577086E-11
   1.394250E+04  1.911374E-10  2.636259E-11
   1.395750E+04  1.790145E-10  2.551305E-11
   1.397250E+04  1.802268E-10  2.559928E-11
   1.398750E+04  1.798227E-10  2.557057E-11
   1.400250E+04  1.830554E-10  2.579934E-11
   1.401750E+04  1.567892E-10  2.393860E-11
   1.403250E+04  1.689121E-10  2.478285E-11
   1.404750E+04  1.705285E-10  2.490112E-11
   1.406250E+04  1.749735E-10  2.528171E-11
   1.407750E+04  1.567892E-10  2.387713E-11
   1.409250E+04  1.539605E-10  2.366080E-11
   1.410750E+04  1.644670E-10  2.445465E-11
   1.412250E+04  1.539605E-10  2.366080E-11
   1.413750E+04  1.580015E-10  2.396924E-11
   1.415250E+04  1.499196E-10  2.334828E-11
   1.416750E+04  1.353721E-10  2.218677E-11
   1.418250E+04  1.535564E-10  2.362973E-11
   1.419750E+04  1.442622E-10  2.290358E-11
   1.421250E+04  1.499196E-10  2.334828E-11
   1.422750E+04  1.434540E-10  2.283935E-11
   1.424250E+04  1.345639E-10  2.212045E-11
   1.425750E+04  1.373926E-10  2.235170E-11
   1.427250E+04  1.317353E-10  2.188675E-11
   1.428750E+04  1.216329E-10  2.103092E-11
   1.430250E+04  1.260779E-10  2.141170E-11
   1.431750E+04  1.313312E-10  2.185316E-11
   1.433250E+04  1.301189E-10  2.175208E-11
   1.434750E+04  1.276943E-10  2.154850E-11
   1.436250E+04  1.143591E-10  2.039248E-11
   1.437750E+04  1.155714E-10  2.050027E-11
   1.439250E+04  1.123387E-10  2.021156E-11
   1.440750E+04  1.184001E-10  2.074960E-11
   1.442250E+04  1.046608E-10  1.950874E-11
   1.443750E+04  1.042567E-10  1.947105E-11
   1.445250E+04  1.082977E-10  1.984476E-11
   1.446750E+04  1.054690E-10  1.958391E-11
   1.448250E+04  9.779121E-11  1.885770E-11
   1.449750E+04  8.728472E-11  1.789832E-11
   1.451250E+04  1.010240E-10  1.916683E-11
   1.452750E+04  9.738711E-11  1.889664E-11
   1.454250E+04  8.688062E-11  1.777473E-11
   1.455750E+04  9.415435E-11  1.850376E-11
   1.457250E+04  8.566833E-11  1.765030E-11
   1.458750E+04  8.728472E-11  1.781602E-11
   1.460250E+04  7.839461E-11  1.688445E-11
   1.461750E+04  7.677822E-11  1.670949E-11
   1.463250E+04  6.990859E-11  1.594451E-11
   1.464750E+04  7.192907E-11  1.617326E-11
   1.466250E+04  7.071678E-11  1.603640E-11
   1.467750E+04  6.344306E-11  1.518936E-11
   1.469250E+04  6.586763E-11  1.547686E-11
   1.470750E+04  6.263487E-11  1.509231E-11
   1.472250E+04  5.818981E-11  1.454696E-11
   1.473750E+04  5.293656E-11  1.387484E-11
   1.475250E+04  6.021029E-11  1.479734E-11
   1.476750E+04  4.808741E-11  1.322413E-11
   1.478250E+04  5.132018E-11  1.366138E-11
   1.479750E+04  4.162188E-11  1.230308E-11
   1.481250E+04  4.121778E-11  1.224321E-11
   1.482750E+04  4.445055E-11  1.271425E-11
   1.484250E+04  4.445055E-11  1.271425E-11
   1.485750E+04  3.394406E-11  1.111058E-11
   1.487250E+04  3.677273E-11  1.156424E-11
   1.488750E+04  2.828671E-11  1.014256E-11
   1.490250E+04  2.828671E-11  1.014256E-11
   1.491750E+04  2.464985E-11  9.468134E-12
   1.493250E+04  1.858841E-11  8.222047E-12
   1.494750E+04  2.101299E-11  8.741825E-12
   1.496250E+04  1.697203E-11  7.856445E-12
   1.497750E+04  1.293107E-11  6.857684E-12
   1.499250E+04  1.373926E-11  7.068735E-12
