 #  Results from PENEPMA. Output from photon detector #  1
 #
 #  Angular intervals : theta_1 = 4.500000E+01,  theta_2 = 5.500000E+01
 #                        phi_1 = 0.000000E+00,    phi_2 = 3.600000E+02
 #  Energy window = ( 0.00000E+00, 2.00000E+04) eV, no. of channels =  1000
 #  Channel width = 2.000000E+01 eV
 #
 #  Whole spectrum. Characteristic peaks and background.
 #  1st column: photon energy (eV).
 #  2nd column: probability density (1/(eV*sr*electron)).
 #  3rd column: statistical uncertainty (3 sigma).
 #
   1.000000E+01  1.000000E-35  1.000000E-35
   3.000000E+01  1.000000E-35  1.000000E-35
   5.000001E+01  1.000000E-35  1.000000E-35
   7.000001E+01  1.000000E-35  1.000000E-35
   9.000001E+01  1.000000E-35  1.000000E-35
   1.100000E+02  1.094187E-08  5.252597E-10
   1.300000E+02  1.050623E-08  2.301484E-09
   1.500000E+02  1.175069E-08  2.800781E-09
   1.700000E+02  1.159594E-08  2.307495E-09
   1.900000E+02  1.257851E-08  1.683118E-09
   2.100000E+02  1.351907E-08  5.840945E-10
   2.300000E+02  1.692537E-08  3.238857E-09
   2.500000E+02  1.665932E-08  6.489454E-10
   2.700000E+02  1.957123E-08  2.350761E-09
   2.900000E+02  2.096840E-08  1.744819E-09
   3.100000E+02  5.499746E-08  1.244515E-08
   3.300000E+02  2.481950E-08  7.913036E-10
   3.500000E+02  2.617601E-08  1.782259E-09
   3.700000E+02  2.615853E-08  8.130500E-10
   3.900000E+02  2.864608E-08  8.504123E-10
   4.100000E+02  3.402654E-08  4.297747E-09
   4.300000E+02  3.172190E-08  8.943145E-10
   4.500000E+02  3.399164E-08  1.836519E-09
   4.700000E+02  3.458203E-08  9.340032E-10
   4.900000E+02  3.583981E-08  9.506567E-10
   5.100001E+02  3.710880E-08  9.676763E-10
   5.300001E+02  4.743520E-06  1.498874E-07
   5.500001E+02  1.967057E-07  2.945974E-08
   5.700001E+02  1.124463E-07  2.158109E-08
   5.900001E+02  1.547157E-08  6.246070E-10
   6.100001E+02  4.631419E-07  4.617550E-08
   6.300001E+02  2.816157E-07  3.553056E-08
   6.500001E+02  5.462678E-08  1.351098E-08
   6.700001E+02  1.520613E-08  1.702723E-09
   6.900001E+02  1.553600E-08  6.256770E-10
   7.100001E+02  2.659556E-07  3.459271E-08
   7.300001E+02  3.217641E-08  9.819146E-09
   7.500001E+02  1.185510E-08  5.472143E-10
   7.700001E+02  1.237334E-08  5.584964E-10
   7.900001E+02  4.858445E-08  1.312649E-08
   8.100001E+02  1.307086E-08  5.743614E-10
   8.300001E+02  1.353868E-08  5.841540E-10
   8.500001E+02  1.405480E-08  1.694198E-09
   8.700001E+02  1.355268E-08  5.844555E-10
   8.900001E+02  1.392525E-08  5.924190E-10
   9.100001E+02  1.470962E-08  6.090742E-10
   9.300001E+02  1.463398E-08  6.075106E-10
   9.500001E+02  1.482447E-08  6.113254E-10
   9.700001E+02  1.575450E-08  6.300526E-10
   9.900001E+02  1.591138E-08  6.333984E-10
   1.010000E+03  1.592818E-08  6.341776E-10
   1.030000E+03  1.670414E-08  6.490518E-10
   1.050000E+03  1.645763E-08  6.446977E-10
   1.070000E+03  1.671815E-08  6.500840E-10
   1.090000E+03  1.738766E-08  6.622642E-10
   1.110000E+03  1.768460E-08  6.679820E-10
   1.130000E+03  1.755013E-08  6.654470E-10
   1.150000E+03  1.806557E-08  6.750078E-10
   1.170000E+03  1.782746E-08  6.704542E-10
   1.190000E+03  1.875189E-08  6.877701E-10
   1.210000E+03  1.859502E-08  6.848977E-10
   1.230000E+03  1.833730E-08  6.801522E-10
   1.250000E+03  3.165398E-07  3.767290E-08
   1.270000E+03  1.864824E-08  6.857706E-10
   1.290000E+03  1.902922E-08  6.926149E-10
   1.310000E+03  1.880232E-08  6.887934E-10
   1.330000E+03  1.833730E-08  6.799444E-10
   1.350000E+03  1.882473E-08  6.892021E-10
   1.370000E+03  1.875469E-08  6.877186E-10
   1.390000E+03  1.832890E-08  6.799969E-10
   1.410000E+03  1.898440E-08  6.916991E-10
   1.430000E+03  1.899280E-08  6.923620E-10
   1.450000E+03  1.877710E-08  6.880253E-10
   1.470000E+03  1.892837E-08  6.906805E-10
   1.490000E+03  1.801180E-06  9.214049E-08
   1.510000E+03  1.835131E-08  6.803071E-10
   1.530000E+03  1.864824E-08  6.854616E-10
   1.550000E+03  3.263044E-08  8.138538E-09
   1.570000E+03  1.691984E-08  6.529999E-10
   1.590000E+03  1.641281E-08  6.432744E-10
   1.610000E+03  1.655007E-08  6.458421E-10
   1.630000E+03  1.671535E-08  6.493776E-10
   1.650000E+03  1.669294E-08  6.489436E-10
   1.670000E+03  1.677698E-08  6.505695E-10
   1.690000E+03  1.638479E-08  6.428366E-10
   1.710000E+03  1.683861E-08  6.518677E-10
   1.730000E+03  2.862248E-06  1.163987E-07
   1.750000E+03  1.664251E-08  6.479661E-10
   1.770000E+03  1.647164E-08  6.442038E-10
   1.790000E+03  1.619151E-08  6.390452E-10
   1.810000E+03  1.653606E-08  6.453505E-10
   1.830000E+03  5.811568E-08  1.406067E-08
   1.850000E+03  1.447431E-08  6.039624E-10
   1.870000E+03  1.451141E-08  1.697584E-09
   1.890000E+03  1.404571E-08  5.950894E-10
   1.910000E+03  1.408773E-08  5.957398E-10
   1.930000E+03  1.386923E-08  5.912284E-10
   1.950000E+03  1.398968E-08  5.942608E-10
   1.970000E+03  1.397568E-08  5.936075E-10
   1.990000E+03  1.445750E-08  6.039632E-10
   2.010000E+03  1.405972E-08  5.955040E-10
   2.030000E+03  1.386923E-08  5.909894E-10
   2.050000E+03  1.391965E-08  5.923000E-10
   2.070000E+03  1.376558E-08  5.888994E-10
   2.090000E+03  1.358910E-08  5.852387E-10
   2.110000E+03  1.372916E-08  5.889611E-10
   2.130000E+03  1.373477E-08  5.887210E-10
   2.150000E+03  1.372356E-08  5.883615E-10
   2.170000E+03  1.367034E-08  5.867413E-10
   2.190000E+03  1.355548E-08  5.845158E-10
   2.210000E+03  1.333978E-08  5.797338E-10
   2.230000E+03  1.332578E-08  5.799172E-10
   2.250000E+03  1.360871E-08  5.860216E-10
   2.270000E+03  1.306245E-08  5.741773E-10
   2.290000E+03  1.323894E-08  5.776639E-10
   2.310000E+03  1.329776E-08  5.790654E-10
   2.330000E+03  1.328096E-08  5.783340E-10
   2.350000E+03  1.266187E-08  5.648331E-10
   2.370000E+03  1.307366E-08  5.740538E-10
   2.390000E+03  1.293360E-08  5.708526E-10
   2.410000E+03  1.328096E-08  5.787002E-10
   2.430000E+03  1.296161E-08  5.717167E-10
   2.450000E+03  1.282434E-08  5.688127E-10
   2.470000E+03  1.277952E-08  5.679450E-10
   2.490000E+03  1.259184E-08  5.636473E-10
   2.510000E+03  1.282995E-08  5.686883E-10
   2.530000E+03  1.218845E-08  5.543161E-10
   2.550000E+03  1.202037E-08  5.504882E-10
   2.570000E+03  1.237614E-08  5.585595E-10
   2.590000E+03  1.171783E-08  5.436597E-10
   2.610000E+03  1.174024E-08  5.443078E-10
   2.630000E+03  1.218845E-08  5.543161E-10
   2.650000E+03  1.225568E-08  5.558399E-10
   2.670000E+03  1.193633E-08  5.485642E-10
   2.690000E+03  1.189151E-08  5.474063E-10
   2.710000E+03  1.202317E-08  5.505522E-10
   2.730000E+03  1.149933E-08  5.384480E-10
   2.750000E+03  1.171503E-08  5.433349E-10
   2.770000E+03  1.159177E-08  5.409956E-10
   2.790000E+03  1.175985E-08  5.442420E-10
   2.810000E+03  1.128083E-08  5.331853E-10
   2.830000E+03  1.149653E-08  5.385137E-10
   2.850000E+03  1.156936E-08  5.399512E-10
   2.870000E+03  1.146011E-08  5.375308E-10
   2.890000E+03  1.128083E-08  5.333177E-10
   2.910000E+03  1.111555E-08  5.295374E-10
   2.930000E+03  1.130884E-08  5.342427E-10
   2.950000E+03  1.084663E-08  5.228379E-10
   2.970000E+03  1.082142E-08  5.223660E-10
   2.990000E+03  1.118558E-08  5.311988E-10
   3.010000E+03  1.093907E-08  5.253270E-10
   3.030000E+03  1.097549E-08  5.260643E-10
   3.050000E+03  1.074578E-08  5.206765E-10
   3.070000E+03  1.057770E-08  5.167351E-10
   3.090000E+03  1.042923E-08  5.126936E-10
   3.110000E+03  1.014630E-08  5.058407E-10
   3.130000E+03  1.029757E-08  5.095902E-10
   3.150000E+03  1.025275E-08  5.084821E-10
   3.170000E+03  1.035920E-08  5.112480E-10
   3.190000E+03  1.024715E-08  5.080655E-10
   3.210000E+03  1.002865E-08  5.027646E-10
   3.230000E+03  1.028637E-08  5.093134E-10
   3.250000E+03  9.768128E-09  4.962003E-10
   3.270000E+03  1.002305E-08  5.026243E-10
   3.290000E+03  9.882981E-09  4.991049E-10
   3.310000E+03  9.840962E-09  4.983277E-10
   3.330000E+03  9.790538E-09  4.970526E-10
   3.350000E+03  9.594447E-09  4.916316E-10
   3.370000E+03  9.513210E-09  4.898359E-10
   3.390000E+03  9.726108E-09  4.951333E-10
   3.410000E+03  9.678486E-09  4.940643E-10
   3.430000E+03  9.530017E-09  4.901235E-10
   3.450000E+03  9.126630E-09  4.796526E-10
   3.470000E+03  9.361940E-09  4.859335E-10
   3.490000E+03  9.101419E-09  4.794326E-10
   3.510000E+03  9.406760E-09  4.872380E-10
   3.530000E+03  9.121028E-09  4.796528E-10
   3.550000E+03  8.978162E-09  4.758889E-10
   3.570000E+03  8.944546E-09  4.748502E-10
   3.590000E+03  8.860507E-09  4.724678E-10
   3.610000E+03  8.563569E-09  4.646412E-10
   3.630000E+03  8.840898E-09  4.720947E-10
   3.650000E+03  8.835295E-09  4.719453E-10
   3.670000E+03  8.317055E-09  4.577595E-10
   3.690000E+03  1.358866E-07  2.443669E-08
   3.710000E+03  8.555166E-09  4.647175E-10
   3.730000E+03  8.529954E-09  4.640341E-10
   3.750000E+03  8.325459E-09  4.582989E-10
   3.770000E+03  8.132169E-09  4.528025E-10
   3.790000E+03  8.190997E-09  4.544350E-10
   3.810000E+03  8.233016E-09  4.554425E-10
   3.830000E+03  8.356273E-09  4.589907E-10
   3.850000E+03  8.485133E-09  4.628166E-10
   3.870000E+03  7.969694E-09  4.481048E-10
   3.890000E+03  7.952886E-09  4.477901E-10
   3.910000E+03  8.120964E-09  4.524908E-10
   3.930000E+03  7.936079E-09  4.474752E-10
   3.950000E+03  7.905264E-09  4.466074E-10
   3.970000E+03  7.725981E-09  4.412045E-10
   3.990000E+03  7.866046E-09  4.453420E-10
   4.010000E+03  2.245961E-08  8.276217E-09
   4.030000E+03  7.782007E-09  4.429598E-10
   4.050000E+03  7.641942E-09  4.387999E-10
   4.070000E+03  7.277773E-09  4.283883E-10
   4.090000E+03  7.381421E-09  4.312601E-10
   4.110000E+03  7.232953E-09  4.269035E-10
   4.130000E+03  7.345005E-09  4.303598E-10
   4.150000E+03  7.529890E-09  4.358972E-10
   4.170000E+03  7.546698E-09  4.360586E-10
   4.190000E+03  7.300184E-09  4.288818E-10
   4.210000E+03  7.126503E-09  4.237523E-10
   4.230000E+03  7.174125E-09  4.251650E-10
   4.250000E+03  7.176927E-09  4.252479E-10
   4.270000E+03  7.137709E-09  4.242516E-10
   4.290000E+03  7.087285E-09  4.225854E-10
   4.310000E+03  6.835168E-09  4.153455E-10
   4.330000E+03  6.922009E-09  4.176318E-10
   4.350000E+03  7.017253E-09  4.208294E-10
   4.370000E+03  6.742725E-09  4.123622E-10
   4.390000E+03  6.843572E-09  4.154303E-10
   4.410000E+03  6.964028E-09  4.190653E-10
   4.430000E+03  6.437384E-09  4.027549E-10
   4.450000E+03  6.709110E-09  4.111627E-10
   4.470000E+03  6.496211E-09  4.047645E-10
   4.490000E+03  6.294518E-09  3.986175E-10
   4.510000E+03  6.571846E-09  4.074576E-10
   4.530000E+03  6.311325E-09  3.989711E-10
   4.550000E+03  6.431781E-09  4.025797E-10
   4.570000E+03  6.423377E-09  4.023168E-10
   4.590000E+03  6.423377E-09  4.024923E-10
   4.610000E+03  6.325332E-09  3.994130E-10
   4.630000E+03  6.300120E-09  3.984401E-10
   4.650000E+03  6.358948E-09  4.002950E-10
   4.670000E+03  6.048003E-09  3.905712E-10
   4.690000E+03  5.972368E-09  3.879428E-10
   4.710000E+03  6.134844E-09  3.931817E-10
   4.730000E+03  6.098427E-09  3.920136E-10
   4.750000E+03  6.148850E-09  3.938094E-10
   4.770000E+03  6.179664E-09  3.947936E-10
   4.790000E+03  6.087222E-09  3.918337E-10
   4.810000E+03  6.115235E-09  3.927330E-10
   4.830000E+03  5.863118E-09  3.845636E-10
   4.850000E+03  5.835105E-09  3.836451E-10
   4.870000E+03  5.823900E-09  3.830928E-10
   4.890000E+03  5.689437E-09  3.786467E-10
   4.910000E+03  5.602597E-09  3.757472E-10
   4.930000E+03  5.465333E-09  3.711178E-10
   4.950000E+03  5.697841E-09  3.791124E-10
   4.970000E+03  5.863118E-09  3.843799E-10
   4.990000E+03  5.456929E-09  3.708325E-10
   5.010001E+03  5.633411E-09  3.767786E-10
   5.030001E+03  5.258037E-09  3.640148E-10
   5.050001E+03  5.563379E-09  3.748074E-10
   5.070001E+03  5.412109E-09  3.693071E-10
   5.090001E+03  5.501750E-09  3.725413E-10
   5.110001E+03  5.440122E-09  3.704519E-10
   5.130001E+03  5.081555E-09  3.578563E-10
   5.150001E+03  5.140383E-09  3.601170E-10
   5.170001E+03  5.258037E-09  3.642087E-10
   5.190001E+03  5.319666E-09  3.661409E-10
   5.210001E+03  5.056344E-09  3.569678E-10
   5.230001E+03  5.173998E-09  3.610953E-10
   5.250001E+03  5.238428E-09  3.633357E-10
   5.270001E+03  5.182402E-09  3.613883E-10
   5.290001E+03  5.171197E-09  3.609976E-10
   5.310001E+03  5.361685E-09  3.675835E-10
   5.330001E+03  5.047940E-09  3.566712E-10
   5.350001E+03  5.188005E-09  3.615835E-10
   5.370001E+03  5.081555E-09  3.580536E-10
   5.390001E+03  4.944292E-09  3.529920E-10
   5.410001E+03  4.944292E-09  3.531920E-10
   5.430001E+03  4.795823E-09  3.476538E-10
   5.450001E+03  4.882663E-09  3.507860E-10
   5.470001E+03  4.812631E-09  3.482622E-10
   5.490001E+03  4.804227E-09  3.483639E-10
   5.510001E+03  4.720188E-09  3.455163E-10
   5.530001E+03  4.596931E-09  3.403713E-10
   5.550001E+03  4.893868E-09  3.511881E-10
   5.570001E+03  4.524097E-09  3.376651E-10
   5.590001E+03  4.624944E-09  3.414064E-10
   5.610001E+03  4.599732E-09  3.404750E-10
   5.630001E+03  4.627745E-09  3.415098E-10
   5.650001E+03  4.568918E-09  3.393330E-10
   5.670001E+03  5.054224E-09  1.625829E-09
   5.690001E+03  4.633348E-09  3.417164E-10
   5.710001E+03  4.694976E-09  3.441858E-10
   5.730001E+03  4.456866E-09  3.351477E-10
   5.750001E+03  4.412045E-09  3.340936E-10
   5.770001E+03  4.280384E-09  3.284475E-10
   5.790001E+03  4.255172E-09  3.276947E-10
   5.810001E+03  4.137518E-09  3.229216E-10
   5.830001E+03  5.054224E-09  1.625829E-09
   5.850001E+03  4.389635E-09  3.326112E-10
   5.870001E+03  4.227159E-09  3.263998E-10
   5.890001E+03  3.585032E-07  4.020626E-08
   5.910001E+03  4.162730E-09  3.239036E-10
   5.930001E+03  4.199146E-09  3.255339E-10
   5.950001E+03  4.260775E-09  3.279100E-10
   5.970001E+03  4.117909E-09  3.223749E-10
   5.990001E+03  3.876997E-09  3.125932E-10
   6.010001E+03  4.246768E-09  3.271557E-10
   6.030001E+03  3.927420E-09  3.146188E-10
   6.050001E+03  4.131915E-09  3.227030E-10
   6.070001E+03  3.919017E-09  3.142821E-10
   6.090001E+03  3.966639E-09  3.164085E-10
   6.110001E+03  3.933023E-09  3.148430E-10
   6.130001E+03  3.955433E-09  3.157384E-10
   6.150001E+03  3.773349E-09  3.083878E-10
   6.170001E+03  3.622079E-09  3.021449E-10
   6.190001E+03  3.857388E-09  3.118019E-10
   6.210001E+03  3.961036E-09  3.164086E-10
   6.230001E+03  3.762144E-09  3.079297E-10
   6.250001E+03  3.820971E-09  3.103271E-10
   6.270001E+03  3.795759E-09  3.093019E-10
   6.290001E+03  3.851785E-09  3.118021E-10
   6.310001E+03  3.888202E-09  3.130445E-10
   6.330001E+03  3.594066E-09  3.009746E-10
   6.350001E+03  3.798561E-09  3.094160E-10
   6.370001E+03  3.806965E-09  3.099859E-10
   6.390001E+03  2.030902E-07  3.017907E-08
   6.410001E+03  3.526781E-07  3.976341E-08
   6.430001E+03  3.515630E-09  2.976733E-10
   6.450001E+03  3.526835E-09  2.981471E-10
   6.470001E+03  3.434392E-09  2.944548E-10
   6.490001E+03  5.391980E-08  1.517579E-08
   6.510001E+03  3.459604E-09  2.952925E-10
   6.530001E+03  3.448398E-09  2.952928E-10
   6.550001E+03  3.512828E-09  2.980290E-10
   6.570001E+03  3.367161E-09  2.913217E-10
   6.590001E+03  3.339148E-09  2.901077E-10
   6.610001E+03  3.294327E-09  2.881546E-10
   6.630001E+03  3.269115E-09  2.870501E-10
   6.650001E+03  3.311135E-09  2.891329E-10
   6.670001E+03  3.266314E-09  2.869272E-10
   6.690001E+03  3.510027E-09  2.974360E-10
   6.710001E+03  3.369962E-09  2.914428E-10
   6.730001E+03  3.070223E-09  2.781834E-10
   6.750001E+03  3.350353E-09  2.905939E-10
   6.770001E+03  3.215891E-09  2.847044E-10
   6.790001E+03  3.232698E-09  2.856946E-10
   6.810001E+03  3.252308E-09  2.863115E-10
   6.830001E+03  3.151461E-09  2.818388E-10
   6.850001E+03  3.115044E-09  2.802060E-10
   6.870001E+03  3.120647E-09  2.804578E-10
   6.890001E+03  3.042210E-09  2.769117E-10
   6.910001E+03  3.011396E-09  2.755061E-10
   6.930001E+03  3.095435E-09  2.793229E-10
   6.950001E+03  3.059018E-09  2.776754E-10
   6.970001E+03  3.025402E-09  2.761459E-10
   6.990001E+03  2.994588E-09  2.747363E-10
   7.010001E+03  2.994588E-09  2.747363E-10
   7.030001E+03  2.809702E-09  2.661221E-10
   7.050001E+03  7.266193E-08  1.785582E-08
   7.070001E+03  3.103839E-09  2.799541E-10
   7.090001E+03  2.980582E-09  2.740932E-10
   7.110001E+03  2.983383E-09  2.742220E-10
   7.130001E+03  2.988985E-09  2.744793E-10
   7.150001E+03  2.868530E-09  2.688930E-10
   7.170001E+03  2.818106E-09  2.665197E-10
   7.190001E+03  2.708856E-09  2.613037E-10
   7.210001E+03  2.865728E-09  2.687617E-10
   7.230001E+03  2.703253E-09  2.610334E-10
   7.250001E+03  2.927357E-09  2.716355E-10
   7.270001E+03  2.694849E-09  2.606274E-10
   7.290001E+03  2.795696E-09  2.654581E-10
   7.310001E+03  2.778888E-09  2.646592E-10
   7.330001E+03  2.686445E-09  2.602208E-10
   7.350001E+03  2.694849E-09  2.606274E-10
   7.370001E+03  2.619214E-09  2.569447E-10
   7.390001E+03  2.624817E-09  2.572193E-10
   7.410001E+03  2.697650E-09  2.607628E-10
   7.430001E+03  2.504361E-09  2.512492E-10
   7.450001E+03  2.546380E-09  2.533478E-10
   7.470001E+03  2.686445E-09  2.602208E-10
   7.490001E+03  2.501560E-09  2.511087E-10
   7.510001E+03  2.577195E-09  2.548758E-10
   7.530001E+03  2.543579E-09  2.532085E-10
   7.550001E+03  2.585598E-09  2.552909E-10
   7.570001E+03  2.470745E-09  2.495576E-10
   7.590001E+03  2.434328E-09  2.477120E-10
   7.610001E+03  2.456739E-09  2.488494E-10
   7.630001E+03  2.383905E-09  2.451336E-10
   7.650001E+03  2.372700E-09  2.448456E-10
   7.670001E+03  2.557586E-09  2.541825E-10
   7.690001E+03  2.355892E-09  2.436894E-10
   7.710001E+03  2.369899E-09  2.444126E-10
   7.730001E+03  2.451136E-09  2.485656E-10
   7.750001E+03  2.336283E-09  2.429642E-10
   7.770001E+03  2.434328E-09  2.477120E-10
   7.790001E+03  2.451136E-09  2.485656E-10
   7.810001E+03  2.190615E-09  2.349876E-10
   7.830001E+03  2.353091E-09  2.435445E-10
   7.850001E+03  2.431527E-09  2.475695E-10
   7.870001E+03  2.322276E-09  2.419449E-10
   7.890001E+03  2.252244E-09  2.382695E-10
   7.910001E+03  2.260648E-09  2.387136E-10
   7.930001E+03  2.274654E-09  2.394518E-10
   7.950001E+03  2.196218E-09  2.352879E-10
   7.970001E+03  2.196218E-09  2.352879E-10
   7.990001E+03  2.201821E-09  2.355877E-10
   8.010001E+03  2.291462E-09  2.403347E-10
   8.030001E+03  2.106576E-09  2.304369E-10
   8.050001E+03  2.291462E-09  2.403347E-10
   8.070001E+03  2.154199E-09  2.330265E-10
   8.090001E+03  2.140192E-09  2.322679E-10
   8.110001E+03  2.086967E-09  2.296698E-10
   8.130001E+03  2.168205E-09  2.337827E-10
   8.150001E+03  2.016935E-09  2.254815E-10
   8.170001E+03  2.058954E-09  2.278178E-10
   8.190001E+03  2.221430E-09  2.366343E-10
   8.210001E+03  1.977717E-09  2.232789E-10
   8.230001E+03  2.196218E-09  2.352879E-10
   8.250001E+03  2.000127E-09  2.245402E-10
   8.270001E+03  2.047749E-09  2.271971E-10
   8.290001E+03  2.061756E-09  2.279727E-10
   8.310001E+03  2.050550E-09  2.276629E-10
   8.330001E+03  1.927293E-09  2.204147E-10
   8.350001E+03  2.019736E-09  2.256380E-10
   8.370001E+03  1.994525E-09  2.242255E-10
   8.390001E+03  2.056153E-09  2.276628E-10
   8.410001E+03  1.896479E-09  2.186458E-10
   8.430001E+03  1.952505E-09  2.218514E-10
   8.450001E+03  1.960909E-09  2.223283E-10
   8.470001E+03  2.039345E-09  2.267305E-10
   8.490001E+03  1.868466E-09  2.170252E-10
   8.510001E+03  1.913287E-09  2.196124E-10
   8.530001E+03  1.829248E-09  2.147359E-10
   8.550001E+03  1.888075E-09  2.181609E-10
   8.570001E+03  1.930095E-09  2.205748E-10
   8.590001E+03  1.879671E-09  2.176749E-10
   8.610001E+03  1.927293E-09  2.204147E-10
   8.630001E+03  1.787228E-09  2.122556E-10
   8.650001E+03  1.826447E-09  2.145714E-10
   8.670001E+03  1.837652E-09  2.152285E-10
   8.690001E+03  1.899280E-09  2.188072E-10
   8.710001E+03  1.874069E-09  2.173503E-10
   8.730001E+03  1.691984E-09  2.068649E-10
   8.750001E+03  1.767619E-09  2.110881E-10
   8.770001E+03  1.804036E-09  2.132512E-10
   8.790001E+03  1.722799E-09  2.083951E-10
   8.810001E+03  1.635958E-09  2.030757E-10
   8.830001E+03  1.770421E-09  2.112553E-10
   8.850001E+03  1.672375E-09  2.053232E-10
   8.870001E+03  1.826447E-09  2.149003E-10
   8.890001E+03  1.834851E-09  2.150644E-10
   8.910001E+03  1.770421E-09  2.112553E-10
   8.930001E+03  1.644362E-09  2.035965E-10
   8.950001E+03  1.658369E-09  2.044617E-10
   8.970001E+03  1.677978E-09  2.056668E-10
   8.990001E+03  1.722799E-09  2.083951E-10
   9.010001E+03  1.649965E-09  2.039430E-10
   9.030001E+03  1.677978E-09  2.056668E-10
   9.050001E+03  1.722799E-09  2.083951E-10
   9.070001E+03  1.535112E-09  1.967177E-10
   9.090001E+03  1.666773E-09  2.049790E-10
   9.110001E+03  1.624753E-09  2.023791E-10
   9.130001E+03  1.526708E-09  1.961786E-10
   9.150001E+03  1.585535E-09  1.999220E-10
   9.170001E+03  1.647164E-09  2.037699E-10
   9.190001E+03  1.498695E-09  1.943707E-10
   9.210001E+03  1.529509E-09  1.963585E-10
   9.230001E+03  1.501496E-09  1.945523E-10
   9.250001E+03  1.619151E-09  2.020299E-10
   9.270001E+03  1.479086E-09  1.930951E-10
   9.290001E+03  1.462278E-09  1.919950E-10
   9.310001E+03  1.554721E-09  1.979700E-10
   9.330001E+03  1.504297E-09  1.947336E-10
   9.350001E+03  1.521105E-09  1.958184E-10
   9.370001E+03  1.470682E-09  1.925458E-10
   9.390001E+03  1.445470E-09  1.908885E-10
   9.410001E+03  1.493092E-09  1.940071E-10
   9.430001E+03  1.523906E-09  1.959986E-10
   9.450001E+03  1.358630E-09  1.850663E-10
   9.470001E+03  1.316610E-09  1.821823E-10
   9.490001E+03  1.467880E-09  1.923624E-10
   9.510001E+03  1.339021E-09  1.837260E-10
   9.530001E+03  1.439867E-09  1.905182E-10
   9.550001E+03  1.400649E-09  1.879060E-10
   9.570001E+03  1.417457E-09  1.890300E-10
   9.590001E+03  1.439867E-09  1.908886E-10
   9.610001E+03  1.423060E-09  1.894031E-10
   9.630001E+03  1.423060E-09  1.894031E-10
   9.650001E+03  1.417457E-09  1.890300E-10
   9.670001E+03  1.271790E-09  1.790548E-10
   9.690001E+03  1.246578E-09  1.772713E-10
   9.710001E+03  1.305405E-09  1.814054E-10
   9.730001E+03  1.369835E-09  1.858278E-10
   9.750001E+03  1.364232E-09  1.854474E-10
   9.770001E+03  1.254982E-09  1.778678E-10
   9.790001E+03  1.397848E-09  1.877180E-10
   9.810001E+03  1.274591E-09  1.792518E-10
   9.830001E+03  1.299802E-09  1.810158E-10
   9.850001E+03  1.355828E-09  1.848754E-10
   9.870001E+03  1.235373E-09  1.764729E-10
   9.890001E+03  1.252180E-09  1.776692E-10
   9.910001E+03  1.319412E-09  1.823760E-10
   9.930001E+03  1.294200E-09  1.806253E-10
   9.950001E+03  1.327815E-09  1.829558E-10
   9.970001E+03  1.212962E-09  1.748650E-10
   9.990001E+03  1.224167E-09  1.756708E-10
   1.001000E+04  1.229770E-09  1.760723E-10
   1.003000E+04  1.226969E-09  1.758716E-10
   1.005000E+04  1.207360E-09  1.744608E-10
   1.007000E+04  1.184949E-09  1.728342E-10
   1.009000E+04  1.120519E-09  1.680702E-10
   1.011000E+04  1.154135E-09  1.705724E-10
   1.013000E+04  1.170943E-09  1.718098E-10
   1.015000E+04  1.112115E-09  1.674388E-10
   1.017000E+04  1.201757E-09  1.740555E-10
   1.019000E+04  1.226969E-09  1.758716E-10
   1.021000E+04  1.095308E-09  1.661688E-10
   1.023000E+04  1.095308E-09  1.661688E-10
   1.025000E+04  1.159738E-09  1.709858E-10
   1.027000E+04  9.748519E-10  1.567664E-10
   1.029000E+04  1.025275E-09  1.607692E-10
   1.031000E+04  1.047686E-09  1.625166E-10
   1.033000E+04  1.061692E-09  1.635993E-10
   1.035000E+04  1.128923E-09  1.686992E-10
   1.037000E+04  1.154135E-09  1.705724E-10
   1.039000E+04  1.089705E-09  1.657433E-10
   1.041000E+04  1.103712E-09  1.668050E-10
   1.043000E+04  1.030878E-09  1.612078E-10
   1.045000E+04  1.086904E-09  1.655302E-10
   1.047000E+04  1.058891E-09  1.633833E-10
   1.049000E+04  9.692493E-10  1.563153E-10
   1.051000E+04  1.061692E-09  1.635993E-10
   1.053000E+04  1.016871E-09  1.601090E-10
   1.055000E+04  9.412363E-10  1.540400E-10
   1.057000E+04  8.936142E-10  1.500929E-10
   1.059000E+04  1.134526E-09  1.691173E-10
   1.061000E+04  1.033679E-09  1.614267E-10
   1.063000E+04  9.580441E-10  1.554092E-10
   1.065000E+04  1.022474E-09  1.605495E-10
   1.067000E+04  8.908129E-10  1.498574E-10
   1.069000E+04  9.776532E-10  1.569914E-10
   1.071000E+04  1.000064E-09  1.587804E-10
   1.073000E+04  9.664480E-10  1.560892E-10
   1.075000E+04  9.020181E-10  1.507969E-10
   1.077000E+04  9.692493E-10  1.563153E-10
   1.079000E+04  9.412363E-10  1.540400E-10
   1.081000E+04  1.016871E-09  1.601090E-10
   1.083000E+04  7.759597E-10  1.398642E-10
   1.085000E+04  8.992168E-10  1.505626E-10
   1.087000E+04  8.515947E-10  1.465218E-10
   1.089000E+04  9.076207E-10  1.512645E-10
   1.091000E+04  9.244285E-10  1.526585E-10
   1.093000E+04  7.591519E-10  1.383413E-10
   1.095000E+04  9.804545E-10  1.572162E-10
   1.097000E+04  8.627999E-10  1.474825E-10
   1.099000E+04  9.020181E-10  1.507969E-10
   1.101000E+04  9.160246E-10  1.519631E-10
   1.103000E+04  7.815623E-10  1.403682E-10
   1.105000E+04  8.319856E-10  1.448252E-10
   1.107000E+04  7.955688E-10  1.416203E-10
   1.109000E+04  8.151779E-10  1.433549E-10
   1.111000E+04  9.328324E-10  1.533508E-10
   1.113000E+04  8.431908E-10  1.457971E-10
   1.115000E+04  8.403895E-10  1.455547E-10
   1.117000E+04  7.451454E-10  1.375735E-10
   1.119000E+04  7.619532E-10  1.385963E-10
   1.121000E+04  7.647545E-10  1.388508E-10
   1.123000E+04  7.815623E-10  1.403682E-10
   1.125000E+04  7.647545E-10  1.388508E-10
   1.127000E+04  8.459921E-10  1.460391E-10
   1.129000E+04  7.507480E-10  1.375735E-10
   1.131000E+04  6.779142E-10  1.307303E-10
   1.133000E+04  7.899662E-10  1.411208E-10
   1.135000E+04  7.507480E-10  1.375735E-10
   1.137000E+04  7.171324E-10  1.344584E-10
   1.139000E+04  8.039727E-10  1.423663E-10
   1.141000E+04  7.731584E-10  1.396116E-10
   1.143000E+04  7.871649E-10  1.408704E-10
   1.145000E+04  7.087285E-10  1.336683E-10
   1.147000E+04  6.807155E-10  1.310001E-10
   1.149000E+04  7.731584E-10  1.396116E-10
   1.151000E+04  7.423441E-10  1.368013E-10
   1.153000E+04  6.667090E-10  1.296454E-10
   1.155000E+04  6.078818E-10  1.237940E-10
   1.157000E+04  6.274909E-10  1.257747E-10
   1.159000E+04  6.667090E-10  1.296454E-10
   1.161000E+04  6.470999E-10  1.277248E-10
   1.163000E+04  6.442986E-10  1.274480E-10
   1.165000E+04  6.779142E-10  1.307303E-10
   1.167000E+04  6.414974E-10  1.271707E-10
   1.169000E+04  6.302922E-10  1.260552E-10
   1.171000E+04  6.639077E-10  1.293728E-10
   1.173000E+04  6.246896E-10  1.254937E-10
   1.175000E+04  6.555038E-10  1.285514E-10
   1.177000E+04  6.639077E-10  1.293728E-10
   1.179000E+04  6.499012E-10  1.280009E-10
   1.181000E+04  6.246896E-10  1.260552E-10
   1.183000E+04  6.078818E-10  1.237940E-10
   1.185000E+04  5.630610E-10  1.191430E-10
   1.187000E+04  5.658623E-10  1.194390E-10
   1.189000E+04  5.770675E-10  1.206157E-10
   1.191000E+04  5.630610E-10  1.191430E-10
   1.193000E+04  4.734194E-10  1.092485E-10
   1.195000E+04  5.154389E-10  1.139936E-10
   1.197000E+04  5.658623E-10  1.194390E-10
   1.199000E+04  5.154389E-10  1.139936E-10
   1.201000E+04  5.434519E-10  1.170501E-10
   1.203000E+04  5.910740E-10  1.220707E-10
   1.205000E+04  5.042337E-10  1.127478E-10
   1.207000E+04  5.406506E-10  1.167481E-10
   1.209000E+04  5.546571E-10  1.182506E-10
   1.211000E+04  6.190870E-10  1.249297E-10
   1.213000E+04  5.630610E-10  1.191430E-10
   1.215000E+04  5.630610E-10  1.191430E-10
   1.217000E+04  5.602597E-10  1.188463E-10
   1.219000E+04  5.126376E-10  1.136834E-10
   1.221000E+04  5.826701E-10  1.211998E-10
   1.223000E+04  5.658623E-10  1.194390E-10
   1.225000E+04  4.426052E-10  1.056334E-10
   1.227000E+04  4.986311E-10  1.121197E-10
   1.229000E+04  4.986311E-10  1.121197E-10
   1.231000E+04  4.846246E-10  1.105338E-10
   1.233000E+04  4.173935E-10  1.025809E-10
   1.235000E+04  5.602597E-10  1.188463E-10
   1.237000E+04  4.986311E-10  1.121197E-10
   1.239000E+04  5.350480E-10  1.161416E-10
   1.241000E+04  3.557649E-10  9.470571E-11
   1.243000E+04  4.846246E-10  1.105338E-10
   1.245000E+04  5.462532E-10  1.173514E-10
   1.247000E+04  5.070350E-10  1.130605E-10
   1.249000E+04  4.370026E-10  1.049627E-10
   1.251000E+04  4.229961E-10  1.032670E-10
   1.253000E+04  3.865792E-10  9.872185E-11
   1.255000E+04  4.201948E-10  1.029245E-10
   1.257000E+04  4.650155E-10  1.082746E-10
   1.259000E+04  4.454065E-10  1.059672E-10
   1.261000E+04  4.285987E-10  1.039486E-10
   1.263000E+04  3.501623E-10  9.395706E-11
   1.265000E+04  4.650155E-10  1.082746E-10
   1.267000E+04  4.089896E-10  1.015429E-10
   1.269000E+04  3.809766E-10  9.800389E-11
   1.271000E+04  4.033870E-10  1.008451E-10
   1.273000E+04  4.818233E-10  1.102139E-10
   1.275000E+04  3.753740E-10  9.728062E-11
   1.277000E+04  4.005857E-10  1.004943E-10
   1.279000E+04  3.669701E-10  9.618553E-11
   1.281000E+04  3.473610E-10  9.358048E-11
   1.283000E+04  3.641688E-10  9.581772E-11
   1.285000E+04  3.921818E-10  9.943463E-11
   1.287000E+04  3.473610E-10  9.358048E-11
   1.289000E+04  3.109441E-10  8.853940E-11
   1.291000E+04  3.753740E-10  9.728062E-11
   1.293000E+04  3.809766E-10  9.800389E-11
   1.295000E+04  3.417584E-10  9.282276E-11
   1.297000E+04  3.781753E-10  9.764293E-11
   1.299000E+04  2.577195E-10  8.060648E-11
   1.301000E+04  3.949831E-10  9.978911E-11
   1.303000E+04  3.053415E-10  8.773814E-11
   1.305000E+04  3.277519E-10  9.090080E-11
   1.307000E+04  2.857324E-10  8.487419E-11
   1.309000E+04  3.837779E-10  9.836352E-11
   1.311000E+04  3.361558E-10  9.205879E-11
   1.313000E+04  2.773285E-10  8.361675E-11
   1.315000E+04  2.997389E-10  8.692950E-11
   1.317000E+04  2.353091E-10  7.702223E-11
   1.319000E+04  3.277519E-10  9.090080E-11
   1.321000E+04  2.941363E-10  8.611326E-11
   1.323000E+04  3.361558E-10  9.205879E-11
   1.325000E+04  2.717260E-10  8.276785E-11
   1.327000E+04  2.801298E-10  8.403799E-11
   1.329000E+04  2.633221E-10  8.147791E-11
   1.331000E+04  2.661234E-10  8.191015E-11
   1.333000E+04  2.829311E-10  8.445712E-11
   1.335000E+04  3.109441E-10  8.853940E-11
   1.337000E+04  2.941363E-10  8.611326E-11
   1.339000E+04  2.661234E-10  8.191015E-11
   1.341000E+04  2.633221E-10  8.147791E-11
   1.343000E+04  2.493156E-10  7.928138E-11
   1.345000E+04  2.185013E-10  7.422053E-11
   1.347000E+04  2.633221E-10  8.147791E-11
   1.349000E+04  2.437130E-10  7.838553E-11
   1.351000E+04  2.325078E-10  7.656240E-11
   1.353000E+04  2.773285E-10  8.361675E-11
   1.355000E+04  2.605208E-10  8.104337E-11
   1.357000E+04  2.353091E-10  7.702223E-11
   1.359000E+04  1.876870E-10  6.878832E-11
   1.361000E+04  1.764818E-10  6.670337E-11
   1.363000E+04  1.764818E-10  6.670337E-11
   1.365000E+04  2.353091E-10  7.702223E-11
   1.367000E+04  2.353091E-10  7.702223E-11
   1.369000E+04  1.904883E-10  6.929976E-11
   1.371000E+04  2.128987E-10  7.326282E-11
   1.373000E+04  2.128987E-10  7.326282E-11
   1.375000E+04  2.465143E-10  7.883473E-11
   1.377000E+04  1.680779E-10  6.509584E-11
   1.379000E+04  1.680779E-10  6.509584E-11
   1.381000E+04  2.016935E-10  7.130883E-11
   1.383000E+04  2.269052E-10  7.563435E-11
   1.385000E+04  1.904883E-10  6.929976E-11
   1.387000E+04  1.904883E-10  6.929976E-11
   1.389000E+04  1.512701E-10  6.175538E-11
   1.391000E+04  1.624753E-10  6.400173E-11
   1.393000E+04  1.680779E-10  6.509584E-11
   1.395000E+04  2.072961E-10  7.229243E-11
   1.397000E+04  1.596740E-10  6.344760E-11
   1.399000E+04  1.596740E-10  6.344760E-11
   1.401000E+04  1.736805E-10  6.617187E-11
   1.403000E+04  1.400649E-10  5.942417E-11
   1.405000E+04  1.288597E-10  5.699769E-11
   1.407000E+04  1.316610E-10  5.761389E-11
   1.409000E+04  1.260584E-10  5.637475E-11
   1.411000E+04  1.316610E-10  5.761389E-11
   1.413000E+04  1.204558E-10  5.510776E-11
   1.415000E+04  1.288597E-10  5.699769E-11
   1.417000E+04  1.288597E-10  5.699769E-11
   1.419000E+04  1.036480E-10  5.111868E-11
   1.421000E+04  1.148532E-10  5.381093E-11
   1.423000E+04  1.064493E-10  5.180486E-11
   1.425000E+04  1.148532E-10  5.381093E-11
   1.427000E+04  1.372636E-10  5.882694E-11
   1.429000E+04  1.260584E-10  5.637475E-11
   1.431000E+04  8.964155E-11  4.753944E-11
   1.433000E+04  7.843636E-11  4.446909E-11
   1.435000E+04  8.123766E-11  4.525621E-11
   1.437000E+04  7.003246E-11  4.201936E-11
   1.439000E+04  1.148532E-10  5.381093E-11
   1.441000E+04  1.008467E-10  5.042316E-11
   1.443000E+04  7.283376E-11  4.285150E-11
   1.445000E+04  8.684025E-11  4.679074E-11
   1.447000E+04  5.602597E-11  3.758328E-11
   1.449000E+04  6.442986E-11  4.030356E-11
   1.451000E+04  6.162857E-11  3.941766E-11
   1.453000E+04  8.403895E-11  4.602987E-11
   1.455000E+04  5.602597E-11  3.758328E-11
   1.457000E+04  6.723116E-11  4.117040E-11
   1.459000E+04  5.882727E-11  3.851139E-11
   1.461000E+04  7.283376E-11  4.285150E-11
   1.463000E+04  4.201948E-11  3.254809E-11
   1.465000E+04  4.482078E-11  3.361552E-11
   1.467000E+04  6.162857E-11  3.941766E-11
   1.469000E+04  5.322467E-11  3.663165E-11
   1.471000E+04  4.482078E-11  3.361552E-11
   1.473000E+04  4.201948E-11  3.254809E-11
   1.475000E+04  3.081428E-11  2.787253E-11
   1.477000E+04  2.801298E-11  2.657542E-11
   1.479000E+04  5.042337E-11  3.565463E-11
   1.481000E+04  2.241039E-11  2.376978E-11
   1.483000E+04  2.801298E-11  2.657542E-11
   1.485000E+04  1.400649E-11  1.879167E-11
   1.487000E+04  2.241039E-11  2.376978E-11
   1.489000E+04  2.521169E-11  2.521166E-11
   1.491000E+04  2.521169E-11  2.521166E-11
   1.493000E+04  1.680779E-11  2.058524E-11
   1.495000E+04  2.801298E-12  8.403894E-12
   1.497000E+04  8.403895E-12  1.455597E-11
   1.499000E+04  2.801298E-12  8.403894E-12
   1.501000E+04  1.000000E-35  1.000000E-35
   1.503000E+04  1.000000E-35  1.000000E-35
   1.505000E+04  1.000000E-35  1.000000E-35
   1.507000E+04  1.000000E-35  1.000000E-35
   1.509000E+04  1.000000E-35  1.000000E-35
   1.511000E+04  1.000000E-35  1.000000E-35
   1.513000E+04  1.000000E-35  1.000000E-35
   1.515000E+04  1.000000E-35  1.000000E-35
   1.517000E+04  1.000000E-35  1.000000E-35
   1.519000E+04  1.000000E-35  1.000000E-35
   1.521000E+04  1.000000E-35  1.000000E-35
   1.523000E+04  1.000000E-35  1.000000E-35
   1.525000E+04  1.000000E-35  1.000000E-35
   1.527000E+04  1.000000E-35  1.000000E-35
   1.529000E+04  1.000000E-35  1.000000E-35
   1.531000E+04  1.000000E-35  1.000000E-35
   1.533000E+04  1.000000E-35  1.000000E-35
   1.535000E+04  1.000000E-35  1.000000E-35
   1.537000E+04  1.000000E-35  1.000000E-35
   1.539000E+04  1.000000E-35  1.000000E-35
   1.541000E+04  1.000000E-35  1.000000E-35
   1.543000E+04  1.000000E-35  1.000000E-35
   1.545000E+04  1.000000E-35  1.000000E-35
   1.547000E+04  1.000000E-35  1.000000E-35
   1.549000E+04  1.000000E-35  1.000000E-35
   1.551000E+04  1.000000E-35  1.000000E-35
   1.553000E+04  1.000000E-35  1.000000E-35
   1.555000E+04  1.000000E-35  1.000000E-35
   1.557000E+04  1.000000E-35  1.000000E-35
   1.559000E+04  1.000000E-35  1.000000E-35
   1.561000E+04  1.000000E-35  1.000000E-35
   1.563000E+04  1.000000E-35  1.000000E-35
   1.565000E+04  1.000000E-35  1.000000E-35
   1.567000E+04  1.000000E-35  1.000000E-35
   1.569000E+04  1.000000E-35  1.000000E-35
   1.571000E+04  1.000000E-35  1.000000E-35
   1.573000E+04  1.000000E-35  1.000000E-35
   1.575000E+04  1.000000E-35  1.000000E-35
   1.577000E+04  1.000000E-35  1.000000E-35
   1.579000E+04  1.000000E-35  1.000000E-35
   1.581000E+04  1.000000E-35  1.000000E-35
   1.583000E+04  1.000000E-35  1.000000E-35
   1.585000E+04  1.000000E-35  1.000000E-35
   1.587000E+04  1.000000E-35  1.000000E-35
   1.589000E+04  1.000000E-35  1.000000E-35
   1.591000E+04  1.000000E-35  1.000000E-35
   1.593000E+04  1.000000E-35  1.000000E-35
   1.595000E+04  1.000000E-35  1.000000E-35
   1.597000E+04  1.000000E-35  1.000000E-35
   1.599000E+04  1.000000E-35  1.000000E-35
   1.601000E+04  1.000000E-35  1.000000E-35
   1.603000E+04  1.000000E-35  1.000000E-35
   1.605000E+04  1.000000E-35  1.000000E-35
   1.607000E+04  1.000000E-35  1.000000E-35
   1.609000E+04  1.000000E-35  1.000000E-35
   1.611000E+04  1.000000E-35  1.000000E-35
   1.613000E+04  1.000000E-35  1.000000E-35
   1.615000E+04  1.000000E-35  1.000000E-35
   1.617000E+04  1.000000E-35  1.000000E-35
   1.619000E+04  1.000000E-35  1.000000E-35
   1.621000E+04  1.000000E-35  1.000000E-35
   1.623000E+04  1.000000E-35  1.000000E-35
   1.625000E+04  1.000000E-35  1.000000E-35
   1.627000E+04  1.000000E-35  1.000000E-35
   1.629000E+04  1.000000E-35  1.000000E-35
   1.631000E+04  1.000000E-35  1.000000E-35
   1.633000E+04  1.000000E-35  1.000000E-35
   1.635000E+04  1.000000E-35  1.000000E-35
   1.637000E+04  1.000000E-35  1.000000E-35
   1.639000E+04  1.000000E-35  1.000000E-35
   1.641000E+04  1.000000E-35  1.000000E-35
   1.643000E+04  1.000000E-35  1.000000E-35
   1.645000E+04  1.000000E-35  1.000000E-35
   1.647000E+04  1.000000E-35  1.000000E-35
   1.649000E+04  1.000000E-35  1.000000E-35
   1.651000E+04  1.000000E-35  1.000000E-35
   1.653000E+04  1.000000E-35  1.000000E-35
   1.655000E+04  1.000000E-35  1.000000E-35
   1.657000E+04  1.000000E-35  1.000000E-35
   1.659000E+04  1.000000E-35  1.000000E-35
   1.661000E+04  1.000000E-35  1.000000E-35
   1.663000E+04  1.000000E-35  1.000000E-35
   1.665000E+04  1.000000E-35  1.000000E-35
   1.667000E+04  1.000000E-35  1.000000E-35
   1.669000E+04  1.000000E-35  1.000000E-35
   1.671000E+04  1.000000E-35  1.000000E-35
   1.673000E+04  1.000000E-35  1.000000E-35
   1.675000E+04  1.000000E-35  1.000000E-35
   1.677000E+04  1.000000E-35  1.000000E-35
   1.679000E+04  1.000000E-35  1.000000E-35
   1.681000E+04  1.000000E-35  1.000000E-35
   1.683000E+04  1.000000E-35  1.000000E-35
   1.685000E+04  1.000000E-35  1.000000E-35
   1.687000E+04  1.000000E-35  1.000000E-35
   1.689000E+04  1.000000E-35  1.000000E-35
   1.691000E+04  1.000000E-35  1.000000E-35
   1.693000E+04  1.000000E-35  1.000000E-35
   1.695000E+04  1.000000E-35  1.000000E-35
   1.697000E+04  1.000000E-35  1.000000E-35
   1.699000E+04  1.000000E-35  1.000000E-35
   1.701000E+04  1.000000E-35  1.000000E-35
   1.703000E+04  1.000000E-35  1.000000E-35
   1.705000E+04  1.000000E-35  1.000000E-35
   1.707000E+04  1.000000E-35  1.000000E-35
   1.709000E+04  1.000000E-35  1.000000E-35
   1.711000E+04  1.000000E-35  1.000000E-35
   1.713000E+04  1.000000E-35  1.000000E-35
   1.715000E+04  1.000000E-35  1.000000E-35
   1.717000E+04  1.000000E-35  1.000000E-35
   1.719000E+04  1.000000E-35  1.000000E-35
   1.721000E+04  1.000000E-35  1.000000E-35
   1.723000E+04  1.000000E-35  1.000000E-35
   1.725000E+04  1.000000E-35  1.000000E-35
   1.727000E+04  1.000000E-35  1.000000E-35
   1.729000E+04  1.000000E-35  1.000000E-35
   1.731000E+04  1.000000E-35  1.000000E-35
   1.733000E+04  1.000000E-35  1.000000E-35
   1.735000E+04  1.000000E-35  1.000000E-35
   1.737000E+04  1.000000E-35  1.000000E-35
   1.739000E+04  1.000000E-35  1.000000E-35
   1.741000E+04  1.000000E-35  1.000000E-35
   1.743000E+04  1.000000E-35  1.000000E-35
   1.745000E+04  1.000000E-35  1.000000E-35
   1.747000E+04  1.000000E-35  1.000000E-35
   1.749000E+04  1.000000E-35  1.000000E-35
   1.751000E+04  1.000000E-35  1.000000E-35
   1.753000E+04  1.000000E-35  1.000000E-35
   1.755000E+04  1.000000E-35  1.000000E-35
   1.757000E+04  1.000000E-35  1.000000E-35
   1.759000E+04  1.000000E-35  1.000000E-35
   1.761000E+04  1.000000E-35  1.000000E-35
   1.763000E+04  1.000000E-35  1.000000E-35
   1.765000E+04  1.000000E-35  1.000000E-35
   1.767000E+04  1.000000E-35  1.000000E-35
   1.769000E+04  1.000000E-35  1.000000E-35
   1.771000E+04  1.000000E-35  1.000000E-35
   1.773000E+04  1.000000E-35  1.000000E-35
   1.775000E+04  1.000000E-35  1.000000E-35
   1.777000E+04  1.000000E-35  1.000000E-35
   1.779000E+04  1.000000E-35  1.000000E-35
   1.781000E+04  1.000000E-35  1.000000E-35
   1.783000E+04  1.000000E-35  1.000000E-35
   1.785000E+04  1.000000E-35  1.000000E-35
   1.787000E+04  1.000000E-35  1.000000E-35
   1.789000E+04  1.000000E-35  1.000000E-35
   1.791000E+04  1.000000E-35  1.000000E-35
   1.793000E+04  1.000000E-35  1.000000E-35
   1.795000E+04  1.000000E-35  1.000000E-35
   1.797000E+04  1.000000E-35  1.000000E-35
   1.799000E+04  1.000000E-35  1.000000E-35
   1.801000E+04  1.000000E-35  1.000000E-35
   1.803000E+04  1.000000E-35  1.000000E-35
   1.805000E+04  1.000000E-35  1.000000E-35
   1.807000E+04  1.000000E-35  1.000000E-35
   1.809000E+04  1.000000E-35  1.000000E-35
   1.811000E+04  1.000000E-35  1.000000E-35
   1.813000E+04  1.000000E-35  1.000000E-35
   1.815000E+04  1.000000E-35  1.000000E-35
   1.817000E+04  1.000000E-35  1.000000E-35
   1.819000E+04  1.000000E-35  1.000000E-35
   1.821000E+04  1.000000E-35  1.000000E-35
   1.823000E+04  1.000000E-35  1.000000E-35
   1.825000E+04  1.000000E-35  1.000000E-35
   1.827000E+04  1.000000E-35  1.000000E-35
   1.829000E+04  1.000000E-35  1.000000E-35
   1.831000E+04  1.000000E-35  1.000000E-35
   1.833000E+04  1.000000E-35  1.000000E-35
   1.835000E+04  1.000000E-35  1.000000E-35
   1.837000E+04  1.000000E-35  1.000000E-35
   1.839000E+04  1.000000E-35  1.000000E-35
   1.841000E+04  1.000000E-35  1.000000E-35
   1.843000E+04  1.000000E-35  1.000000E-35
   1.845000E+04  1.000000E-35  1.000000E-35
   1.847000E+04  1.000000E-35  1.000000E-35
   1.849000E+04  1.000000E-35  1.000000E-35
   1.851000E+04  1.000000E-35  1.000000E-35
   1.853000E+04  1.000000E-35  1.000000E-35
   1.855000E+04  1.000000E-35  1.000000E-35
   1.857000E+04  1.000000E-35  1.000000E-35
   1.859000E+04  1.000000E-35  1.000000E-35
   1.861000E+04  1.000000E-35  1.000000E-35
   1.863000E+04  1.000000E-35  1.000000E-35
   1.865000E+04  1.000000E-35  1.000000E-35
   1.867000E+04  1.000000E-35  1.000000E-35
   1.869000E+04  1.000000E-35  1.000000E-35
   1.871000E+04  1.000000E-35  1.000000E-35
   1.873000E+04  1.000000E-35  1.000000E-35
   1.875000E+04  1.000000E-35  1.000000E-35
   1.877000E+04  1.000000E-35  1.000000E-35
   1.879000E+04  1.000000E-35  1.000000E-35
   1.881000E+04  1.000000E-35  1.000000E-35
   1.883000E+04  1.000000E-35  1.000000E-35
   1.885000E+04  1.000000E-35  1.000000E-35
   1.887000E+04  1.000000E-35  1.000000E-35
   1.889000E+04  1.000000E-35  1.000000E-35
   1.891000E+04  1.000000E-35  1.000000E-35
   1.893000E+04  1.000000E-35  1.000000E-35
   1.895000E+04  1.000000E-35  1.000000E-35
   1.897000E+04  1.000000E-35  1.000000E-35
   1.899000E+04  1.000000E-35  1.000000E-35
   1.901000E+04  1.000000E-35  1.000000E-35
   1.903000E+04  1.000000E-35  1.000000E-35
   1.905000E+04  1.000000E-35  1.000000E-35
   1.907000E+04  1.000000E-35  1.000000E-35
   1.909000E+04  1.000000E-35  1.000000E-35
   1.911000E+04  1.000000E-35  1.000000E-35
   1.913000E+04  1.000000E-35  1.000000E-35
   1.915000E+04  1.000000E-35  1.000000E-35
   1.917000E+04  1.000000E-35  1.000000E-35
   1.919000E+04  1.000000E-35  1.000000E-35
   1.921000E+04  1.000000E-35  1.000000E-35
   1.923000E+04  1.000000E-35  1.000000E-35
   1.925000E+04  1.000000E-35  1.000000E-35
   1.927000E+04  1.000000E-35  1.000000E-35
   1.929000E+04  1.000000E-35  1.000000E-35
   1.931000E+04  1.000000E-35  1.000000E-35
   1.933000E+04  1.000000E-35  1.000000E-35
   1.935000E+04  1.000000E-35  1.000000E-35
   1.937000E+04  1.000000E-35  1.000000E-35
   1.939000E+04  1.000000E-35  1.000000E-35
   1.941000E+04  1.000000E-35  1.000000E-35
   1.943000E+04  1.000000E-35  1.000000E-35
   1.945000E+04  1.000000E-35  1.000000E-35
   1.947000E+04  1.000000E-35  1.000000E-35
   1.949000E+04  1.000000E-35  1.000000E-35
   1.951000E+04  1.000000E-35  1.000000E-35
   1.953000E+04  1.000000E-35  1.000000E-35
   1.955000E+04  1.000000E-35  1.000000E-35
   1.957000E+04  1.000000E-35  1.000000E-35
   1.959000E+04  1.000000E-35  1.000000E-35
   1.961000E+04  1.000000E-35  1.000000E-35
   1.963000E+04  1.000000E-35  1.000000E-35
   1.965000E+04  1.000000E-35  1.000000E-35
   1.967000E+04  1.000000E-35  1.000000E-35
   1.969000E+04  1.000000E-35  1.000000E-35
   1.971000E+04  1.000000E-35  1.000000E-35
   1.973000E+04  1.000000E-35  1.000000E-35
   1.975000E+04  1.000000E-35  1.000000E-35
   1.977000E+04  1.000000E-35  1.000000E-35
   1.979000E+04  1.000000E-35  1.000000E-35
   1.981000E+04  1.000000E-35  1.000000E-35
   1.983000E+04  1.000000E-35  1.000000E-35
   1.985000E+04  1.000000E-35  1.000000E-35
   1.987000E+04  1.000000E-35  1.000000E-35
   1.989000E+04  1.000000E-35  1.000000E-35
   1.991000E+04  1.000000E-35  1.000000E-35
   1.993000E+04  1.000000E-35  1.000000E-35
   1.995000E+04  1.000000E-35  1.000000E-35
   1.997000E+04  1.000000E-35  1.000000E-35
   1.999000E+04  1.000000E-35  1.000000E-35
