 #  Results from PENEPMA. Output from photon detector #  1
 #
 #  Angular intervals : theta_1 = 5.000000E+01,  theta_2 = 6.000000E+01
 #                        phi_1 = 0.000000E+00,    phi_2 = 3.600000E+02
 #  Energy window = ( 0.00000E+00, 2.00000E+04) eV, no. of channels =  1000
 #  Channel width = 2.000000E+01 eV
 #
 #  Whole spectrum. Characteristic peaks and background.
 #  1st column: photon energy (eV).
 #  2nd column: probability density (1/(eV*sr*electron)).
 #  3rd column: statistical uncertainty (3 sigma).
 #
   1.000000E+01  1.000000E-35  1.000000E-35
   3.000000E+01  1.000000E-35  1.000000E-35
   5.000001E+01  1.000000E-35  1.000000E-35
   7.000001E+01  1.000000E-35  1.000000E-35
   9.000001E+01  1.000000E-35  1.000000E-35
   1.100000E+02  9.729667E-09  7.566188E-10
   1.300000E+02  1.092703E-08  5.286477E-09
   1.500000E+02  1.003796E-08  3.773941E-09
   1.700000E+02  9.285927E-09  7.381879E-10
   1.900000E+02  1.048011E-08  7.846663E-10
   2.100000E+02  1.121098E-08  8.129225E-10
   2.300000E+02  1.345578E-08  8.893047E-10
   2.500000E+02  1.443462E-08  9.213990E-10
   2.700000E+02  1.862071E-08  5.329004E-09
   2.900000E+02  1.789319E-08  1.025064E-09
   3.100000E+02  5.757079E-08  2.032118E-08
   3.300000E+02  2.154100E-08  1.127453E-09
   3.500000E+02  2.520504E-08  5.365383E-09
   3.700000E+02  2.304189E-08  1.164426E-09
   3.900000E+02  2.705672E-08  3.904292E-09
   4.100000E+02  2.951846E-08  5.388897E-09
   4.300000E+02  2.857560E-08  1.295625E-09
   4.500000E+02  3.125920E-08  3.935905E-09
   4.700000E+02  3.121194E-08  1.354326E-09
   4.900000E+02  3.295427E-08  1.391659E-09
   5.100001E+02  3.389396E-08  1.411234E-09
   5.300001E+02  4.238665E-06  2.160098E-07
   5.500001E+02  1.786096E-07  4.289302E-08
   5.700001E+02  1.057620E-07  3.209547E-08
   5.900001E+02  1.352104E-08  8.905915E-10
   6.100001E+02  4.161380E-07  6.678976E-08
   6.300001E+02  2.584394E-07  5.200430E-08
   6.500001E+02  4.514463E-08  1.854624E-08
   6.700001E+02  1.282933E-08  8.688625E-10
   6.900001E+02  1.315561E-08  8.784881E-10
   7.100001E+02  2.485159E-07  5.107174E-08
   7.300001E+02  3.049343E-08  1.484023E-08
   7.500001E+02  1.056494E-08  7.878288E-10
   7.700001E+02  1.097606E-08  8.025004E-10
   7.900001E+02  3.844461E-08  1.739580E-08
   8.100001E+02  1.159599E-08  8.252939E-10
   8.300001E+02  1.181133E-08  8.324451E-10
   8.500001E+02  1.345737E-08  3.800400E-09
   8.700001E+02  1.233991E-08  8.517484E-10
   8.900001E+02  1.269229E-08  8.633417E-10
   9.100001E+02  1.307077E-08  8.756544E-10
   9.300001E+02  1.357324E-08  8.927365E-10
   9.500001E+02  1.394520E-08  9.048596E-10
   9.700001E+02  1.444115E-08  9.203580E-10
   9.900001E+02  1.496972E-08  9.382545E-10
   1.010000E+03  1.496320E-08  9.384593E-10
   1.030000E+03  1.528948E-08  9.481830E-10
   1.050000E+03  1.549830E-08  9.554135E-10
   1.070000E+03  1.584415E-08  9.659561E-10
   1.090000E+03  1.588983E-08  9.673399E-10
   1.110000E+03  1.562228E-08  9.580069E-10
   1.130000E+03  1.636620E-08  9.812635E-10
   1.150000E+03  1.810360E-08  3.836134E-09
   1.170000E+03  1.639883E-08  9.826268E-10
   1.190000E+03  1.769090E-08  1.018894E-09
   1.210000E+03  1.737114E-08  1.009666E-09
   1.230000E+03  1.743640E-08  1.011556E-09
   1.250000E+03  3.158823E-07  5.751976E-08
   1.270000E+03  1.784099E-08  1.024695E-09
   1.290000E+03  1.789319E-08  1.025064E-09
   1.310000E+03  1.799107E-08  1.027482E-09
   1.330000E+03  1.780836E-08  1.023013E-09
   1.350000E+03  1.773658E-08  1.020957E-09
   1.370000E+03  1.731241E-08  1.009101E-09
   1.390000E+03  1.744945E-08  1.011934E-09
   1.410000E+03  1.750818E-08  1.013631E-09
   1.430000E+03  1.840219E-08  1.039866E-09
   1.450000E+03  1.802370E-08  1.030273E-09
   1.470000E+03  1.806938E-08  1.029711E-09
   1.490000E+03  1.677688E-06  1.356195E-07
   1.510000E+03  1.741682E-08  1.011368E-09
   1.530000E+03  1.876762E-08  1.049006E-09
   1.550000E+03  2.715760E-08  9.857074E-09
   1.570000E+03  1.653587E-08  9.847578E-10
   1.590000E+03  1.587026E-08  9.655571E-10
   1.610000E+03  1.613128E-08  9.734410E-10
   1.630000E+03  1.613128E-08  9.742281E-10
   1.650000E+03  1.603992E-08  9.702941E-10
   1.670000E+03  1.590941E-08  9.667438E-10
   1.690000E+03  1.560271E-08  9.578085E-10
   1.710000E+03  1.613128E-08  9.734410E-10
   1.730000E+03  2.815843E-06  1.762079E-07
   1.750000E+03  1.598772E-08  9.695082E-10
   1.770000E+03  1.554398E-08  9.552090E-10
   1.790000E+03  1.553092E-08  9.544074E-10
   1.810000E+03  1.611823E-08  9.726544E-10
   1.830000E+03  7.005691E-08  2.459298E-08
   1.850000E+03  1.397131E-08  9.052810E-10
   1.870000E+03  1.474291E-08  3.810497E-09
   1.890000E+03  1.388647E-08  9.025318E-10
   1.910000E+03  1.378206E-08  8.999886E-10
   1.930000E+03  1.337748E-08  8.867213E-10
   1.950000E+03  1.341010E-08  8.873668E-10
   1.970000E+03  1.320781E-08  8.810978E-10
   1.990000E+03  1.372986E-08  8.982878E-10
   2.010000E+03  1.351451E-08  8.912373E-10
   2.030000E+03  1.282933E-08  8.679799E-10
   2.050000E+03  1.380164E-08  9.002000E-10
   2.070000E+03  1.369071E-08  8.961551E-10
   2.090000E+03  1.318171E-08  8.793582E-10
   2.110000E+03  1.258788E-08  8.597909E-10
   2.130000E+03  1.306425E-08  8.763112E-10
   2.150000E+03  1.341663E-08  8.875822E-10
   2.170000E+03  1.293374E-08  8.723762E-10
   2.190000E+03  1.288153E-08  8.692995E-10
   2.210000E+03  1.288806E-08  8.699601E-10
   2.230000E+03  1.309035E-08  8.776202E-10
   2.250000E+03  1.335790E-08  8.865067E-10
   2.270000E+03  1.235948E-08  8.515219E-10
   2.290000E+03  1.310993E-08  8.774003E-10
   2.310000E+03  1.215066E-08  8.447594E-10
   2.330000E+03  1.288153E-08  8.710612E-10
   2.350000E+03  1.242474E-08  8.537644E-10
   2.370000E+03  1.252262E-08  8.575642E-10
   2.390000E+03  1.288153E-08  8.697403E-10
   2.410000E+03  1.291416E-08  8.721580E-10
   2.430000E+03  1.214414E-08  8.449867E-10
   2.450000E+03  1.228118E-08  8.492744E-10
   2.470000E+03  1.258788E-08  8.593451E-10
   2.490000E+03  1.250957E-08  8.571182E-10
   2.510000E+03  1.240516E-08  8.530923E-10
   2.530000E+03  1.147853E-08  8.211123E-10
   2.550000E+03  1.158946E-08  8.255265E-10
   2.570000E+03  1.152421E-08  8.222751E-10
   2.590000E+03  1.174608E-08  8.306062E-10
   2.610000E+03  1.245737E-08  8.553317E-10
   2.630000E+03  1.221592E-08  8.470199E-10
   2.650000E+03  1.150463E-08  8.229753E-10
   2.670000E+03  1.179176E-08  8.317556E-10
   2.690000E+03  1.149158E-08  8.225104E-10
   2.710000E+03  1.143285E-08  8.190126E-10
   2.730000E+03  1.113267E-08  8.086739E-10
   2.750000E+03  1.194185E-08  8.370268E-10
   2.770000E+03  1.081292E-08  7.974816E-10
   2.790000E+03  1.134149E-08  8.157370E-10
   2.810000E+03  1.145895E-08  8.204133E-10
   2.830000E+03  1.120445E-08  8.107987E-10
   2.850000E+03  1.135454E-08  8.166751E-10
   2.870000E+03  1.075419E-08  7.948381E-10
   2.890000E+03  1.071503E-08  7.933930E-10
   2.910000E+03  1.132191E-08  8.169121E-10
   2.930000E+03  1.134149E-08  8.166761E-10
   2.950000E+03  1.067588E-08  7.919453E-10
   2.970000E+03  1.086512E-08  7.984385E-10
   2.990000E+03  1.116530E-08  8.098555E-10
   3.010000E+03  1.081944E-08  7.972408E-10
   3.030000E+03  1.104784E-08  8.060691E-10
   3.050000E+03  1.059105E-08  7.892850E-10
   3.070000E+03  1.037570E-08  7.802652E-10
   3.090000E+03  1.043443E-08  7.824684E-10
   3.110000E+03  1.022561E-08  7.746064E-10
   3.130000E+03  1.036265E-08  7.797748E-10
   3.150000E+03  1.034960E-08  7.802670E-10
   3.170000E+03  1.007552E-08  7.694040E-10
   3.190000E+03  1.002984E-08  7.671623E-10
   3.210000E+03  1.008205E-08  7.691544E-10
   3.230000E+03  1.008205E-08  7.696525E-10
   3.250000E+03  9.664411E-09  7.535778E-10
   3.270000E+03  1.040833E-08  7.814900E-10
   3.290000E+03  9.605681E-09  7.507793E-10
   3.310000E+03  1.012773E-08  7.713903E-10
   3.330000E+03  9.964589E-09  7.646647E-10
   3.350000E+03  9.638309E-09  7.520522E-10
   3.370000E+03  9.697039E-09  7.548460E-10
   3.390000E+03  1.000374E-08  7.661642E-10
   3.410000E+03  9.566527E-09  7.502712E-10
   3.430000E+03  9.501271E-09  7.472043E-10
   3.450000E+03  9.449066E-09  7.446388E-10
   3.470000E+03  9.683988E-09  7.543390E-10
   3.490000E+03  8.933544E-09  7.240573E-10
   3.510000E+03  9.246773E-09  7.366313E-10
   3.530000E+03  9.351182E-09  7.407750E-10
   3.550000E+03  9.148889E-09  7.327252E-10
   3.570000E+03  8.913967E-09  7.248521E-10
   3.590000E+03  8.887865E-09  7.227357E-10
   3.610000E+03  8.450650E-09  7.042313E-10
   3.630000E+03  9.129312E-09  7.319414E-10
   3.650000E+03  8.907442E-09  7.235295E-10
   3.670000E+03  8.639892E-09  7.126049E-10
   3.690000E+03  1.345731E-07  3.705531E-08
   3.710000E+03  8.594213E-09  7.112620E-10
   3.730000E+03  8.626841E-09  7.120677E-10
   3.750000E+03  8.215728E-09  6.949326E-10
   3.770000E+03  8.418022E-09  7.028715E-10
   3.790000E+03  8.150472E-09  6.932801E-10
   3.810000E+03  8.130896E-09  6.907892E-10
   3.830000E+03  8.026486E-09  6.869010E-10
   3.850000E+03  8.561585E-09  7.088351E-10
   3.870000E+03  8.104793E-09  6.896803E-10
   3.890000E+03  8.235305E-09  6.952071E-10
   3.910000E+03  8.196152E-09  6.935537E-10
   3.930000E+03  8.326664E-09  6.990498E-10
   3.950000E+03  8.170049E-09  6.930025E-10
   3.970000E+03  7.915551E-09  6.815866E-10
   3.990000E+03  7.935128E-09  6.824283E-10
   4.010000E+03  2.310662E-08  1.285260E-08
   4.030000E+03  8.248356E-09  6.957574E-10
   4.050000E+03  7.602322E-09  6.685475E-10
   4.070000E+03  7.230363E-09  6.520268E-10
   4.090000E+03  7.471810E-09  6.622193E-10
   4.110000E+03  7.236889E-09  6.523203E-10
   4.130000E+03  7.589271E-09  6.674008E-10
   4.150000E+03  7.249940E-09  6.523195E-10
   4.170000E+03  7.556643E-09  6.659655E-10
   4.190000E+03  7.700206E-09  6.728275E-10
   4.210000E+03  7.419605E-09  6.599033E-10
   4.230000E+03  7.054172E-09  6.440529E-10
   4.250000E+03  7.524015E-09  6.645272E-10
   4.270000E+03  7.289093E-09  6.540774E-10
   4.290000E+03  7.491387E-09  6.630857E-10
   4.310000E+03  7.243414E-09  6.520261E-10
   4.330000E+03  6.877981E-09  6.353759E-10
   4.350000E+03  6.851878E-09  6.341698E-10
   4.370000E+03  6.780097E-09  6.308412E-10
   4.390000E+03  6.773571E-09  6.305378E-10
   4.410000E+03  6.923660E-09  6.374810E-10
   4.430000E+03  6.923660E-09  6.380819E-10
   4.450000E+03  6.747469E-09  6.293224E-10
   4.470000E+03  6.975865E-09  6.398783E-10
   4.490000E+03  6.179742E-09  6.029164E-10
   4.510000E+03  6.819250E-09  6.326590E-10
   4.530000E+03  6.297202E-09  6.086043E-10
   4.550000E+03  6.512547E-09  6.182764E-10
   4.570000E+03  6.584329E-09  6.216724E-10
   4.590000E+03  6.453817E-09  6.161062E-10
   4.610000E+03  6.251523E-09  6.063987E-10
   4.630000E+03  6.218895E-09  6.041843E-10
   4.650000E+03  6.029653E-09  5.949255E-10
   4.670000E+03  6.290677E-09  6.076593E-10
   4.690000E+03  6.238472E-09  6.051340E-10
   4.710000E+03  6.440766E-09  6.154846E-10
   4.730000E+03  6.225421E-09  6.045011E-10
   4.750000E+03  5.964397E-09  5.916992E-10
   4.770000E+03  5.977448E-09  5.923458E-10
   4.790000E+03  6.016602E-09  5.942817E-10
   4.810000E+03  5.840411E-09  5.855200E-10
   4.830000E+03  6.140588E-09  6.003704E-10
   4.850000E+03  5.383619E-09  5.635296E-10
   4.870000E+03  5.683796E-09  5.776201E-10
   4.890000E+03  6.225421E-09  6.045011E-10
   4.910000E+03  5.866513E-09  5.874790E-10
   4.930000E+03  5.546759E-09  5.712890E-10
   4.950000E+03  5.683796E-09  5.789456E-10
   4.970000E+03  6.029653E-09  5.949255E-10
   4.990000E+03  5.605489E-09  5.736292E-10
   5.010001E+03  5.631591E-09  5.749626E-10
   5.030001E+03  5.324888E-09  5.590944E-10
   5.050001E+03  5.592438E-09  5.729614E-10
   5.070001E+03  5.501079E-09  5.682644E-10
   5.090001E+03  5.853462E-09  5.861735E-10
   5.110001E+03  5.559810E-09  5.712884E-10
   5.130001E+03  5.344465E-09  5.601207E-10
   5.150001E+03  5.103018E-09  5.480278E-10
   5.170001E+03  5.324888E-09  5.590944E-10
   5.190001E+03  4.998608E-09  5.417023E-10
   5.210001E+03  5.331414E-09  5.594367E-10
   5.230001E+03  4.985557E-09  5.409949E-10
   5.250001E+03  5.527182E-09  5.696104E-10
   5.270001E+03  5.488028E-09  5.675903E-10
   5.290001E+03  5.396670E-09  5.628484E-10
   5.310001E+03  5.337939E-09  5.597788E-10
   5.330001E+03  4.887673E-09  5.356601E-10
   5.350001E+03  5.377093E-09  5.618271E-10
   5.370001E+03  5.076916E-09  5.459270E-10
   5.390001E+03  5.233530E-09  5.542797E-10
   5.410001E+03  4.809366E-09  5.320744E-10
   5.430001E+03  4.580970E-09  5.185884E-10
   5.450001E+03  4.979032E-09  5.406409E-10
   5.470001E+03  4.874622E-09  5.349448E-10
   5.490001E+03  4.678854E-09  5.240973E-10
   5.510001E+03  4.731059E-09  5.270119E-10
   5.530001E+03  4.496137E-09  5.137661E-10
   5.550001E+03  4.894199E-09  5.360174E-10
   5.570001E+03  4.385202E-09  5.073908E-10
   5.590001E+03  4.926827E-09  5.385126E-10
   5.610001E+03  4.757161E-09  5.284631E-10
   5.630001E+03  4.607072E-09  5.200632E-10
   5.650001E+03  4.802840E-09  5.309932E-10
   5.670001E+03  4.887673E-09  5.363751E-10
   5.690001E+03  4.535291E-09  5.159974E-10
   5.710001E+03  4.580970E-09  5.185884E-10
   5.730001E+03  4.548342E-09  5.167390E-10
   5.750001E+03  4.587496E-09  5.189575E-10
   5.770001E+03  4.280793E-09  5.013164E-10
   5.790001E+03  4.515714E-09  5.148830E-10
   5.810001E+03  4.137229E-09  4.928416E-10
   5.830001E+03  4.326472E-09  5.039830E-10
   5.850001E+03  4.372151E-09  5.066355E-10
   5.870001E+03  4.359100E-09  5.066361E-10
   5.890001E+03  3.587638E-07  6.144175E-08
   5.910001E+03  4.300369E-09  5.024609E-10
   5.930001E+03  4.215537E-09  4.974821E-10
   5.950001E+03  4.391728E-09  5.092754E-10
   5.970001E+03  4.098076E-09  4.905048E-10
   5.990001E+03  4.222062E-09  4.986361E-10
   6.010001E+03  3.954513E-09  4.818396E-10
   6.030001E+03  4.176383E-09  4.951673E-10
   6.050001E+03  4.254690E-09  4.997862E-10
   6.070001E+03  3.902308E-09  4.786497E-10
   6.090001E+03  4.306895E-09  5.028419E-10
   6.110001E+03  3.876205E-09  4.770467E-10
   6.130001E+03  4.071973E-09  4.889408E-10
   6.150001E+03  3.967564E-09  4.826338E-10
   6.170001E+03  3.686963E-09  4.652598E-10
   6.190001E+03  4.006717E-09  4.850085E-10
   6.210001E+03  4.058922E-09  4.881569E-10
   6.230001E+03  4.006717E-09  4.850085E-10
   6.250001E+03  4.026294E-09  4.861915E-10
   6.270001E+03  3.647809E-09  4.627836E-10
   6.290001E+03  3.706540E-09  4.664930E-10
   6.310001E+03  3.921885E-09  4.806464E-10
   6.330001E+03  3.745693E-09  4.689495E-10
   6.350001E+03  3.876205E-09  4.770467E-10
   6.370001E+03  3.758745E-09  4.697656E-10
   6.390001E+03  2.053538E-07  4.627839E-08
   6.410001E+03  3.770039E-07  6.287749E-08
   6.430001E+03  3.419414E-09  4.480661E-10
   6.450001E+03  3.765270E-09  4.701730E-10
   6.470001E+03  3.562977E-09  4.573724E-10
   6.490001E+03  6.582974E-08  2.593905E-08
   6.510001E+03  3.654335E-09  4.631972E-10
   6.530001E+03  3.706540E-09  4.673138E-10
   6.550001E+03  3.497721E-09  4.531660E-10
   6.570001E+03  3.530349E-09  4.552741E-10
   6.590001E+03  3.412888E-09  4.484938E-10
   6.610001E+03  3.243222E-09  4.363731E-10
   6.630001E+03  3.217120E-09  4.346140E-10
   6.650001E+03  3.419414E-09  4.480661E-10
   6.670001E+03  3.360683E-09  4.442026E-10
   6.690001E+03  3.530349E-09  4.552741E-10
   6.710001E+03  3.386786E-09  4.459238E-10
   6.730001E+03  3.053980E-09  4.234541E-10
   6.750001E+03  3.491195E-09  4.527432E-10
   6.770001E+03  3.230171E-09  4.354944E-10
   6.790001E+03  3.125762E-09  4.284003E-10
   6.810001E+03  2.969147E-09  4.175329E-10
   6.830001E+03  3.132287E-09  4.288471E-10
   6.850001E+03  3.138813E-09  4.292935E-10
   6.870001E+03  3.295427E-09  4.398701E-10
   6.890001E+03  3.112710E-09  4.275052E-10
   6.910001E+03  3.027878E-09  4.216410E-10
   6.930001E+03  3.145338E-09  4.297394E-10
   6.950001E+03  3.027878E-09  4.216410E-10
   6.970001E+03  2.943045E-09  4.156940E-10
   6.990001E+03  3.053980E-09  4.234541E-10
   7.010001E+03  2.949570E-09  4.161545E-10
   7.030001E+03  2.975673E-09  4.179913E-10
   7.050001E+03  7.254599E-08  2.723027E-08
   7.070001E+03  2.929994E-09  4.147715E-10
   7.090001E+03  3.080082E-09  4.252593E-10
   7.110001E+03  2.916942E-09  4.138469E-10
   7.130001E+03  3.001775E-09  4.198201E-10
   7.150001E+03  2.936519E-09  4.152330E-10
   7.170001E+03  2.929994E-09  4.147715E-10
   7.190001E+03  2.832110E-09  4.077861E-10
   7.210001E+03  2.949570E-09  4.161545E-10
   7.230001E+03  2.695072E-09  3.978004E-10
   7.250001E+03  2.629816E-09  3.929560E-10
   7.270001E+03  2.727700E-09  4.002006E-10
   7.290001E+03  2.538458E-09  3.860717E-10
   7.310001E+03  3.106185E-09  4.270570E-10
   7.330001E+03  2.943045E-09  4.156940E-10
   7.350001E+03  2.806007E-09  4.059031E-10
   7.370001E+03  2.851686E-09  4.091928E-10
   7.390001E+03  2.512355E-09  3.840821E-10
   7.410001E+03  2.629816E-09  3.929560E-10
   7.430001E+03  2.655919E-09  3.949009E-10
   7.450001E+03  2.610239E-09  3.914910E-10
   7.470001E+03  2.806007E-09  4.059031E-10
   7.490001E+03  2.420997E-09  3.770356E-10
   7.510001E+03  2.414471E-09  3.765273E-10
   7.530001E+03  2.714649E-09  3.992423E-10
   7.550001E+03  2.512355E-09  3.840821E-10
   7.570001E+03  2.629816E-09  3.929560E-10
   7.590001E+03  2.603714E-09  3.910015E-10
   7.610001E+03  2.381843E-09  3.739750E-10
   7.630001E+03  2.394895E-09  3.749980E-10
   7.650001E+03  2.466676E-09  3.815809E-10
   7.670001E+03  2.486253E-09  3.820821E-10
   7.690001E+03  2.329639E-09  3.698548E-10
   7.710001E+03  2.538458E-09  3.860717E-10
   7.730001E+03  2.316587E-09  3.688176E-10
   7.750001E+03  2.355741E-09  3.719206E-10
   7.770001E+03  2.597188E-09  3.905113E-10
   7.790001E+03  2.388369E-09  3.744869E-10
   7.810001E+03  2.329639E-09  3.698548E-10
   7.830001E+03  2.434048E-09  3.780503E-10
   7.850001E+03  2.551509E-09  3.870627E-10
   7.870001E+03  2.375318E-09  3.744873E-10
   7.890001E+03  2.460151E-09  3.800716E-10
   7.910001E+03  2.251331E-09  3.635869E-10
   7.930001E+03  2.323113E-09  3.693366E-10
   7.950001E+03  2.303536E-09  3.677774E-10
   7.970001E+03  2.179550E-09  3.577448E-10
   7.990001E+03  2.205652E-09  3.620038E-10
   8.010001E+03  2.244806E-09  3.630597E-10
   8.030001E+03  2.290485E-09  3.667343E-10
   8.050001E+03  2.518881E-09  3.845805E-10
   8.070001E+03  2.016410E-09  3.440982E-10
   8.090001E+03  2.251331E-09  3.635869E-10
   8.110001E+03  2.140396E-09  3.545175E-10
   8.130001E+03  2.264383E-09  3.646390E-10
   8.150001E+03  1.990308E-09  3.418642E-10
   8.170001E+03  2.257857E-09  3.641133E-10
   8.190001E+03  2.310062E-09  3.682978E-10
   8.210001E+03  2.003359E-09  3.429830E-10
   8.230001E+03  2.173024E-09  3.572089E-10
   8.250001E+03  2.081666E-09  3.496208E-10
   8.270001E+03  2.140396E-09  3.545175E-10
   8.290001E+03  2.179550E-09  3.577448E-10
   8.310001E+03  2.029461E-09  3.452098E-10
   8.330001E+03  2.101243E-09  3.512606E-10
   8.350001E+03  1.983782E-09  3.413034E-10
   8.370001E+03  2.146922E-09  3.550574E-10
   8.390001E+03  2.166499E-09  3.566723E-10
   8.410001E+03  2.107768E-09  3.518055E-10
   8.430001E+03  1.944628E-09  3.379190E-10
   8.450001E+03  2.127345E-09  3.534352E-10
   8.470001E+03  2.016410E-09  3.440982E-10
   8.490001E+03  2.022935E-09  3.446544E-10
   8.510001E+03  1.859796E-09  3.304674E-10
   8.530001E+03  1.931577E-09  3.367834E-10
   8.550001E+03  1.827168E-09  3.275562E-10
   8.570001E+03  2.009884E-09  3.435410E-10
   8.590001E+03  2.029461E-09  3.452098E-10
   8.610001E+03  1.885898E-09  3.327780E-10
   8.630001E+03  2.016410E-09  3.440982E-10
   8.650001E+03  2.159973E-09  3.561348E-10
   8.670001E+03  1.774963E-09  3.228436E-10
   8.690001E+03  1.840219E-09  3.287237E-10
   8.710001E+03  1.892424E-09  3.333531E-10
   8.730001E+03  2.068615E-09  3.485233E-10
   8.750001E+03  1.748860E-09  3.204613E-10
   8.770001E+03  1.748860E-09  3.204613E-10
   8.790001E+03  1.696656E-09  3.156428E-10
   8.810001E+03  1.905475E-09  3.345004E-10
   8.830001E+03  1.729284E-09  3.186629E-10
   8.850001E+03  1.696656E-09  3.156428E-10
   8.870001E+03  1.794540E-09  3.246188E-10
   8.890001E+03  1.696656E-09  3.156428E-10
   8.910001E+03  1.807591E-09  3.257970E-10
   8.930001E+03  1.944628E-09  3.379190E-10
   8.950001E+03  1.690130E-09  3.150353E-10
   8.970001E+03  1.794540E-09  3.246188E-10
   8.990001E+03  1.755386E-09  3.210586E-10
   9.010001E+03  1.624874E-09  3.088946E-10
   9.030001E+03  1.670553E-09  3.132058E-10
   9.050001E+03  1.644451E-09  3.107496E-10
   9.070001E+03  1.670553E-09  3.132058E-10
   9.090001E+03  1.898949E-09  3.339273E-10
   9.110001E+03  1.768437E-09  3.222497E-10
   9.130001E+03  1.709707E-09  3.168543E-10
   9.150001E+03  1.572669E-09  3.038926E-10
   9.170001E+03  1.500888E-09  2.968772E-10
   9.190001E+03  1.526990E-09  2.994473E-10
   9.210001E+03  1.579195E-09  3.045223E-10
   9.230001E+03  1.422580E-09  2.890299E-10
   9.250001E+03  1.729284E-09  3.186629E-10
   9.270001E+03  1.559618E-09  3.026292E-10
   9.290001E+03  1.670553E-09  3.132058E-10
   9.310001E+03  1.592246E-09  3.057779E-10
   9.330001E+03  1.585720E-09  3.051508E-10
   9.350001E+03  1.696656E-09  3.156428E-10
   9.370001E+03  1.703181E-09  3.162492E-10
   9.390001E+03  1.285543E-09  2.747579E-10
   9.410001E+03  1.598772E-09  3.064038E-10
   9.430001E+03  1.435632E-09  2.903525E-10
   9.450001E+03  1.435632E-09  2.903525E-10
   9.470001E+03  1.363850E-09  2.830015E-10
   9.490001E+03  1.442157E-09  2.910116E-10
   9.510001E+03  1.533516E-09  3.000864E-10
   9.530001E+03  1.592246E-09  3.057779E-10
   9.550001E+03  1.487836E-09  2.955838E-10
   9.570001E+03  1.324696E-09  2.789102E-10
   9.590001E+03  1.513939E-09  2.981650E-10
   9.610001E+03  1.461734E-09  2.929798E-10
   9.630001E+03  1.513939E-09  2.981650E-10
   9.650001E+03  1.298594E-09  2.761489E-10
   9.670001E+03  1.357324E-09  2.823237E-10
   9.690001E+03  1.344273E-09  2.809633E-10
   9.710001E+03  1.448683E-09  2.916691E-10
   9.730001E+03  1.455208E-09  2.936333E-10
   9.750001E+03  1.448683E-09  2.916691E-10
   9.770001E+03  1.376901E-09  2.843522E-10
   9.790001E+03  1.396478E-09  2.863663E-10
   9.810001E+03  1.252915E-09  2.712491E-10
   9.830001E+03  1.279017E-09  2.740597E-10
   9.850001E+03  1.259440E-09  2.719545E-10
   9.870001E+03  1.226812E-09  2.684090E-10
   9.890001E+03  1.272492E-09  2.733598E-10
   9.910001E+03  1.324696E-09  2.789102E-10
   9.930001E+03  1.337748E-09  2.802806E-10
   9.950001E+03  1.298594E-09  2.761489E-10
   9.970001E+03  1.161557E-09  2.611737E-10
   9.990001E+03  1.344273E-09  2.809633E-10
   1.001000E+04  1.311645E-09  2.775330E-10
   1.003000E+04  1.239864E-09  2.698328E-10
   1.005000E+04  1.135454E-09  2.582228E-10
   1.007000E+04  1.220287E-09  2.676943E-10
   1.009000E+04  1.148505E-09  2.597024E-10
   1.011000E+04  1.324696E-09  2.789102E-10
   1.013000E+04  1.213761E-09  2.669777E-10
   1.015000E+04  1.233338E-09  2.691219E-10
   1.017000E+04  1.194185E-09  2.648161E-10
   1.019000E+04  1.520464E-09  2.988069E-10
   1.021000E+04  1.141980E-09  2.589637E-10
   1.023000E+04  1.141980E-09  2.589637E-10
   1.025000E+04  1.168082E-09  2.619062E-10
   1.027000E+04  1.070198E-09  2.506935E-10
   1.029000E+04  9.918910E-10  2.413484E-10
   1.031000E+04  1.213761E-09  2.669777E-10
   1.033000E+04  9.918910E-10  2.413484E-10
   1.035000E+04  1.272492E-09  2.733598E-10
   1.037000E+04  1.220287E-09  2.676943E-10
   1.039000E+04  1.128929E-09  2.574798E-10
   1.041000E+04  1.141980E-09  2.589637E-10
   1.043000E+04  1.089775E-09  2.529758E-10
   1.045000E+04  1.057147E-09  2.491604E-10
   1.047000E+04  1.089775E-09  2.529758E-10
   1.049000E+04  1.076724E-09  2.514566E-10
   1.051000E+04  9.723142E-10  2.389550E-10
   1.053000E+04  1.044096E-09  2.476177E-10
   1.055000E+04  8.679046E-10  2.257620E-10
   1.057000E+04  8.809558E-10  2.274530E-10
   1.059000E+04  9.723142E-10  2.389550E-10
   1.061000E+04  9.853654E-10  2.405533E-10
   1.063000E+04  1.004942E-09  2.429309E-10
   1.065000E+04  1.155031E-09  2.604391E-10
   1.067000E+04  1.011468E-09  2.437183E-10
   1.069000E+04  1.004942E-09  2.429309E-10
   1.071000E+04  1.037570E-09  2.468428E-10
   1.073000E+04  1.037570E-09  2.468428E-10
   1.075000E+04  9.331606E-10  2.340948E-10
   1.077000E+04  1.070198E-09  2.506935E-10
   1.079000E+04  1.141980E-09  2.589637E-10
   1.081000E+04  1.031045E-09  2.460654E-10
   1.083000E+04  9.070582E-10  2.307978E-10
   1.085000E+04  9.135838E-10  2.316265E-10
   1.087000E+04  8.222254E-10  2.197410E-10
   1.089000E+04  9.788398E-10  2.397555E-10
   1.091000E+04  1.050621E-09  2.483902E-10
   1.093000E+04  8.156998E-10  2.188674E-10
   1.095000E+04  9.201094E-10  2.324522E-10
   1.097000E+04  9.070582E-10  2.307978E-10
   1.099000E+04  1.011468E-09  2.437183E-10
   1.101000E+04  9.462118E-10  2.357260E-10
   1.103000E+04  8.418022E-10  2.223414E-10
   1.105000E+04  7.439182E-10  2.090161E-10
   1.107000E+04  8.091742E-10  2.179902E-10
   1.109000E+04  8.744302E-10  2.266091E-10
   1.111000E+04  1.024519E-09  2.452855E-10
   1.113000E+04  8.483278E-10  2.232015E-10
   1.115000E+04  8.874814E-10  2.282938E-10
   1.117000E+04  7.504438E-10  2.099308E-10
   1.119000E+04  9.070582E-10  2.307978E-10
   1.121000E+04  8.026486E-10  2.171095E-10
   1.123000E+04  8.156998E-10  2.188674E-10
   1.125000E+04  8.026486E-10  2.171095E-10
   1.127000E+04  8.744302E-10  2.266091E-10
   1.129000E+04  8.026486E-10  2.171095E-10
   1.131000E+04  7.634950E-10  2.117483E-10
   1.133000E+04  8.287510E-10  2.206113E-10
   1.135000E+04  8.222254E-10  2.197410E-10
   1.137000E+04  7.373926E-10  2.080975E-10
   1.139000E+04  7.373926E-10  2.080975E-10
   1.141000E+04  7.439182E-10  2.090161E-10
   1.143000E+04  8.352766E-10  2.214780E-10
   1.145000E+04  7.178158E-10  2.053167E-10
   1.147000E+04  7.569694E-10  2.108415E-10
   1.149000E+04  9.070582E-10  2.307978E-10
   1.151000E+04  7.373926E-10  2.080975E-10
   1.153000E+04  7.243414E-10  2.062478E-10
   1.155000E+04  6.917134E-10  2.015493E-10
   1.157000E+04  7.569694E-10  2.108415E-10
   1.159000E+04  7.373926E-10  2.080975E-10
   1.161000E+04  5.873039E-10  1.857170E-10
   1.163000E+04  7.961230E-10  2.162252E-10
   1.165000E+04  7.569694E-10  2.108415E-10
   1.167000E+04  7.112902E-10  2.043814E-10
   1.169000E+04  6.134062E-10  1.897990E-10
   1.171000E+04  5.742527E-10  1.836420E-10
   1.173000E+04  6.395086E-10  1.937949E-10
   1.175000E+04  7.112902E-10  2.043814E-10
   1.177000E+04  6.786622E-10  1.996390E-10
   1.179000E+04  6.721366E-10  1.986769E-10
   1.181000E+04  6.917134E-10  2.034420E-10
   1.183000E+04  5.807783E-10  1.846824E-10
   1.185000E+04  6.395086E-10  1.937949E-10
   1.187000E+04  5.938295E-10  1.867459E-10
   1.189000E+04  5.350991E-10  1.772713E-10
   1.191000E+04  5.612015E-10  1.815433E-10
   1.193000E+04  5.350991E-10  1.772713E-10
   1.195000E+04  5.416247E-10  1.783489E-10
   1.197000E+04  6.003551E-10  1.877691E-10
   1.199000E+04  5.873039E-10  1.857170E-10
   1.201000E+04  5.416247E-10  1.783489E-10
   1.203000E+04  6.721366E-10  1.986769E-10
   1.205000E+04  5.350991E-10  1.772713E-10
   1.207000E+04  6.460342E-10  1.947811E-10
   1.209000E+04  5.285735E-10  1.761871E-10
   1.211000E+04  5.807783E-10  1.846824E-10
   1.213000E+04  5.481503E-10  1.794200E-10
   1.215000E+04  6.329830E-10  1.928037E-10
   1.217000E+04  5.220479E-10  1.750962E-10
   1.219000E+04  7.439182E-10  2.090161E-10
   1.221000E+04  5.546759E-10  1.804847E-10
   1.223000E+04  4.763687E-10  1.672607E-10
   1.225000E+04  3.719591E-10  1.477991E-10
   1.227000E+04  5.807783E-10  1.846824E-10
   1.229000E+04  5.546759E-10  1.804847E-10
   1.231000E+04  4.763687E-10  1.672607E-10
   1.233000E+04  4.567919E-10  1.637879E-10
   1.235000E+04  5.742527E-10  1.836420E-10
   1.237000E+04  5.612015E-10  1.815433E-10
   1.239000E+04  4.763687E-10  1.672607E-10
   1.241000E+04  4.111127E-10  1.553832E-10
   1.243000E+04  4.372151E-10  1.602399E-10
   1.245000E+04  4.633175E-10  1.649537E-10
   1.247000E+04  5.481503E-10  1.794200E-10
   1.249000E+04  5.024711E-10  1.717819E-10
   1.251000E+04  4.828943E-10  1.684024E-10
   1.253000E+04  4.306895E-10  1.590396E-10
   1.255000E+04  4.959455E-10  1.706628E-10
   1.257000E+04  4.828943E-10  1.684024E-10
   1.259000E+04  4.959455E-10  1.706628E-10
   1.261000E+04  4.959455E-10  1.706628E-10
   1.263000E+04  4.111127E-10  1.553832E-10
   1.265000E+04  4.763687E-10  1.672607E-10
   1.267000E+04  3.719591E-10  1.477991E-10
   1.269000E+04  3.654335E-10  1.464970E-10
   1.271000E+04  3.980615E-10  1.528970E-10
   1.273000E+04  4.306895E-10  1.590396E-10
   1.275000E+04  4.698431E-10  1.661112E-10
   1.277000E+04  4.567919E-10  1.637879E-10
   1.279000E+04  4.502663E-10  1.626139E-10
   1.281000E+04  3.850103E-10  1.503697E-10
   1.283000E+04  4.045871E-10  1.541451E-10
   1.285000E+04  3.328055E-10  1.398042E-10
   1.287000E+04  3.393311E-10  1.411682E-10
   1.289000E+04  3.523823E-10  1.438573E-10
   1.291000E+04  3.850103E-10  1.503697E-10
   1.293000E+04  4.306895E-10  1.590396E-10
   1.295000E+04  3.132287E-10  1.356302E-10
   1.297000E+04  3.328055E-10  1.398042E-10
   1.299000E+04  3.980615E-10  1.528970E-10
   1.301000E+04  4.111127E-10  1.553832E-10
   1.303000E+04  3.523823E-10  1.438573E-10
   1.305000E+04  3.262799E-10  1.384269E-10
   1.307000E+04  3.262799E-10  1.384269E-10
   1.309000E+04  3.458567E-10  1.425191E-10
   1.311000E+04  3.719591E-10  1.477991E-10
   1.313000E+04  4.111127E-10  1.553832E-10
   1.315000E+04  2.479727E-10  1.206782E-10
   1.317000E+04  2.740751E-10  1.268706E-10
   1.319000E+04  4.176383E-10  1.566115E-10
   1.321000E+04  3.262799E-10  1.384269E-10
   1.323000E+04  3.393311E-10  1.411682E-10
   1.325000E+04  2.283959E-10  1.158167E-10
   1.327000E+04  3.197543E-10  1.370356E-10
   1.329000E+04  3.719591E-10  1.477991E-10
   1.331000E+04  2.936519E-10  1.313234E-10
   1.333000E+04  2.610239E-10  1.238131E-10
   1.335000E+04  2.544983E-10  1.222557E-10
   1.337000E+04  2.544983E-10  1.222557E-10
   1.339000E+04  2.544983E-10  1.222557E-10
   1.341000E+04  2.479727E-10  1.206782E-10
   1.343000E+04  2.675495E-10  1.253512E-10
   1.345000E+04  3.132287E-10  1.356302E-10
   1.347000E+04  2.414471E-10  1.190797E-10
   1.349000E+04  2.479727E-10  1.206782E-10
   1.351000E+04  2.283959E-10  1.158167E-10
   1.353000E+04  2.871263E-10  1.298561E-10
   1.355000E+04  1.957680E-10  1.072256E-10
   1.357000E+04  2.022935E-10  1.089980E-10
   1.359000E+04  1.957680E-10  1.072256E-10
   1.361000E+04  2.088191E-10  1.107421E-10
   1.363000E+04  2.283959E-10  1.158167E-10
   1.365000E+04  2.544983E-10  1.222557E-10
   1.367000E+04  2.675495E-10  1.253512E-10
   1.369000E+04  1.957680E-10  1.072256E-10
   1.371000E+04  2.283959E-10  1.158167E-10
   1.373000E+04  2.349215E-10  1.174596E-10
   1.375000E+04  2.610239E-10  1.238131E-10
   1.377000E+04  2.088191E-10  1.107421E-10
   1.379000E+04  1.044096E-10  7.830682E-11
   1.381000E+04  3.328055E-10  1.398042E-10
   1.383000E+04  1.827168E-10  1.035898E-10
   1.385000E+04  1.827168E-10  1.035898E-10
   1.387000E+04  1.696656E-10  9.982172E-11
   1.389000E+04  1.761912E-10  1.017232E-10
   1.391000E+04  1.761912E-10  1.017232E-10
   1.393000E+04  1.892424E-10  1.054234E-10
   1.395000E+04  1.827168E-10  1.035898E-10
   1.397000E+04  1.631400E-10  9.788327E-11
   1.399000E+04  1.631400E-10  9.788327E-11
   1.401000E+04  1.500888E-10  9.388639E-11
   1.403000E+04  2.022935E-10  1.089980E-10
   1.405000E+04  1.566144E-10  9.590566E-11
   1.407000E+04  1.631400E-10  9.788327E-11
   1.409000E+04  1.566144E-10  9.590566E-11
   1.411000E+04  1.892424E-10  1.054234E-10
   1.413000E+04  1.305120E-10  8.754959E-11
   1.415000E+04  1.631400E-10  9.788327E-11
   1.417000E+04  1.044096E-10  7.830682E-11
   1.419000E+04  8.483278E-11  7.058488E-11
   1.421000E+04  1.109352E-10  8.071680E-11
   1.423000E+04  1.174608E-10  8.305688E-11
   1.425000E+04  1.239864E-10  8.533281E-11
   1.427000E+04  9.788398E-11  7.582028E-11
   1.429000E+04  1.239864E-10  8.533281E-11
   1.431000E+04  9.788398E-11  7.582028E-11
   1.433000E+04  1.174608E-10  8.305688E-11
   1.435000E+04  1.109352E-10  8.071680E-11
   1.437000E+04  1.174608E-10  8.305688E-11
   1.439000E+04  9.788398E-11  7.582028E-11
   1.441000E+04  1.500888E-10  9.388639E-11
   1.443000E+04  1.109352E-10  8.071680E-11
   1.445000E+04  9.135838E-11  7.324937E-11
   1.447000E+04  7.178158E-11  6.492868E-11
   1.449000E+04  6.525598E-11  6.190708E-11
   1.451000E+04  7.178158E-11  6.492868E-11
   1.453000E+04  1.239864E-10  8.533281E-11
   1.455000E+04  9.135838E-11  7.324937E-11
   1.457000E+04  6.525598E-11  6.190708E-11
   1.459000E+04  3.262799E-11  4.377498E-11
   1.461000E+04  5.220479E-11  5.537141E-11
   1.463000E+04  7.830718E-11  6.781577E-11
   1.465000E+04  7.830718E-11  6.781577E-11
   1.467000E+04  6.525598E-11  6.190708E-11
   1.469000E+04  4.567919E-11  5.179523E-11
   1.471000E+04  3.262799E-11  4.377498E-11
   1.473000E+04  2.610239E-11  3.915355E-11
   1.475000E+04  4.567919E-11  5.179523E-11
   1.477000E+04  6.525598E-12  1.957679E-11
   1.479000E+04  4.567919E-11  5.179523E-11
   1.481000E+04  4.567919E-11  5.179523E-11
   1.483000E+04  2.610239E-11  3.915355E-11
   1.485000E+04  1.957680E-11  3.390797E-11
   1.487000E+04  1.957680E-11  3.390797E-11
   1.489000E+04  1.957680E-11  3.390797E-11
   1.491000E+04  1.957680E-11  3.390797E-11
   1.493000E+04  1.305120E-11  2.768575E-11
   1.495000E+04  1.000000E-35  1.000000E-35
   1.497000E+04  1.957680E-11  3.390797E-11
   1.499000E+04  1.305120E-11  2.768575E-11
   1.501000E+04  1.000000E-35  1.000000E-35
   1.503000E+04  1.000000E-35  1.000000E-35
   1.505000E+04  1.000000E-35  1.000000E-35
   1.507000E+04  1.000000E-35  1.000000E-35
   1.509000E+04  1.000000E-35  1.000000E-35
   1.511000E+04  1.000000E-35  1.000000E-35
   1.513000E+04  1.000000E-35  1.000000E-35
   1.515000E+04  1.000000E-35  1.000000E-35
   1.517000E+04  1.000000E-35  1.000000E-35
   1.519000E+04  1.000000E-35  1.000000E-35
   1.521000E+04  1.000000E-35  1.000000E-35
   1.523000E+04  1.000000E-35  1.000000E-35
   1.525000E+04  1.000000E-35  1.000000E-35
   1.527000E+04  1.000000E-35  1.000000E-35
   1.529000E+04  1.000000E-35  1.000000E-35
   1.531000E+04  1.000000E-35  1.000000E-35
   1.533000E+04  1.000000E-35  1.000000E-35
   1.535000E+04  1.000000E-35  1.000000E-35
   1.537000E+04  1.000000E-35  1.000000E-35
   1.539000E+04  1.000000E-35  1.000000E-35
   1.541000E+04  1.000000E-35  1.000000E-35
   1.543000E+04  1.000000E-35  1.000000E-35
   1.545000E+04  1.000000E-35  1.000000E-35
   1.547000E+04  1.000000E-35  1.000000E-35
   1.549000E+04  1.000000E-35  1.000000E-35
   1.551000E+04  1.000000E-35  1.000000E-35
   1.553000E+04  1.000000E-35  1.000000E-35
   1.555000E+04  1.000000E-35  1.000000E-35
   1.557000E+04  1.000000E-35  1.000000E-35
   1.559000E+04  1.000000E-35  1.000000E-35
   1.561000E+04  1.000000E-35  1.000000E-35
   1.563000E+04  1.000000E-35  1.000000E-35
   1.565000E+04  1.000000E-35  1.000000E-35
   1.567000E+04  1.000000E-35  1.000000E-35
   1.569000E+04  1.000000E-35  1.000000E-35
   1.571000E+04  1.000000E-35  1.000000E-35
   1.573000E+04  1.000000E-35  1.000000E-35
   1.575000E+04  1.000000E-35  1.000000E-35
   1.577000E+04  1.000000E-35  1.000000E-35
   1.579000E+04  1.000000E-35  1.000000E-35
   1.581000E+04  1.000000E-35  1.000000E-35
   1.583000E+04  1.000000E-35  1.000000E-35
   1.585000E+04  1.000000E-35  1.000000E-35
   1.587000E+04  1.000000E-35  1.000000E-35
   1.589000E+04  1.000000E-35  1.000000E-35
   1.591000E+04  1.000000E-35  1.000000E-35
   1.593000E+04  1.000000E-35  1.000000E-35
   1.595000E+04  1.000000E-35  1.000000E-35
   1.597000E+04  1.000000E-35  1.000000E-35
   1.599000E+04  1.000000E-35  1.000000E-35
   1.601000E+04  1.000000E-35  1.000000E-35
   1.603000E+04  1.000000E-35  1.000000E-35
   1.605000E+04  1.000000E-35  1.000000E-35
   1.607000E+04  1.000000E-35  1.000000E-35
   1.609000E+04  1.000000E-35  1.000000E-35
   1.611000E+04  1.000000E-35  1.000000E-35
   1.613000E+04  1.000000E-35  1.000000E-35
   1.615000E+04  1.000000E-35  1.000000E-35
   1.617000E+04  1.000000E-35  1.000000E-35
   1.619000E+04  1.000000E-35  1.000000E-35
   1.621000E+04  1.000000E-35  1.000000E-35
   1.623000E+04  1.000000E-35  1.000000E-35
   1.625000E+04  1.000000E-35  1.000000E-35
   1.627000E+04  1.000000E-35  1.000000E-35
   1.629000E+04  1.000000E-35  1.000000E-35
   1.631000E+04  1.000000E-35  1.000000E-35
   1.633000E+04  1.000000E-35  1.000000E-35
   1.635000E+04  1.000000E-35  1.000000E-35
   1.637000E+04  1.000000E-35  1.000000E-35
   1.639000E+04  1.000000E-35  1.000000E-35
   1.641000E+04  1.000000E-35  1.000000E-35
   1.643000E+04  1.000000E-35  1.000000E-35
   1.645000E+04  1.000000E-35  1.000000E-35
   1.647000E+04  1.000000E-35  1.000000E-35
   1.649000E+04  1.000000E-35  1.000000E-35
   1.651000E+04  1.000000E-35  1.000000E-35
   1.653000E+04  1.000000E-35  1.000000E-35
   1.655000E+04  1.000000E-35  1.000000E-35
   1.657000E+04  1.000000E-35  1.000000E-35
   1.659000E+04  1.000000E-35  1.000000E-35
   1.661000E+04  1.000000E-35  1.000000E-35
   1.663000E+04  1.000000E-35  1.000000E-35
   1.665000E+04  1.000000E-35  1.000000E-35
   1.667000E+04  1.000000E-35  1.000000E-35
   1.669000E+04  1.000000E-35  1.000000E-35
   1.671000E+04  1.000000E-35  1.000000E-35
   1.673000E+04  1.000000E-35  1.000000E-35
   1.675000E+04  1.000000E-35  1.000000E-35
   1.677000E+04  1.000000E-35  1.000000E-35
   1.679000E+04  1.000000E-35  1.000000E-35
   1.681000E+04  1.000000E-35  1.000000E-35
   1.683000E+04  1.000000E-35  1.000000E-35
   1.685000E+04  1.000000E-35  1.000000E-35
   1.687000E+04  1.000000E-35  1.000000E-35
   1.689000E+04  1.000000E-35  1.000000E-35
   1.691000E+04  1.000000E-35  1.000000E-35
   1.693000E+04  1.000000E-35  1.000000E-35
   1.695000E+04  1.000000E-35  1.000000E-35
   1.697000E+04  1.000000E-35  1.000000E-35
   1.699000E+04  1.000000E-35  1.000000E-35
   1.701000E+04  1.000000E-35  1.000000E-35
   1.703000E+04  1.000000E-35  1.000000E-35
   1.705000E+04  1.000000E-35  1.000000E-35
   1.707000E+04  1.000000E-35  1.000000E-35
   1.709000E+04  1.000000E-35  1.000000E-35
   1.711000E+04  1.000000E-35  1.000000E-35
   1.713000E+04  1.000000E-35  1.000000E-35
   1.715000E+04  1.000000E-35  1.000000E-35
   1.717000E+04  1.000000E-35  1.000000E-35
   1.719000E+04  1.000000E-35  1.000000E-35
   1.721000E+04  1.000000E-35  1.000000E-35
   1.723000E+04  1.000000E-35  1.000000E-35
   1.725000E+04  1.000000E-35  1.000000E-35
   1.727000E+04  1.000000E-35  1.000000E-35
   1.729000E+04  1.000000E-35  1.000000E-35
   1.731000E+04  1.000000E-35  1.000000E-35
   1.733000E+04  1.000000E-35  1.000000E-35
   1.735000E+04  1.000000E-35  1.000000E-35
   1.737000E+04  1.000000E-35  1.000000E-35
   1.739000E+04  1.000000E-35  1.000000E-35
   1.741000E+04  1.000000E-35  1.000000E-35
   1.743000E+04  1.000000E-35  1.000000E-35
   1.745000E+04  1.000000E-35  1.000000E-35
   1.747000E+04  1.000000E-35  1.000000E-35
   1.749000E+04  1.000000E-35  1.000000E-35
   1.751000E+04  1.000000E-35  1.000000E-35
   1.753000E+04  1.000000E-35  1.000000E-35
   1.755000E+04  1.000000E-35  1.000000E-35
   1.757000E+04  1.000000E-35  1.000000E-35
   1.759000E+04  1.000000E-35  1.000000E-35
   1.761000E+04  1.000000E-35  1.000000E-35
   1.763000E+04  1.000000E-35  1.000000E-35
   1.765000E+04  1.000000E-35  1.000000E-35
   1.767000E+04  1.000000E-35  1.000000E-35
   1.769000E+04  1.000000E-35  1.000000E-35
   1.771000E+04  1.000000E-35  1.000000E-35
   1.773000E+04  1.000000E-35  1.000000E-35
   1.775000E+04  1.000000E-35  1.000000E-35
   1.777000E+04  1.000000E-35  1.000000E-35
   1.779000E+04  1.000000E-35  1.000000E-35
   1.781000E+04  1.000000E-35  1.000000E-35
   1.783000E+04  1.000000E-35  1.000000E-35
   1.785000E+04  1.000000E-35  1.000000E-35
   1.787000E+04  1.000000E-35  1.000000E-35
   1.789000E+04  1.000000E-35  1.000000E-35
   1.791000E+04  1.000000E-35  1.000000E-35
   1.793000E+04  1.000000E-35  1.000000E-35
   1.795000E+04  1.000000E-35  1.000000E-35
   1.797000E+04  1.000000E-35  1.000000E-35
   1.799000E+04  1.000000E-35  1.000000E-35
   1.801000E+04  1.000000E-35  1.000000E-35
   1.803000E+04  1.000000E-35  1.000000E-35
   1.805000E+04  1.000000E-35  1.000000E-35
   1.807000E+04  1.000000E-35  1.000000E-35
   1.809000E+04  1.000000E-35  1.000000E-35
   1.811000E+04  1.000000E-35  1.000000E-35
   1.813000E+04  1.000000E-35  1.000000E-35
   1.815000E+04  1.000000E-35  1.000000E-35
   1.817000E+04  1.000000E-35  1.000000E-35
   1.819000E+04  1.000000E-35  1.000000E-35
   1.821000E+04  1.000000E-35  1.000000E-35
   1.823000E+04  1.000000E-35  1.000000E-35
   1.825000E+04  1.000000E-35  1.000000E-35
   1.827000E+04  1.000000E-35  1.000000E-35
   1.829000E+04  1.000000E-35  1.000000E-35
   1.831000E+04  1.000000E-35  1.000000E-35
   1.833000E+04  1.000000E-35  1.000000E-35
   1.835000E+04  1.000000E-35  1.000000E-35
   1.837000E+04  1.000000E-35  1.000000E-35
   1.839000E+04  1.000000E-35  1.000000E-35
   1.841000E+04  1.000000E-35  1.000000E-35
   1.843000E+04  1.000000E-35  1.000000E-35
   1.845000E+04  1.000000E-35  1.000000E-35
   1.847000E+04  1.000000E-35  1.000000E-35
   1.849000E+04  1.000000E-35  1.000000E-35
   1.851000E+04  1.000000E-35  1.000000E-35
   1.853000E+04  1.000000E-35  1.000000E-35
   1.855000E+04  1.000000E-35  1.000000E-35
   1.857000E+04  1.000000E-35  1.000000E-35
   1.859000E+04  1.000000E-35  1.000000E-35
   1.861000E+04  1.000000E-35  1.000000E-35
   1.863000E+04  1.000000E-35  1.000000E-35
   1.865000E+04  1.000000E-35  1.000000E-35
   1.867000E+04  1.000000E-35  1.000000E-35
   1.869000E+04  1.000000E-35  1.000000E-35
   1.871000E+04  1.000000E-35  1.000000E-35
   1.873000E+04  1.000000E-35  1.000000E-35
   1.875000E+04  1.000000E-35  1.000000E-35
   1.877000E+04  1.000000E-35  1.000000E-35
   1.879000E+04  1.000000E-35  1.000000E-35
   1.881000E+04  1.000000E-35  1.000000E-35
   1.883000E+04  1.000000E-35  1.000000E-35
   1.885000E+04  1.000000E-35  1.000000E-35
   1.887000E+04  1.000000E-35  1.000000E-35
   1.889000E+04  1.000000E-35  1.000000E-35
   1.891000E+04  1.000000E-35  1.000000E-35
   1.893000E+04  1.000000E-35  1.000000E-35
   1.895000E+04  1.000000E-35  1.000000E-35
   1.897000E+04  1.000000E-35  1.000000E-35
   1.899000E+04  1.000000E-35  1.000000E-35
   1.901000E+04  1.000000E-35  1.000000E-35
   1.903000E+04  1.000000E-35  1.000000E-35
   1.905000E+04  1.000000E-35  1.000000E-35
   1.907000E+04  1.000000E-35  1.000000E-35
   1.909000E+04  1.000000E-35  1.000000E-35
   1.911000E+04  1.000000E-35  1.000000E-35
   1.913000E+04  1.000000E-35  1.000000E-35
   1.915000E+04  1.000000E-35  1.000000E-35
   1.917000E+04  1.000000E-35  1.000000E-35
   1.919000E+04  1.000000E-35  1.000000E-35
   1.921000E+04  1.000000E-35  1.000000E-35
   1.923000E+04  1.000000E-35  1.000000E-35
   1.925000E+04  1.000000E-35  1.000000E-35
   1.927000E+04  1.000000E-35  1.000000E-35
   1.929000E+04  1.000000E-35  1.000000E-35
   1.931000E+04  1.000000E-35  1.000000E-35
   1.933000E+04  1.000000E-35  1.000000E-35
   1.935000E+04  1.000000E-35  1.000000E-35
   1.937000E+04  1.000000E-35  1.000000E-35
   1.939000E+04  1.000000E-35  1.000000E-35
   1.941000E+04  1.000000E-35  1.000000E-35
   1.943000E+04  1.000000E-35  1.000000E-35
   1.945000E+04  1.000000E-35  1.000000E-35
   1.947000E+04  1.000000E-35  1.000000E-35
   1.949000E+04  1.000000E-35  1.000000E-35
   1.951000E+04  1.000000E-35  1.000000E-35
   1.953000E+04  1.000000E-35  1.000000E-35
   1.955000E+04  1.000000E-35  1.000000E-35
   1.957000E+04  1.000000E-35  1.000000E-35
   1.959000E+04  1.000000E-35  1.000000E-35
   1.961000E+04  1.000000E-35  1.000000E-35
   1.963000E+04  1.000000E-35  1.000000E-35
   1.965000E+04  1.000000E-35  1.000000E-35
   1.967000E+04  1.000000E-35  1.000000E-35
   1.969000E+04  1.000000E-35  1.000000E-35
   1.971000E+04  1.000000E-35  1.000000E-35
   1.973000E+04  1.000000E-35  1.000000E-35
   1.975000E+04  1.000000E-35  1.000000E-35
   1.977000E+04  1.000000E-35  1.000000E-35
   1.979000E+04  1.000000E-35  1.000000E-35
   1.981000E+04  1.000000E-35  1.000000E-35
   1.983000E+04  1.000000E-35  1.000000E-35
   1.985000E+04  1.000000E-35  1.000000E-35
   1.987000E+04  1.000000E-35  1.000000E-35
   1.989000E+04  1.000000E-35  1.000000E-35
   1.991000E+04  1.000000E-35  1.000000E-35
   1.993000E+04  1.000000E-35  1.000000E-35
   1.995000E+04  1.000000E-35  1.000000E-35
   1.997000E+04  1.000000E-35  1.000000E-35
   1.999000E+04  1.000000E-35  1.000000E-35
