 #  Results from PENEPMA. Output from photon detector #  1
 #
 #  Angular intervals : theta_1 = 4.500000E+01,  theta_2 = 5.500000E+01
 #                        phi_1 = 0.000000E+00,    phi_2 = 3.600000E+02
 #  Energy window = ( 0.00000E+00, 2.00000E+04) eV, no. of channels =  1000
 #  Channel width = 2.000000E+01 eV
 #
 #  Whole spectrum. Characteristic peaks and background.
 #  1st column: photon energy (eV).
 #  2nd column: probability density (1/(eV*sr*electron)).
 #  3rd column: statistical uncertainty (3 sigma).
 #
   1.000000E+01  1.000000E-35  1.000000E-35
   3.000000E+01  1.000000E-35  1.000000E-35
   5.000001E+01  1.000000E-35  1.000000E-35
   7.000001E+01  1.000000E-35  1.000000E-35
   9.000001E+01  1.000000E-35  1.000000E-35
   1.100000E+02  1.118143E-08  4.560167E-10
   1.300000E+02  1.032153E-08  1.710238E-09
   1.500000E+02  1.169750E-08  2.384057E-09
   1.700000E+02  1.138889E-08  1.716083E-09
   1.900000E+02  1.233187E-08  1.263227E-09
   2.100000E+02  1.359279E-08  5.028102E-10
   2.300000E+02  1.635918E-08  2.402065E-09
   2.500000E+02  1.677008E-08  5.589254E-10
   2.700000E+02  1.976927E-08  2.113605E-09
   2.900000E+02  2.099458E-08  1.325384E-09
   3.100000E+02  5.594159E-08  1.082618E-08
   3.300000E+02  2.565677E-08  1.791714E-09
   3.500000E+02  2.630296E-08  1.795068E-09
   3.700000E+02  2.636389E-08  7.006756E-10
   3.900000E+02  2.912878E-08  1.381472E-09
   4.100000E+02  3.415421E-08  3.781686E-09
   4.300000E+02  3.184106E-08  7.689660E-10
   4.500000E+02  3.361498E-08  1.411167E-09
   4.700000E+02  3.479951E-08  8.043001E-10
   4.900000E+02  3.590816E-08  8.170262E-10
   5.100001E+02  3.733680E-08  8.331552E-10
   5.300001E+02  4.749366E-06  1.287539E-07
   5.500001E+02  1.949631E-07  2.517073E-08
   5.700001E+02  1.110997E-07  1.839096E-08
   5.900001E+02  1.549627E-08  5.366795E-10
   6.100001E+02  4.538441E-07  3.922545E-08
   6.300001E+02  2.905279E-07  3.101429E-08
   6.500001E+02  5.443432E-08  1.155749E-08
   6.700001E+02  1.499303E-08  1.282635E-09
   6.900001E+02  1.578168E-08  1.288291E-09
   7.100001E+02  2.670592E-07  2.974776E-08
   7.300001E+02  3.515122E-08  9.015375E-09
   7.500001E+02  1.187924E-08  4.701551E-10
   7.700001E+02  1.213524E-08  4.747731E-10
   7.900001E+02  5.042297E-08  1.155366E-08
   8.100001E+02  1.303124E-08  4.922705E-10
   8.300001E+02  1.360104E-08  5.026573E-10
   8.500001E+02  1.404955E-08  1.275830E-09
   8.700001E+02  1.351640E-08  5.010173E-10
   8.900001E+02  1.402014E-08  5.104774E-10
   9.100001E+02  1.466221E-08  5.221518E-10
   9.300001E+02  1.454246E-08  5.198008E-10
   9.500001E+02  1.502350E-08  5.283803E-10
   9.700001E+02  1.585756E-08  5.426698E-10
   9.900001E+02  1.603511E-08  5.459741E-10
   1.010000E+03  1.598763E-08  5.453083E-10
   1.030000E+03  1.673498E-08  5.576559E-10
   1.050000E+03  1.648930E-08  5.538362E-10
   1.070000E+03  1.661317E-08  5.563874E-10
   1.090000E+03  1.722221E-08  5.657602E-10
   1.110000E+03  1.756079E-08  5.713443E-10
   1.130000E+03  1.751330E-08  5.705739E-10
   1.150000E+03  1.800672E-08  5.784628E-10
   1.170000E+03  1.800672E-08  5.785291E-10
   1.190000E+03  1.858272E-08  5.876134E-10
   1.210000E+03  1.859924E-08  5.880042E-10
   1.230000E+03  1.854350E-08  5.872562E-10
   1.250000E+03  3.313849E-07  3.313404E-08
   1.270000E+03  1.889447E-08  5.925066E-10
   1.290000E+03  1.915253E-08  5.965910E-10
   1.310000E+03  1.878711E-08  5.909560E-10
   1.330000E+03  1.833292E-08  5.836626E-10
   1.350000E+03  1.879743E-08  5.911826E-10
   1.370000E+03  1.883666E-08  5.916023E-10
   1.390000E+03  1.844027E-08  5.854293E-10
   1.410000E+03  1.912156E-08  5.960457E-10
   1.430000E+03  1.906376E-08  5.954047E-10
   1.450000E+03  1.867976E-08  5.892060E-10
   1.470000E+03  1.899976E-08  5.940856E-10
   1.490000E+03  1.795354E-06  7.895549E-08
   1.510000E+03  1.856621E-08  5.874183E-10
   1.530000E+03  1.879537E-08  5.907608E-10
   1.550000E+03  3.319539E-08  7.153824E-09
   1.570000E+03  1.713756E-08  5.643724E-10
   1.590000E+03  1.654298E-08  5.543184E-10
   1.610000E+03  1.659872E-08  5.553184E-10
   1.630000E+03  1.673498E-08  5.578622E-10
   1.650000E+03  1.661730E-08  5.556973E-10
   1.670000E+03  1.681963E-08  5.591976E-10
   1.690000E+03  1.662143E-08  5.558352E-10
   1.710000E+03  1.670608E-08  5.573820E-10
   1.730000E+03  2.813986E-06  9.905160E-08
   1.750000E+03  1.669988E-08  5.572790E-10
   1.770000E+03  1.637576E-08  5.513771E-10
   1.790000E+03  1.627253E-08  5.500583E-10
   1.810000E+03  1.649756E-08  5.534894E-10
   1.830000E+03  6.165679E-08  1.258138E-08
   1.850000E+03  1.447640E-08  5.187694E-10
   1.870000E+03  1.435509E-08  1.277958E-09
   1.890000E+03  1.419150E-08  5.135046E-10
   1.910000E+03  1.415433E-08  5.126090E-10
   1.930000E+03  1.381988E-08  5.066768E-10
   1.950000E+03  1.392311E-08  5.088633E-10
   1.970000E+03  1.384259E-08  5.071677E-10
   1.990000E+03  1.427201E-08  5.152537E-10
   2.010000E+03  1.391072E-08  5.084113E-10
   2.030000E+03  1.383227E-08  5.067519E-10
   2.050000E+03  1.394169E-08  5.089002E-10
   2.070000E+03  1.377446E-08  5.057693E-10
   2.090000E+03  1.368569E-08  5.041397E-10
   2.110000E+03  1.361343E-08  5.032669E-10
   2.130000E+03  1.363820E-08  5.034945E-10
   2.150000E+03  1.367537E-08  5.042543E-10
   2.170000E+03  1.370427E-08  5.043291E-10
   2.190000E+03  1.357833E-08  5.023147E-10
   2.210000E+03  1.343175E-08  4.993719E-10
   2.230000E+03  1.329137E-08  4.970679E-10
   2.250000E+03  1.355150E-08  5.020484E-10
   2.270000E+03  1.299408E-08  4.915702E-10
   2.290000E+03  1.321291E-08  4.953703E-10
   2.310000E+03  1.322117E-08  4.956797E-10
   2.330000E+03  1.325833E-08  4.961423E-10
   2.350000E+03  1.268853E-08  4.854575E-10
   2.370000E+03  1.298582E-08  4.911021E-10
   2.390000E+03  1.287433E-08  4.889146E-10
   2.410000E+03  1.304982E-08  4.924645E-10
   2.430000E+03  1.302917E-08  4.921537E-10
   2.450000E+03  1.283098E-08  4.884061E-10
   2.470000E+03  1.265549E-08  4.850636E-10
   2.490000E+03  1.255640E-08  4.832452E-10
   2.510000E+03  1.290324E-08  4.895407E-10
   2.530000E+03  1.220130E-08  4.761421E-10
   2.550000E+03  1.198246E-08  4.717801E-10
   2.570000E+03  1.236440E-08  4.793074E-10
   2.590000E+03  1.199072E-08  4.721049E-10
   2.610000E+03  1.181317E-08  4.686867E-10
   2.630000E+03  1.228801E-08  4.779078E-10
   2.650000E+03  1.221575E-08  4.763429E-10
   2.670000E+03  1.192465E-08  4.710500E-10
   2.690000E+03  1.186065E-08  4.694618E-10
   2.710000E+03  1.204027E-08  4.729959E-10
   2.730000E+03  1.162117E-08  4.647076E-10
   2.750000E+03  1.168517E-08  4.659006E-10
   2.770000E+03  1.160465E-08  4.646257E-10
   2.790000E+03  1.170375E-08  4.661056E-10
   2.810000E+03  1.135485E-08  4.591956E-10
   2.830000E+03  1.149936E-08  4.622707E-10
   2.850000E+03  1.154685E-08  4.633050E-10
   2.870000E+03  1.145394E-08  4.612756E-10
   2.890000E+03  1.130324E-08  4.584033E-10
   2.910000E+03  1.116698E-08  4.555543E-10
   2.930000E+03  1.124336E-08  4.571905E-10
   2.950000E+03  1.084904E-08  4.489501E-10
   2.970000E+03  1.081601E-08  4.482673E-10
   2.990000E+03  1.106375E-08  4.534481E-10
   3.010000E+03  1.110504E-08  4.542918E-10
   3.030000E+03  1.110504E-08  4.542073E-10
   3.050000E+03  1.082014E-08  4.484383E-10
   3.070000E+03  1.050633E-08  4.419876E-10
   3.090000E+03  1.043201E-08  4.402511E-10
   3.110000E+03  1.026272E-08  4.367580E-10
   3.130000E+03  1.026891E-08  4.368017E-10
   3.150000E+03  1.033291E-08  4.381585E-10
   3.170000E+03  1.033085E-08  4.382899E-10
   3.190000E+03  1.014091E-08  4.338985E-10
   3.210000E+03  1.017188E-08  4.347365E-10
   3.230000E+03  1.015330E-08  4.343399E-10
   3.250000E+03  9.765169E-09  4.258809E-10
   3.270000E+03  1.006246E-08  4.323958E-10
   3.290000E+03  9.940653E-09  4.297751E-10
   3.310000E+03  9.783750E-09  4.265553E-10
   3.330000E+03  9.684653E-09  4.243045E-10
   3.350000E+03  9.602072E-09  4.222229E-10
   3.370000E+03  9.366717E-09  4.172043E-10
   3.390000E+03  9.754847E-09  4.256560E-10
   3.410000E+03  9.610330E-09  4.225859E-10
   3.430000E+03  9.410072E-09  4.180753E-10
   3.450000E+03  9.088007E-09  4.108673E-10
   3.470000E+03  9.381169E-09  4.175254E-10
   3.490000E+03  9.106588E-09  4.115663E-10
   3.510000E+03  9.358459E-09  4.172045E-10
   3.530000E+03  9.015749E-09  4.093263E-10
   3.550000E+03  8.953814E-09  4.079202E-10
   3.570000E+03  8.993040E-09  4.087175E-10
   3.590000E+03  8.685427E-09  4.015792E-10
   3.610000E+03  8.788652E-09  4.040518E-10
   3.630000E+03  8.834072E-09  4.054719E-10
   3.650000E+03  8.790717E-09  4.041941E-10
   3.670000E+03  8.348910E-09  3.937282E-10
   3.690000E+03  1.415320E-07  2.145665E-08
   3.710000E+03  8.518201E-09  3.980829E-10
   3.730000E+03  8.481039E-09  3.971193E-10
   3.750000E+03  8.324136E-09  3.933391E-10
   3.770000E+03  8.128007E-09  3.886855E-10
   3.790000E+03  8.247749E-09  3.914353E-10
   3.810000E+03  8.208523E-09  3.905044E-10
   3.830000E+03  8.344781E-09  3.939232E-10
   3.850000E+03  8.214716E-09  3.908479E-10
   3.870000E+03  7.977297E-09  3.849715E-10
   3.890000E+03  7.936007E-09  3.839751E-10
   3.910000E+03  8.061942E-09  3.870062E-10
   3.930000E+03  7.917426E-09  3.836259E-10
   3.950000E+03  7.838974E-09  3.817237E-10
   3.970000E+03  7.814200E-09  3.809197E-10
   3.990000E+03  7.816265E-09  3.810707E-10
   4.010000E+03  2.206920E-08  7.043046E-09
   4.030000E+03  7.686200E-09  3.778905E-10
   4.050000E+03  7.690329E-09  3.779919E-10
   4.070000E+03  7.386845E-09  3.704672E-10
   4.090000E+03  7.521038E-09  3.737105E-10
   4.110000E+03  7.370329E-09  3.700533E-10
   4.130000E+03  7.417813E-09  3.712420E-10
   4.150000E+03  7.494200E-09  3.732492E-10
   4.170000E+03  7.572651E-09  3.751944E-10
   4.190000E+03  7.242329E-09  3.667250E-10
   4.210000E+03  7.101941E-09  3.631554E-10
   4.230000E+03  7.147361E-09  3.643141E-10
   4.250000E+03  7.149425E-09  3.644719E-10
   4.270000E+03  7.062715E-09  3.624693E-10
   4.290000E+03  7.145296E-09  3.642615E-10
   4.310000E+03  6.777812E-09  3.549924E-10
   4.330000E+03  6.870715E-09  3.571980E-10
   4.350000E+03  7.044135E-09  3.618873E-10
   4.370000E+03  6.823231E-09  3.560700E-10
   4.390000E+03  6.742715E-09  3.539653E-10
   4.410000E+03  6.903748E-09  3.581623E-10
   4.430000E+03  6.530070E-09  3.482355E-10
   4.450000E+03  6.742715E-09  3.538570E-10
   4.470000E+03  6.515618E-09  3.479604E-10
   4.490000E+03  6.290586E-09  3.420180E-10
   4.510000E+03  6.544522E-09  3.489504E-10
   4.530000E+03  6.338070E-09  3.431923E-10
   4.550000E+03  6.395876E-09  3.446407E-10
   4.570000E+03  6.416521E-09  3.451962E-10
   4.590000E+03  6.445425E-09  3.460832E-10
   4.610000E+03  6.216263E-09  3.398824E-10
   4.630000E+03  6.220392E-09  3.399951E-10
   4.650000E+03  6.232779E-09  3.402204E-10
   4.670000E+03  6.146070E-09  3.379602E-10
   4.690000E+03  5.968521E-09  3.329335E-10
   4.710000E+03  6.022199E-09  3.346559E-10
   4.730000E+03  5.989166E-09  3.335085E-10
   4.750000E+03  6.201812E-09  3.394876E-10
   4.770000E+03  6.139876E-09  3.377901E-10
   4.790000E+03  5.929295E-09  3.319538E-10
   4.810000E+03  5.976779E-09  3.335089E-10
   4.830000E+03  5.850844E-09  3.297530E-10
   4.850000E+03  5.788908E-09  3.280051E-10
   4.870000E+03  5.793037E-09  3.280050E-10
   4.890000E+03  5.627876E-09  3.232976E-10
   4.910000E+03  5.621682E-09  3.231197E-10
   4.930000E+03  5.516392E-09  3.200809E-10
   4.950000E+03  5.634069E-09  3.235939E-10
   4.970000E+03  5.834327E-09  3.291713E-10
   4.990000E+03  5.475101E-09  3.188813E-10
   5.010001E+03  5.667101E-09  3.244218E-10
   5.030001E+03  5.312004E-09  3.140979E-10
   5.050001E+03  5.578327E-09  3.221102E-10
   5.070001E+03  5.423488E-09  3.173754E-10
   5.090001E+03  5.446198E-09  3.181594E-10
   5.110001E+03  5.361553E-09  3.156803E-10
   5.130001E+03  5.175746E-09  3.101687E-10
   5.150001E+03  5.167488E-09  3.099215E-10
   5.170001E+03  5.264520E-09  3.128142E-10
   5.190001E+03  5.217037E-09  3.114020E-10
   5.210001E+03  5.128262E-09  3.086201E-10
   5.230001E+03  5.144778E-09  3.091165E-10
   5.250001E+03  5.192262E-09  3.105391E-10
   5.270001E+03  5.250069E-09  3.122622E-10
   5.290001E+03  5.208778E-09  3.110324E-10
   5.310001E+03  5.229424E-09  3.116479E-10
   5.330001E+03  5.078714E-09  3.071262E-10
   5.350001E+03  5.078714E-09  3.071262E-10
   5.370001E+03  5.175746E-09  3.101687E-10
   5.390001E+03  4.971359E-09  3.038642E-10
   5.410001E+03  5.037424E-09  3.060011E-10
   5.430001E+03  4.820649E-09  2.993528E-10
   5.450001E+03  4.907359E-09  3.020297E-10
   5.470001E+03  4.888778E-09  3.013308E-10
   5.490001E+03  4.727746E-09  2.965872E-10
   5.510001E+03  4.779359E-09  2.983269E-10
   5.530001E+03  4.589423E-09  2.919630E-10
   5.550001E+03  4.874327E-09  3.008853E-10
   5.570001E+03  4.498584E-09  2.890602E-10
   5.590001E+03  4.638972E-09  2.935342E-10
   5.610001E+03  4.630713E-09  2.932729E-10
   5.630001E+03  4.715359E-09  2.959401E-10
   5.650001E+03  4.610068E-09  2.926187E-10
   5.670001E+03  4.949152E-09  1.207665E-09
   5.690001E+03  4.636907E-09  2.934689E-10
   5.710001E+03  4.651359E-09  2.940562E-10
   5.730001E+03  4.434584E-09  2.869974E-10
   5.750001E+03  4.318971E-09  2.836389E-10
   5.770001E+03  4.341681E-09  2.839763E-10
   5.790001E+03  4.265294E-09  2.816042E-10
   5.810001E+03  4.137294E-09  2.772139E-10
   5.830001E+03  4.810829E-09  1.206601E-09
   5.850001E+03  4.372649E-09  2.849869E-10
   5.870001E+03  4.300391E-09  2.826232E-10
   5.890001E+03  3.593468E-07  3.455490E-08
   5.910001E+03  4.186842E-09  2.788683E-10
   5.930001E+03  4.211616E-09  2.799661E-10
   5.950001E+03  4.207487E-09  2.796920E-10
   5.970001E+03  4.056778E-09  2.747834E-10
   5.990001E+03  3.943229E-09  2.706364E-10
   6.010001E+03  4.217810E-09  2.798974E-10
   6.030001E+03  3.986584E-09  2.721197E-10
   6.050001E+03  4.211616E-09  2.796919E-10
   6.070001E+03  3.926713E-09  2.700692E-10
   6.090001E+03  4.005165E-09  2.728935E-10
   6.110001E+03  3.912261E-09  2.695720E-10
   6.130001E+03  3.978326E-09  2.718378E-10
   6.150001E+03  3.736777E-09  2.634587E-10
   6.170001E+03  3.720261E-09  2.628760E-10
   6.190001E+03  3.862713E-09  2.678600E-10
   6.210001E+03  3.972132E-09  2.719085E-10
   6.230001E+03  3.784261E-09  2.652715E-10
   6.250001E+03  3.922584E-09  2.700693E-10
   6.270001E+03  3.759487E-09  2.642578E-10
   6.290001E+03  3.815229E-09  2.663531E-10
   6.310001E+03  3.868906E-09  2.680746E-10
   6.330001E+03  3.590197E-09  2.582413E-10
   6.350001E+03  3.844132E-09  2.672152E-10
   6.370001E+03  3.875100E-09  2.685748E-10
   6.390001E+03  2.030428E-07  2.589552E-08
   6.410001E+03  3.624373E-07  3.463427E-08
   6.430001E+03  3.536519E-09  2.563041E-10
   6.450001E+03  3.557164E-09  2.570509E-10
   6.470001E+03  3.445680E-09  2.531435E-10
   6.490001E+03  5.681528E-08  1.341889E-08
   6.510001E+03  3.536519E-09  2.563041E-10
   6.530001E+03  3.509680E-09  2.556303E-10
   6.550001E+03  3.439487E-09  2.530678E-10
   6.570001E+03  3.303229E-09  2.477085E-10
   6.590001E+03  3.356906E-09  2.497125E-10
   6.610001E+03  3.311487E-09  2.480179E-10
   6.630001E+03  3.249551E-09  2.456882E-10
   6.650001E+03  3.286712E-09  2.473990E-10
   6.670001E+03  3.247487E-09  2.456102E-10
   6.690001E+03  3.387874E-09  2.508614E-10
   6.710001E+03  3.352777E-09  2.495589E-10
   6.730001E+03  3.187616E-09  2.433362E-10
   6.750001E+03  3.311487E-09  2.480179E-10
   6.770001E+03  3.276390E-09  2.467004E-10
   6.790001E+03  3.214454E-09  2.445151E-10
   6.810001E+03  3.259874E-09  2.460780E-10
   6.830001E+03  3.175228E-09  2.428630E-10
   6.850001E+03  3.086454E-09  2.394448E-10
   6.870001E+03  3.119486E-09  2.407224E-10
   6.890001E+03  3.074067E-09  2.389640E-10
   6.910001E+03  3.010067E-09  2.364640E-10
   6.930001E+03  3.084390E-09  2.393647E-10
   6.950001E+03  3.003873E-09  2.362206E-10
   6.970001E+03  3.014196E-09  2.366261E-10
   6.990001E+03  2.989422E-09  2.356519E-10
   7.010001E+03  3.047228E-09  2.379188E-10
   7.030001E+03  2.853164E-09  2.302200E-10
   7.050001E+03  7.391457E-08  1.546421E-08
   7.070001E+03  3.061680E-09  2.386429E-10
   7.090001E+03  2.999744E-09  2.360583E-10
   7.110001E+03  3.386312E-09  1.195590E-09
   7.130001E+03  2.964648E-09  2.346736E-10
   7.150001E+03  2.873809E-09  2.310512E-10
   7.170001E+03  2.762325E-09  2.265263E-10
   7.190001E+03  2.706583E-09  2.242296E-10
   7.210001E+03  2.865551E-09  2.307191E-10
   7.230001E+03  2.764389E-09  2.266109E-10
   7.250001E+03  2.813938E-09  2.286323E-10
   7.270001E+03  2.698325E-09  2.238874E-10
   7.290001E+03  2.710712E-09  2.244006E-10
   7.310001E+03  2.838712E-09  2.296363E-10
   7.330001E+03  2.638454E-09  2.213901E-10
   7.350001E+03  2.704518E-09  2.241441E-10
   7.370001E+03  2.708647E-09  2.243151E-10
   7.390001E+03  2.617809E-09  2.205225E-10
   7.410001E+03  2.727228E-09  2.250830E-10
   7.430001E+03  2.549680E-09  2.176346E-10
   7.450001E+03  2.572389E-09  2.186015E-10
   7.470001E+03  2.650841E-09  2.219091E-10
   7.490001E+03  2.496002E-09  2.153320E-10
   7.510001E+03  2.586841E-09  2.192145E-10
   7.530001E+03  2.520776E-09  2.163978E-10
   7.550001E+03  2.630196E-09  2.210435E-10
   7.570001E+03  2.537292E-09  2.171054E-10
   7.590001E+03  2.446454E-09  2.131844E-10
   7.610001E+03  2.429937E-09  2.124637E-10
   7.630001E+03  2.392776E-09  2.108332E-10
   7.650001E+03  2.334970E-09  2.084555E-10
   7.670001E+03  2.572389E-09  2.187769E-10
   7.690001E+03  2.394841E-09  2.109241E-10
   7.710001E+03  2.380389E-09  2.102868E-10
   7.730001E+03  2.448518E-09  2.132743E-10
   7.750001E+03  2.361808E-09  2.096477E-10
   7.770001E+03  2.417550E-09  2.119216E-10
   7.790001E+03  2.355615E-09  2.091899E-10
   7.810001E+03  2.223486E-09  2.032395E-10
   7.830001E+03  2.326712E-09  2.079028E-10
   7.850001E+03  2.407228E-09  2.114688E-10
   7.870001E+03  2.343228E-09  2.086393E-10
   7.890001E+03  2.273034E-09  2.054911E-10
   7.910001E+03  2.258583E-09  2.048369E-10
   7.930001E+03  2.324647E-09  2.078106E-10
   7.950001E+03  2.209034E-09  2.025781E-10
   7.970001E+03  2.227615E-09  2.034281E-10
   7.990001E+03  2.169808E-09  2.007717E-10
   8.010001E+03  2.273034E-09  2.054911E-10
   8.030001E+03  2.120260E-09  1.984665E-10
   8.050001E+03  2.299873E-09  2.067005E-10
   8.070001E+03  2.109937E-09  1.979829E-10
   8.090001E+03  2.128518E-09  1.988526E-10
   8.110001E+03  2.138840E-09  1.995265E-10
   8.130001E+03  2.093421E-09  1.972066E-10
   8.150001E+03  2.056260E-09  1.954488E-10
   8.170001E+03  2.072776E-09  1.962320E-10
   8.190001E+03  2.211099E-09  2.026727E-10
   8.210001E+03  2.039744E-09  1.946624E-10
   8.230001E+03  2.198711E-09  2.021043E-10
   8.250001E+03  2.012905E-09  1.933777E-10
   8.270001E+03  2.054195E-09  1.953506E-10
   8.290001E+03  2.035615E-09  1.944653E-10
   8.310001E+03  2.048002E-09  1.952525E-10
   8.330001E+03  1.946840E-09  1.901783E-10
   8.350001E+03  2.014969E-09  1.934768E-10
   8.370001E+03  2.081034E-09  1.966224E-10
   8.390001E+03  2.070711E-09  1.961342E-10
   8.410001E+03  1.971615E-09  1.913844E-10
   8.430001E+03  1.946840E-09  1.901783E-10
   8.450001E+03  1.973679E-09  1.914845E-10
   8.470001E+03  1.940647E-09  1.898756E-10
   8.490001E+03  1.886969E-09  1.872317E-10
   8.510001E+03  1.895227E-09  1.876409E-10
   8.530001E+03  1.899356E-09  1.878451E-10
   8.550001E+03  1.862195E-09  1.859987E-10
   8.570001E+03  1.955098E-09  1.905812E-10
   8.590001E+03  1.866324E-09  1.862048E-10
   8.610001E+03  1.893163E-09  1.875387E-10
   8.630001E+03  1.769292E-09  1.813004E-10
   8.650001E+03  1.884905E-09  1.871292E-10
   8.670001E+03  1.804389E-09  1.830895E-10
   8.690001E+03  1.872518E-09  1.865134E-10
   8.710001E+03  1.856002E-09  1.856892E-10
   8.730001E+03  1.769292E-09  1.815119E-10
   8.750001E+03  1.787872E-09  1.822498E-10
   8.770001E+03  1.810582E-09  1.834034E-10
   8.790001E+03  1.750711E-09  1.803460E-10
   8.810001E+03  1.670195E-09  1.761507E-10
   8.830001E+03  1.777550E-09  1.817229E-10
   8.850001E+03  1.670195E-09  1.761507E-10
   8.870001E+03  1.769292E-09  1.815119E-10
   8.890001E+03  1.752776E-09  1.804523E-10
   8.910001E+03  1.777550E-09  1.817229E-10
   8.930001E+03  1.614453E-09  1.731867E-10
   8.950001E+03  1.651614E-09  1.751683E-10
   8.970001E+03  1.624776E-09  1.737394E-10
   8.990001E+03  1.701163E-09  1.777760E-10
   9.010001E+03  1.583485E-09  1.715179E-10
   9.030001E+03  1.684647E-09  1.769110E-10
   9.050001E+03  1.678453E-09  1.765856E-10
   9.070001E+03  1.525679E-09  1.683584E-10
   9.090001E+03  1.647485E-09  1.749492E-10
   9.110001E+03  1.637163E-09  1.744003E-10
   9.130001E+03  1.552517E-09  1.698326E-10
   9.150001E+03  1.560775E-09  1.702837E-10
   9.170001E+03  1.610324E-09  1.729651E-10
   9.190001E+03  1.519485E-09  1.680164E-10
   9.210001E+03  1.521550E-09  1.681305E-10
   9.230001E+03  1.484388E-09  1.660649E-10
   9.250001E+03  1.579356E-09  1.712941E-10
   9.270001E+03  1.507098E-09  1.673302E-10
   9.290001E+03  1.463743E-09  1.649062E-10
   9.310001E+03  1.556646E-09  1.700583E-10
   9.330001E+03  1.476130E-09  1.656024E-10
   9.350001E+03  1.517421E-09  1.679022E-10
   9.370001E+03  1.469937E-09  1.652546E-10
   9.390001E+03  1.445162E-09  1.638563E-10
   9.410001E+03  1.494711E-09  1.666413E-10
   9.430001E+03  1.507098E-09  1.673302E-10
   9.450001E+03  1.348130E-09  1.582605E-10
   9.470001E+03  1.383227E-09  1.603071E-10
   9.490001E+03  1.457550E-09  1.645570E-10
   9.510001E+03  1.350195E-09  1.583816E-10
   9.530001E+03  1.434840E-09  1.632701E-10
   9.550001E+03  1.428646E-09  1.629174E-10
   9.570001E+03  1.391485E-09  1.607848E-10
   9.590001E+03  1.364646E-09  1.594676E-10
   9.610001E+03  1.391485E-09  1.607848E-10
   9.630001E+03  1.399743E-09  1.612612E-10
   9.650001E+03  1.416259E-09  1.622097E-10
   9.670001E+03  1.280001E-09  1.542101E-10
   9.690001E+03  1.257291E-09  1.528362E-10
   9.710001E+03  1.306840E-09  1.558183E-10
   9.730001E+03  1.374969E-09  1.598279E-10
   9.750001E+03  1.350195E-09  1.583816E-10
   9.770001E+03  1.263485E-09  1.532121E-10
   9.790001E+03  1.358453E-09  1.588651E-10
   9.810001E+03  1.282066E-09  1.543344E-10
   9.830001E+03  1.302711E-09  1.555720E-10
   9.850001E+03  1.370840E-09  1.595877E-10
   9.870001E+03  1.226324E-09  1.509424E-10
   9.890001E+03  1.180904E-09  1.481211E-10
   9.910001E+03  1.308904E-09  1.559413E-10
   9.930001E+03  1.296517E-09  1.552017E-10
   9.950001E+03  1.296517E-09  1.552017E-10
   9.970001E+03  1.257291E-09  1.528362E-10
   9.990001E+03  1.205678E-09  1.496666E-10
   1.001000E+04  1.224259E-09  1.508153E-10
   1.003000E+04  1.226324E-09  1.509424E-10
   1.005000E+04  1.213936E-09  1.501782E-10
   1.007000E+04  1.139614E-09  1.455088E-10
   1.009000E+04  1.106582E-09  1.433846E-10
   1.011000E+04  1.131356E-09  1.449806E-10
   1.013000E+04  1.156130E-09  1.465593E-10
   1.015000E+04  1.131356E-09  1.449806E-10
   1.017000E+04  1.222195E-09  1.506881E-10
   1.019000E+04  1.166453E-09  1.472120E-10
   1.021000E+04  1.108646E-09  1.435183E-10
   1.023000E+04  1.096259E-09  1.427143E-10
   1.025000E+04  1.172646E-09  1.476023E-10
   1.027000E+04  1.017807E-09  1.375135E-10
   1.029000E+04  1.017807E-09  1.375135E-10
   1.031000E+04  1.069420E-09  1.409567E-10
   1.033000E+04  1.038452E-09  1.389010E-10
   1.035000E+04  1.106582E-09  1.433846E-10
   1.037000E+04  1.145807E-09  1.459036E-10
   1.039000E+04  1.075614E-09  1.413642E-10
   1.041000E+04  1.081807E-09  1.417706E-10
   1.043000E+04  1.015743E-09  1.373739E-10
   1.045000E+04  1.104517E-09  1.432508E-10
   1.047000E+04  1.026065E-09  1.380701E-10
   1.049000E+04  9.971621E-10  1.361118E-10
   1.051000E+04  1.069420E-09  1.409567E-10
   1.053000E+04  1.046711E-09  1.394521E-10
   1.055000E+04  9.641298E-10  1.338385E-10
   1.057000E+04  9.021943E-10  1.294686E-10
   1.059000E+04  1.118969E-09  1.441848E-10
   1.061000E+04  1.011614E-09  1.370945E-10
   1.063000E+04  9.723879E-10  1.344104E-10
   1.065000E+04  1.001291E-09  1.363933E-10
   1.067000E+04  9.021943E-10  1.294686E-10
   1.069000E+04  1.009549E-09  1.369545E-10
   1.071000E+04  1.007485E-09  1.368144E-10
   1.073000E+04  9.744524E-10  1.345530E-10
   1.075000E+04  8.836136E-10  1.281286E-10
   1.077000E+04  9.785815E-10  1.348378E-10
   1.079000E+04  1.013678E-09  1.372343E-10
   1.081000E+04  9.785815E-10  1.348378E-10
   1.083000E+04  8.175491E-10  1.232460E-10
   1.085000E+04  8.753556E-10  1.275285E-10
   1.087000E+04  8.196136E-10  1.234015E-10
   1.089000E+04  9.001298E-10  1.293204E-10
   1.091000E+04  9.125169E-10  1.302071E-10
   1.093000E+04  8.175491E-10  1.232460E-10
   1.095000E+04  9.971621E-10  1.361118E-10
   1.097000E+04  8.856781E-10  1.282782E-10
   1.099000E+04  9.042588E-10  1.296167E-10
   1.101000E+04  8.918717E-10  1.287259E-10
   1.103000E+04  7.989684E-10  1.218375E-10
   1.105000E+04  8.402588E-10  1.249459E-10
   1.107000E+04  8.464523E-10  1.254055E-10
   1.109000E+04  7.989684E-10  1.218375E-10
   1.111000E+04  8.960007E-10  1.290235E-10
   1.113000E+04  8.216781E-10  1.235568E-10
   1.115000E+04  7.969039E-10  1.216800E-10
   1.117000E+04  7.845168E-10  1.210480E-10
   1.119000E+04  7.803877E-10  1.204126E-10
   1.121000E+04  7.597426E-10  1.188093E-10
   1.123000E+04  8.010329E-10  1.219948E-10
   1.125000E+04  7.452909E-10  1.176739E-10
   1.127000E+04  8.361297E-10  1.246386E-10
   1.129000E+04  7.411619E-10  1.173475E-10
   1.131000E+04  6.854199E-10  1.128487E-10
   1.133000E+04  8.030974E-10  1.221519E-10
   1.135000E+04  7.700652E-10  1.196136E-10
   1.137000E+04  7.576780E-10  1.186477E-10
   1.139000E+04  8.072265E-10  1.224655E-10
   1.141000E+04  7.597426E-10  1.188093E-10
   1.143000E+04  7.824523E-10  1.205717E-10
   1.145000E+04  7.452909E-10  1.176739E-10
   1.147000E+04  7.060651E-10  1.145356E-10
   1.149000E+04  7.762587E-10  1.200936E-10
   1.151000E+04  6.647747E-10  1.111363E-10
   1.153000E+04  6.585812E-10  1.106174E-10
   1.155000E+04  6.461941E-10  1.095722E-10
   1.157000E+04  6.338070E-10  1.085170E-10
   1.159000E+04  6.833554E-10  1.126787E-10
   1.161000E+04  6.792264E-10  1.123378E-10
   1.163000E+04  6.482586E-10  1.097471E-10
   1.165000E+04  6.750973E-10  1.119958E-10
   1.167000E+04  6.110973E-10  1.065553E-10
   1.169000E+04  6.255489E-10  1.078078E-10
   1.171000E+04  6.565167E-10  1.104439E-10
   1.173000E+04  6.214199E-10  1.074514E-10
   1.175000E+04  6.379360E-10  1.088699E-10
   1.177000E+04  6.730328E-10  1.118244E-10
   1.179000E+04  6.028392E-10  1.058329E-10
   1.181000E+04  6.276134E-10  1.083402E-10
   1.183000E+04  5.842585E-10  1.041892E-10
   1.185000E+04  5.760005E-10  1.034503E-10
   1.187000E+04  5.780650E-10  1.036355E-10
   1.189000E+04  6.028392E-10  1.058329E-10
   1.191000E+04  5.656779E-10  1.025192E-10
   1.193000E+04  5.078714E-10  9.714007E-11
   1.195000E+04  5.264520E-10  9.890098E-11
   1.197000E+04  5.615488E-10  1.021443E-10
   1.199000E+04  5.016778E-10  9.654596E-11
   1.201000E+04  5.470972E-10  1.008215E-10
   1.203000E+04  5.987102E-10  1.054698E-10
   1.205000E+04  5.326456E-10  9.948102E-11
   1.207000E+04  6.007747E-10  1.056515E-10
   1.209000E+04  5.491617E-10  1.010115E-10
   1.211000E+04  5.904521E-10  1.047400E-10
   1.213000E+04  5.615488E-10  1.021443E-10
   1.215000E+04  5.739360E-10  1.032647E-10
   1.217000E+04  5.429682E-10  1.004403E-10
   1.219000E+04  5.326456E-10  9.948102E-11
   1.221000E+04  5.429682E-10  1.004403E-10
   1.223000E+04  5.409037E-10  1.002492E-10
   1.225000E+04  4.624520E-10  9.269486E-11
   1.227000E+04  4.954843E-10  9.594817E-11
   1.229000E+04  4.975488E-10  9.614784E-11
   1.231000E+04  4.996133E-10  9.634710E-11
   1.233000E+04  4.087745E-10  8.714956E-11
   1.235000E+04  5.450327E-10  1.006311E-10
   1.237000E+04  4.872262E-10  9.514527E-11
   1.239000E+04  4.872262E-10  9.514527E-11
   1.241000E+04  3.695487E-10  8.286284E-11
   1.243000E+04  4.892907E-10  9.534663E-11
   1.245000E+04  4.996133E-10  9.634710E-11
   1.247000E+04  5.037424E-10  9.674440E-11
   1.249000E+04  4.438713E-10  9.081367E-11
   1.251000E+04  4.025810E-10  8.648684E-11
   1.253000E+04  4.129036E-10  8.758859E-11
   1.255000E+04  4.046455E-10  8.670831E-11
   1.257000E+04  4.521294E-10  9.165452E-11
   1.259000E+04  4.273552E-10  8.910815E-11
   1.261000E+04  4.459359E-10  9.102461E-11
   1.263000E+04  3.778068E-10  8.378354E-11
   1.265000E+04  4.335487E-10  8.975152E-11
   1.267000E+04  4.252907E-10  8.889266E-11
   1.269000E+04  3.860648E-10  8.469423E-11
   1.271000E+04  3.943229E-10  8.559523E-11
   1.273000E+04  4.727746E-10  9.372365E-11
   1.275000E+04  3.798713E-10  8.401214E-11
   1.277000E+04  4.087745E-10  8.714956E-11
   1.279000E+04  3.716132E-10  8.309397E-11
   1.281000E+04  3.530325E-10  8.099005E-11
   1.283000E+04  3.840003E-10  8.446748E-11
   1.285000E+04  3.778068E-10  8.378354E-11
   1.287000E+04  3.489035E-10  8.051504E-11
   1.289000E+04  3.200003E-10  7.710811E-11
   1.291000E+04  3.489035E-10  8.051504E-11
   1.293000E+04  3.819358E-10  8.424011E-11
   1.295000E+04  3.447745E-10  8.003722E-11
   1.297000E+04  3.840003E-10  8.446748E-11
   1.299000E+04  2.663228E-10  7.034448E-11
   1.301000E+04  4.129036E-10  8.758859E-11
   1.303000E+04  3.200003E-10  7.710811E-11
   1.305000E+04  3.323874E-10  7.858631E-11
   1.307000E+04  2.704518E-10  7.088767E-11
   1.309000E+04  3.530325E-10  8.099005E-11
   1.311000E+04  3.241293E-10  7.760397E-11
   1.313000E+04  2.663228E-10  7.034448E-11
   1.315000E+04  3.117422E-10  7.610669E-11
   1.317000E+04  2.518712E-10  6.840933E-11
   1.319000E+04  3.179357E-10  7.685897E-11
   1.321000E+04  2.621938E-10  6.979705E-11
   1.323000E+04  3.220648E-10  7.735644E-11
   1.325000E+04  2.849035E-10  7.275693E-11
   1.327000E+04  2.725164E-10  7.115772E-11
   1.329000E+04  2.869680E-10  7.302006E-11
   1.331000E+04  2.621938E-10  6.979705E-11
   1.333000E+04  2.890325E-10  7.328224E-11
   1.335000E+04  2.890325E-10  7.328224E-11
   1.337000E+04  2.766454E-10  7.169475E-11
   1.339000E+04  2.456776E-10  6.756301E-11
   1.341000E+04  2.890325E-10  7.328224E-11
   1.343000E+04  2.374196E-10  6.641781E-11
   1.345000E+04  2.064518E-10  6.193501E-11
   1.347000E+04  2.477421E-10  6.784629E-11
   1.349000E+04  2.250324E-10  6.466200E-11
   1.351000E+04  2.209034E-10  6.406603E-11
   1.353000E+04  2.725164E-10  7.115772E-11
   1.355000E+04  2.436131E-10  6.727854E-11
   1.357000E+04  2.498067E-10  6.812839E-11
   1.359000E+04  2.085163E-10  6.224391E-11
   1.361000E+04  1.775485E-10  5.743623E-11
   1.363000E+04  1.981937E-10  6.068369E-11
   1.365000E+04  2.229679E-10  6.436471E-11
   1.367000E+04  2.353550E-10  6.612842E-11
   1.369000E+04  2.126453E-10  6.285715E-11
   1.371000E+04  1.920002E-10  5.972800E-11
   1.373000E+04  1.981937E-10  6.068369E-11
   1.375000E+04  2.374196E-10  6.641781E-11
   1.377000E+04  1.754840E-10  5.710133E-11
   1.379000E+04  1.734195E-10  5.676445E-11
   1.381000E+04  2.147099E-10  6.316154E-11
   1.383000E+04  2.126453E-10  6.285715E-11
   1.385000E+04  1.858066E-10  5.875676E-11
   1.387000E+04  1.878711E-10  5.908228E-11
   1.389000E+04  1.527743E-10  5.327863E-11
   1.391000E+04  1.527743E-10  5.327863E-11
   1.393000E+04  1.672259E-10  5.574160E-11
   1.395000E+04  1.920002E-10  5.972800E-11
   1.397000E+04  1.692905E-10  5.608462E-11
   1.399000E+04  1.569034E-10  5.399380E-11
   1.401000E+04  1.713550E-10  5.642556E-11
   1.403000E+04  1.383227E-10  5.069613E-11
   1.405000E+04  1.341937E-10  4.993375E-11
   1.407000E+04  1.362582E-10  5.031638E-11
   1.409000E+04  1.383227E-10  5.069613E-11
   1.411000E+04  1.135485E-10  4.593241E-11
   1.413000E+04  1.238711E-10  4.797482E-11
   1.415000E+04  1.321291E-10  4.954816E-11
   1.417000E+04  1.156130E-10  4.634809E-11
   1.419000E+04  9.496782E-11  4.200656E-11
   1.421000E+04  1.321291E-10  4.954816E-11
   1.423000E+04  1.238711E-10  4.797482E-11
   1.425000E+04  1.073549E-10  4.466215E-11
   1.427000E+04  1.403872E-10  5.107306E-11
   1.429000E+04  1.218066E-10  4.757335E-11
   1.431000E+04  9.083878E-11  4.108323E-11
   1.433000E+04  8.670975E-11  4.013867E-11
   1.435000E+04  8.051620E-11  3.867860E-11
   1.437000E+04  7.638716E-11  3.767380E-11
   1.439000E+04  1.238711E-10  4.797482E-11
   1.441000E+04  9.496782E-11  4.200656E-11
   1.443000E+04  7.845168E-11  3.817950E-11
   1.445000E+04  9.083878E-11  4.108323E-11
   1.447000E+04  5.574198E-11  3.218257E-11
   1.449000E+04  6.193553E-11  3.392340E-11
   1.451000E+04  5.987102E-11  3.335322E-11
   1.453000E+04  8.464523E-11  3.965795E-11
   1.455000E+04  4.954843E-11  3.034203E-11
   1.457000E+04  5.987102E-11  3.335322E-11
   1.459000E+04  5.780650E-11  3.277313E-11
   1.461000E+04  6.606457E-11  3.503593E-11
   1.463000E+04  3.922584E-11  2.699703E-11
   1.465000E+04  3.922584E-11  2.699703E-11
   1.467000E+04  5.987102E-11  3.335322E-11
   1.469000E+04  5.574198E-11  3.218257E-11
   1.471000E+04  5.161295E-11  3.096770E-11
   1.473000E+04  3.922584E-11  2.699703E-11
   1.475000E+04  3.303229E-11  2.477418E-11
   1.477000E+04  2.890325E-11  2.317413E-11
   1.479000E+04  4.954843E-11  3.034203E-11
   1.481000E+04  1.858066E-11  1.858065E-11
   1.483000E+04  2.683873E-11  2.233115E-11
   1.485000E+04  2.270970E-11  2.054167E-11
   1.487000E+04  2.064518E-11  1.958572E-11
   1.489000E+04  2.270970E-11  2.054167E-11
   1.491000E+04  2.890325E-11  2.317413E-11
   1.493000E+04  2.064518E-11  1.958572E-11
   1.495000E+04  6.193553E-12  1.072755E-11
   1.497000E+04  1.651614E-11  1.751800E-11
   1.499000E+04  2.064518E-12  6.193553E-12
   1.501000E+04  1.000000E-35  1.000000E-35
   1.503000E+04  1.000000E-35  1.000000E-35
   1.505000E+04  1.000000E-35  1.000000E-35
   1.507000E+04  1.000000E-35  1.000000E-35
   1.509000E+04  1.000000E-35  1.000000E-35
   1.511000E+04  1.000000E-35  1.000000E-35
   1.513000E+04  1.000000E-35  1.000000E-35
   1.515000E+04  1.000000E-35  1.000000E-35
   1.517000E+04  1.000000E-35  1.000000E-35
   1.519000E+04  1.000000E-35  1.000000E-35
   1.521000E+04  1.000000E-35  1.000000E-35
   1.523000E+04  1.000000E-35  1.000000E-35
   1.525000E+04  1.000000E-35  1.000000E-35
   1.527000E+04  1.000000E-35  1.000000E-35
   1.529000E+04  1.000000E-35  1.000000E-35
   1.531000E+04  1.000000E-35  1.000000E-35
   1.533000E+04  1.000000E-35  1.000000E-35
   1.535000E+04  1.000000E-35  1.000000E-35
   1.537000E+04  1.000000E-35  1.000000E-35
   1.539000E+04  1.000000E-35  1.000000E-35
   1.541000E+04  1.000000E-35  1.000000E-35
   1.543000E+04  1.000000E-35  1.000000E-35
   1.545000E+04  1.000000E-35  1.000000E-35
   1.547000E+04  1.000000E-35  1.000000E-35
   1.549000E+04  1.000000E-35  1.000000E-35
   1.551000E+04  1.000000E-35  1.000000E-35
   1.553000E+04  1.000000E-35  1.000000E-35
   1.555000E+04  1.000000E-35  1.000000E-35
   1.557000E+04  1.000000E-35  1.000000E-35
   1.559000E+04  1.000000E-35  1.000000E-35
   1.561000E+04  1.000000E-35  1.000000E-35
   1.563000E+04  1.000000E-35  1.000000E-35
   1.565000E+04  1.000000E-35  1.000000E-35
   1.567000E+04  1.000000E-35  1.000000E-35
   1.569000E+04  1.000000E-35  1.000000E-35
   1.571000E+04  1.000000E-35  1.000000E-35
   1.573000E+04  1.000000E-35  1.000000E-35
   1.575000E+04  1.000000E-35  1.000000E-35
   1.577000E+04  1.000000E-35  1.000000E-35
   1.579000E+04  1.000000E-35  1.000000E-35
   1.581000E+04  1.000000E-35  1.000000E-35
   1.583000E+04  1.000000E-35  1.000000E-35
   1.585000E+04  1.000000E-35  1.000000E-35
   1.587000E+04  1.000000E-35  1.000000E-35
   1.589000E+04  1.000000E-35  1.000000E-35
   1.591000E+04  1.000000E-35  1.000000E-35
   1.593000E+04  1.000000E-35  1.000000E-35
   1.595000E+04  1.000000E-35  1.000000E-35
   1.597000E+04  1.000000E-35  1.000000E-35
   1.599000E+04  1.000000E-35  1.000000E-35
   1.601000E+04  1.000000E-35  1.000000E-35
   1.603000E+04  1.000000E-35  1.000000E-35
   1.605000E+04  1.000000E-35  1.000000E-35
   1.607000E+04  1.000000E-35  1.000000E-35
   1.609000E+04  1.000000E-35  1.000000E-35
   1.611000E+04  1.000000E-35  1.000000E-35
   1.613000E+04  1.000000E-35  1.000000E-35
   1.615000E+04  1.000000E-35  1.000000E-35
   1.617000E+04  1.000000E-35  1.000000E-35
   1.619000E+04  1.000000E-35  1.000000E-35
   1.621000E+04  1.000000E-35  1.000000E-35
   1.623000E+04  1.000000E-35  1.000000E-35
   1.625000E+04  1.000000E-35  1.000000E-35
   1.627000E+04  1.000000E-35  1.000000E-35
   1.629000E+04  1.000000E-35  1.000000E-35
   1.631000E+04  1.000000E-35  1.000000E-35
   1.633000E+04  1.000000E-35  1.000000E-35
   1.635000E+04  1.000000E-35  1.000000E-35
   1.637000E+04  1.000000E-35  1.000000E-35
   1.639000E+04  1.000000E-35  1.000000E-35
   1.641000E+04  1.000000E-35  1.000000E-35
   1.643000E+04  1.000000E-35  1.000000E-35
   1.645000E+04  1.000000E-35  1.000000E-35
   1.647000E+04  1.000000E-35  1.000000E-35
   1.649000E+04  1.000000E-35  1.000000E-35
   1.651000E+04  1.000000E-35  1.000000E-35
   1.653000E+04  1.000000E-35  1.000000E-35
   1.655000E+04  1.000000E-35  1.000000E-35
   1.657000E+04  1.000000E-35  1.000000E-35
   1.659000E+04  1.000000E-35  1.000000E-35
   1.661000E+04  1.000000E-35  1.000000E-35
   1.663000E+04  1.000000E-35  1.000000E-35
   1.665000E+04  1.000000E-35  1.000000E-35
   1.667000E+04  1.000000E-35  1.000000E-35
   1.669000E+04  1.000000E-35  1.000000E-35
   1.671000E+04  1.000000E-35  1.000000E-35
   1.673000E+04  1.000000E-35  1.000000E-35
   1.675000E+04  1.000000E-35  1.000000E-35
   1.677000E+04  1.000000E-35  1.000000E-35
   1.679000E+04  1.000000E-35  1.000000E-35
   1.681000E+04  1.000000E-35  1.000000E-35
   1.683000E+04  1.000000E-35  1.000000E-35
   1.685000E+04  1.000000E-35  1.000000E-35
   1.687000E+04  1.000000E-35  1.000000E-35
   1.689000E+04  1.000000E-35  1.000000E-35
   1.691000E+04  1.000000E-35  1.000000E-35
   1.693000E+04  1.000000E-35  1.000000E-35
   1.695000E+04  1.000000E-35  1.000000E-35
   1.697000E+04  1.000000E-35  1.000000E-35
   1.699000E+04  1.000000E-35  1.000000E-35
   1.701000E+04  1.000000E-35  1.000000E-35
   1.703000E+04  1.000000E-35  1.000000E-35
   1.705000E+04  1.000000E-35  1.000000E-35
   1.707000E+04  1.000000E-35  1.000000E-35
   1.709000E+04  1.000000E-35  1.000000E-35
   1.711000E+04  1.000000E-35  1.000000E-35
   1.713000E+04  1.000000E-35  1.000000E-35
   1.715000E+04  1.000000E-35  1.000000E-35
   1.717000E+04  1.000000E-35  1.000000E-35
   1.719000E+04  1.000000E-35  1.000000E-35
   1.721000E+04  1.000000E-35  1.000000E-35
   1.723000E+04  1.000000E-35  1.000000E-35
   1.725000E+04  1.000000E-35  1.000000E-35
   1.727000E+04  1.000000E-35  1.000000E-35
   1.729000E+04  1.000000E-35  1.000000E-35
   1.731000E+04  1.000000E-35  1.000000E-35
   1.733000E+04  1.000000E-35  1.000000E-35
   1.735000E+04  1.000000E-35  1.000000E-35
   1.737000E+04  1.000000E-35  1.000000E-35
   1.739000E+04  1.000000E-35  1.000000E-35
   1.741000E+04  1.000000E-35  1.000000E-35
   1.743000E+04  1.000000E-35  1.000000E-35
   1.745000E+04  1.000000E-35  1.000000E-35
   1.747000E+04  1.000000E-35  1.000000E-35
   1.749000E+04  1.000000E-35  1.000000E-35
   1.751000E+04  1.000000E-35  1.000000E-35
   1.753000E+04  1.000000E-35  1.000000E-35
   1.755000E+04  1.000000E-35  1.000000E-35
   1.757000E+04  1.000000E-35  1.000000E-35
   1.759000E+04  1.000000E-35  1.000000E-35
   1.761000E+04  1.000000E-35  1.000000E-35
   1.763000E+04  1.000000E-35  1.000000E-35
   1.765000E+04  1.000000E-35  1.000000E-35
   1.767000E+04  1.000000E-35  1.000000E-35
   1.769000E+04  1.000000E-35  1.000000E-35
   1.771000E+04  1.000000E-35  1.000000E-35
   1.773000E+04  1.000000E-35  1.000000E-35
   1.775000E+04  1.000000E-35  1.000000E-35
   1.777000E+04  1.000000E-35  1.000000E-35
   1.779000E+04  1.000000E-35  1.000000E-35
   1.781000E+04  1.000000E-35  1.000000E-35
   1.783000E+04  1.000000E-35  1.000000E-35
   1.785000E+04  1.000000E-35  1.000000E-35
   1.787000E+04  1.000000E-35  1.000000E-35
   1.789000E+04  1.000000E-35  1.000000E-35
   1.791000E+04  1.000000E-35  1.000000E-35
   1.793000E+04  1.000000E-35  1.000000E-35
   1.795000E+04  1.000000E-35  1.000000E-35
   1.797000E+04  1.000000E-35  1.000000E-35
   1.799000E+04  1.000000E-35  1.000000E-35
   1.801000E+04  1.000000E-35  1.000000E-35
   1.803000E+04  1.000000E-35  1.000000E-35
   1.805000E+04  1.000000E-35  1.000000E-35
   1.807000E+04  1.000000E-35  1.000000E-35
   1.809000E+04  1.000000E-35  1.000000E-35
   1.811000E+04  1.000000E-35  1.000000E-35
   1.813000E+04  1.000000E-35  1.000000E-35
   1.815000E+04  1.000000E-35  1.000000E-35
   1.817000E+04  1.000000E-35  1.000000E-35
   1.819000E+04  1.000000E-35  1.000000E-35
   1.821000E+04  1.000000E-35  1.000000E-35
   1.823000E+04  1.000000E-35  1.000000E-35
   1.825000E+04  1.000000E-35  1.000000E-35
   1.827000E+04  1.000000E-35  1.000000E-35
   1.829000E+04  1.000000E-35  1.000000E-35
   1.831000E+04  1.000000E-35  1.000000E-35
   1.833000E+04  1.000000E-35  1.000000E-35
   1.835000E+04  1.000000E-35  1.000000E-35
   1.837000E+04  1.000000E-35  1.000000E-35
   1.839000E+04  1.000000E-35  1.000000E-35
   1.841000E+04  1.000000E-35  1.000000E-35
   1.843000E+04  1.000000E-35  1.000000E-35
   1.845000E+04  1.000000E-35  1.000000E-35
   1.847000E+04  1.000000E-35  1.000000E-35
   1.849000E+04  1.000000E-35  1.000000E-35
   1.851000E+04  1.000000E-35  1.000000E-35
   1.853000E+04  1.000000E-35  1.000000E-35
   1.855000E+04  1.000000E-35  1.000000E-35
   1.857000E+04  1.000000E-35  1.000000E-35
   1.859000E+04  1.000000E-35  1.000000E-35
   1.861000E+04  1.000000E-35  1.000000E-35
   1.863000E+04  1.000000E-35  1.000000E-35
   1.865000E+04  1.000000E-35  1.000000E-35
   1.867000E+04  1.000000E-35  1.000000E-35
   1.869000E+04  1.000000E-35  1.000000E-35
   1.871000E+04  1.000000E-35  1.000000E-35
   1.873000E+04  1.000000E-35  1.000000E-35
   1.875000E+04  1.000000E-35  1.000000E-35
   1.877000E+04  1.000000E-35  1.000000E-35
   1.879000E+04  1.000000E-35  1.000000E-35
   1.881000E+04  1.000000E-35  1.000000E-35
   1.883000E+04  1.000000E-35  1.000000E-35
   1.885000E+04  1.000000E-35  1.000000E-35
   1.887000E+04  1.000000E-35  1.000000E-35
   1.889000E+04  1.000000E-35  1.000000E-35
   1.891000E+04  1.000000E-35  1.000000E-35
   1.893000E+04  1.000000E-35  1.000000E-35
   1.895000E+04  1.000000E-35  1.000000E-35
   1.897000E+04  1.000000E-35  1.000000E-35
   1.899000E+04  1.000000E-35  1.000000E-35
   1.901000E+04  1.000000E-35  1.000000E-35
   1.903000E+04  1.000000E-35  1.000000E-35
   1.905000E+04  1.000000E-35  1.000000E-35
   1.907000E+04  1.000000E-35  1.000000E-35
   1.909000E+04  1.000000E-35  1.000000E-35
   1.911000E+04  1.000000E-35  1.000000E-35
   1.913000E+04  1.000000E-35  1.000000E-35
   1.915000E+04  1.000000E-35  1.000000E-35
   1.917000E+04  1.000000E-35  1.000000E-35
   1.919000E+04  1.000000E-35  1.000000E-35
   1.921000E+04  1.000000E-35  1.000000E-35
   1.923000E+04  1.000000E-35  1.000000E-35
   1.925000E+04  1.000000E-35  1.000000E-35
   1.927000E+04  1.000000E-35  1.000000E-35
   1.929000E+04  1.000000E-35  1.000000E-35
   1.931000E+04  1.000000E-35  1.000000E-35
   1.933000E+04  1.000000E-35  1.000000E-35
   1.935000E+04  1.000000E-35  1.000000E-35
   1.937000E+04  1.000000E-35  1.000000E-35
   1.939000E+04  1.000000E-35  1.000000E-35
   1.941000E+04  1.000000E-35  1.000000E-35
   1.943000E+04  1.000000E-35  1.000000E-35
   1.945000E+04  1.000000E-35  1.000000E-35
   1.947000E+04  1.000000E-35  1.000000E-35
   1.949000E+04  1.000000E-35  1.000000E-35
   1.951000E+04  1.000000E-35  1.000000E-35
   1.953000E+04  1.000000E-35  1.000000E-35
   1.955000E+04  1.000000E-35  1.000000E-35
   1.957000E+04  1.000000E-35  1.000000E-35
   1.959000E+04  1.000000E-35  1.000000E-35
   1.961000E+04  1.000000E-35  1.000000E-35
   1.963000E+04  1.000000E-35  1.000000E-35
   1.965000E+04  1.000000E-35  1.000000E-35
   1.967000E+04  1.000000E-35  1.000000E-35
   1.969000E+04  1.000000E-35  1.000000E-35
   1.971000E+04  1.000000E-35  1.000000E-35
   1.973000E+04  1.000000E-35  1.000000E-35
   1.975000E+04  1.000000E-35  1.000000E-35
   1.977000E+04  1.000000E-35  1.000000E-35
   1.979000E+04  1.000000E-35  1.000000E-35
   1.981000E+04  1.000000E-35  1.000000E-35
   1.983000E+04  1.000000E-35  1.000000E-35
   1.985000E+04  1.000000E-35  1.000000E-35
   1.987000E+04  1.000000E-35  1.000000E-35
   1.989000E+04  1.000000E-35  1.000000E-35
   1.991000E+04  1.000000E-35  1.000000E-35
   1.993000E+04  1.000000E-35  1.000000E-35
   1.995000E+04  1.000000E-35  1.000000E-35
   1.997000E+04  1.000000E-35  1.000000E-35
   1.999000E+04  1.000000E-35  1.000000E-35
