 #  Results from PENEPMA. Output from photon detector #  1
 #
 #  Angular intervals : theta_1 = 4.500000E+01,  theta_2 = 5.500000E+01
 #                        phi_1 = 0.000000E+00,    phi_2 = 3.600000E+02
 #  Energy window = ( 0.00000E+00, 2.00000E+04) eV, no. of channels =  1000
 #  Channel width = 2.000000E+01 eV
 #
 #  Whole spectrum. Characteristic peaks and background.
 #  1st column: photon energy (eV).
 #  2nd column: probability density (1/(eV*sr*electron)).
 #  3rd column: statistical uncertainty (3 sigma).
 #
   1.000000E+01  1.000000E-35  1.000000E-35
   3.000000E+01  1.000000E-35  1.000000E-35
   5.000001E+01  1.000000E-35  1.000000E-35
   7.000001E+01  1.000000E-35  1.000000E-35
   9.000001E+01  1.000000E-35  1.000000E-35
   1.100000E+02  1.216774E-08  1.677740E-09
   1.300000E+02  1.023141E-08  1.381303E-09
   1.500000E+02  1.211765E-08  2.333938E-09
   1.700000E+02  1.119607E-08  1.386555E-09
   1.900000E+02  1.235225E-08  1.030527E-09
   2.100000E+02  1.364412E-08  4.511631E-10
   2.300000E+02  1.603999E-08  1.936460E-09
   2.500000E+02  1.678958E-08  5.006170E-10
   2.700000E+02  1.961525E-08  1.710489E-09
   2.900000E+02  2.083060E-08  1.090021E-09
   3.100000E+02  5.569964E-08  9.689238E-09
   3.300000E+02  2.579697E-08  1.737233E-09
   3.500000E+02  2.658954E-08  1.740612E-09
   3.700000E+02  2.639474E-08  6.275647E-10
   3.900000E+02  2.920471E-08  1.146004E-09
   4.100000E+02  3.505949E-08  3.699940E-09
   4.300000E+02  3.200561E-08  6.902894E-10
   4.500000E+02  3.354813E-08  1.173659E-09
   4.700000E+02  3.506212E-08  1.183275E-09
   4.900000E+02  3.662615E-08  1.516914E-09
   5.100001E+02  3.715649E-08  7.439153E-10
   5.300001E+02  4.746255E-06  1.152197E-07
   5.500001E+02  1.977208E-07  2.270553E-08
   5.700001E+02  1.080183E-07  1.619585E-08
   5.900001E+02  1.548408E-08  4.802461E-10
   6.100001E+02  4.522858E-07  3.504796E-08
   6.300001E+02  2.935056E-07  2.791731E-08
   6.500001E+02  5.184054E-08  9.998394E-09
   6.700001E+02  1.523669E-08  1.408058E-09
   6.900001E+02  1.575749E-08  1.054742E-09
   7.100001E+02  2.748407E-07  2.703375E-08
   7.300001E+02  3.550723E-08  8.146242E-09
   7.500001E+02  1.181079E-08  4.195918E-10
   7.700001E+02  1.212186E-08  4.248914E-10
   7.900001E+02  4.968366E-08  1.025638E-08
   8.100001E+02  1.310802E-08  4.419681E-10
   8.300001E+02  1.354319E-08  4.491141E-10
   8.500001E+02  1.393243E-08  1.041787E-09
   8.700001E+02  1.341247E-08  4.468362E-10
   8.900001E+02  1.402138E-08  4.570095E-10
   9.100001E+02  1.459719E-08  4.664335E-10
   9.300001E+02  1.461705E-08  4.665384E-10
   9.500001E+02  1.510516E-08  4.742979E-10
   9.700001E+02  1.582659E-08  4.854124E-10
   9.900001E+02  1.596061E-08  4.876607E-10
   1.010000E+03  1.607147E-08  4.893964E-10
   1.030000E+03  1.657944E-08  4.968956E-10
   1.050000E+03  1.659765E-08  4.973162E-10
   1.070000E+03  1.663901E-08  4.983292E-10
   1.090000E+03  1.718504E-08  5.059617E-10
   1.110000E+03  1.753086E-08  5.110593E-10
   1.130000E+03  1.769963E-08  5.135053E-10
   1.150000E+03  1.809344E-08  5.191200E-10
   1.170000E+03  1.800905E-08  5.180069E-10
   1.190000E+03  1.841940E-08  5.237606E-10
   1.210000E+03  1.861630E-08  5.265907E-10
   1.230000E+03  1.846242E-08  5.245579E-10
   1.250000E+03  3.295357E-07  2.957494E-08
   1.270000E+03  1.886119E-08  5.302173E-10
   1.290000E+03  1.912427E-08  5.337953E-10
   1.310000E+03  1.867918E-08  5.275230E-10
   1.330000E+03  1.839623E-08  5.233851E-10
   1.350000E+03  1.872716E-08  5.283377E-10
   1.370000E+03  1.876191E-08  5.285460E-10
   1.390000E+03  1.852033E-08  5.252830E-10
   1.410000E+03  1.912096E-08  5.337031E-10
   1.430000E+03  1.908125E-08  5.332892E-10
   1.450000E+03  1.869738E-08  5.276389E-10
   1.470000E+03  1.890255E-08  5.304711E-10
   1.490000E+03  1.798511E-06  7.076631E-08
   1.510000E+03  1.868910E-08  5.276626E-10
   1.530000E+03  1.874867E-08  5.282201E-10
   1.550000E+03  3.189180E-08  6.110726E-09
   1.570000E+03  1.709569E-08  5.045511E-10
   1.590000E+03  1.652815E-08  4.960788E-10
   1.610000E+03  1.650995E-08  4.957566E-10
   1.630000E+03  1.670189E-08  4.989196E-10
   1.650000E+03  1.672340E-08  4.990916E-10
   1.670000E+03  1.671843E-08  4.990177E-10
   1.690000E+03  1.669361E-08  4.985988E-10
   1.710000E+03  1.664067E-08  4.980571E-10
   1.730000E+03  2.817878E-06  8.872412E-08
   1.750000E+03  1.673994E-08  4.995844E-10
   1.770000E+03  1.649506E-08  4.954340E-10
   1.790000E+03  1.634614E-08  4.934467E-10
   1.810000E+03  1.657944E-08  4.967468E-10
   1.830000E+03  6.169149E-08  1.128339E-08
   1.850000E+03  1.445820E-08  4.641086E-10
   1.870000E+03  1.433616E-08  1.044614E-09
   1.890000E+03  1.420504E-08  4.598781E-10
   1.910000E+03  1.408425E-08  4.578152E-10
   1.930000E+03  1.370203E-08  4.516249E-10
   1.950000E+03  1.392706E-08  4.556361E-10
   1.970000E+03  1.383606E-08  4.539328E-10
   1.990000E+03  1.420339E-08  4.601192E-10
   2.010000E+03  1.383771E-08  4.539056E-10
   2.030000E+03  1.388570E-08  4.545277E-10
   2.050000E+03  1.392375E-08  4.552575E-10
   2.070000E+03  1.375995E-08  4.525766E-10
   2.090000E+03  1.371362E-08  4.518154E-10
   2.110000E+03  1.370865E-08  4.522245E-10
   2.130000E+03  1.370534E-08  4.518975E-10
   2.150000E+03  1.363750E-08  4.507262E-10
   2.170000E+03  1.386253E-08  4.541489E-10
   2.190000E+03  1.359448E-08  4.499618E-10
   2.210000E+03  1.337276E-08  4.461203E-10
   2.230000E+03  1.328672E-08  4.449066E-10
   2.250000E+03  1.351506E-08  4.488133E-10
   2.270000E+03  1.302694E-08  4.406030E-10
   2.290000E+03  1.313615E-08  4.421622E-10
   2.310000E+03  1.318744E-08  4.431345E-10
   2.330000E+03  1.329499E-08  4.448232E-10
   2.350000E+03  1.280357E-08  4.366506E-10
   2.370000E+03  1.294587E-08  4.389531E-10
   2.390000E+03  1.288464E-08  4.379718E-10
   2.410000E+03  1.297234E-08  4.395692E-10
   2.430000E+03  1.297234E-08  4.395692E-10
   2.450000E+03  1.293097E-08  4.388694E-10
   2.470000E+03  1.268940E-08  4.348169E-10
   2.490000E+03  1.251070E-08  4.318094E-10
   2.510000E+03  1.293428E-08  4.388131E-10
   2.530000E+03  1.216488E-08  4.256432E-10
   2.550000E+03  1.203582E-08  4.232675E-10
   2.570000E+03  1.221286E-08  4.264223E-10
   2.590000E+03  1.207553E-08  4.240804E-10
   2.610000E+03  1.188855E-08  4.209669E-10
   2.630000E+03  1.234689E-08  4.288664E-10
   2.650000E+03  1.223603E-08  4.267680E-10
   2.670000E+03  1.200438E-08  4.230066E-10
   2.690000E+03  1.186704E-08  4.204112E-10
   2.710000E+03  1.205236E-08  4.236161E-10
   2.730000E+03  1.167345E-08  4.170342E-10
   2.750000E+03  1.170820E-08  4.174759E-10
   2.770000E+03  1.169662E-08  4.175648E-10
   2.790000E+03  1.171151E-08  4.174168E-10
   2.810000E+03  1.138554E-08  4.116322E-10
   2.830000E+03  1.143518E-08  4.127066E-10
   2.850000E+03  1.161554E-08  4.160601E-10
   2.870000E+03  1.151130E-08  4.140155E-10
   2.890000E+03  1.131440E-08  4.105257E-10
   2.910000E+03  1.110757E-08  4.068246E-10
   2.930000E+03  1.122835E-08  4.090253E-10
   2.950000E+03  1.096361E-08  4.040642E-10
   2.970000E+03  1.079649E-08  4.010398E-10
   2.990000E+03  1.100498E-08  4.049461E-10
   3.010000E+03  1.101822E-08  4.051282E-10
   3.030000E+03  1.103642E-08  4.053404E-10
   3.050000E+03  1.083455E-08  4.016832E-10
   3.070000E+03  1.055161E-08  3.965373E-10
   3.090000E+03  1.053010E-08  3.959473E-10
   3.110000E+03  1.028687E-08  3.914174E-10
   3.130000E+03  1.026701E-08  3.909771E-10
   3.150000E+03  1.031500E-08  3.919512E-10
   3.170000E+03  1.026536E-08  3.911347E-10
   3.190000E+03  1.026701E-08  3.908510E-10
   3.210000E+03  1.022895E-08  3.903160E-10
   3.230000E+03  1.010486E-08  3.878819E-10
   3.250000E+03  9.883136E-09  3.836092E-10
   3.270000E+03  1.005853E-08  3.869930E-10
   3.290000E+03  9.902992E-09  3.840579E-10
   3.310000E+03  9.732564E-09  3.808095E-10
   3.330000E+03  9.654796E-09  3.792234E-10
   3.350000E+03  9.591920E-09  3.777931E-10
   3.370000E+03  9.418183E-09  3.744904E-10
   3.390000E+03  9.737528E-09  3.807770E-10
   3.410000E+03  9.565446E-09  3.774677E-10
   3.430000E+03  9.378472E-09  3.736352E-10
   3.450000E+03  9.122004E-09  3.684967E-10
   3.470000E+03  9.272576E-09  3.716548E-10
   3.490000E+03  9.064091E-09  3.675276E-10
   3.510000E+03  9.361926E-09  3.735038E-10
   3.530000E+03  9.102148E-09  3.682298E-10
   3.550000E+03  8.996251E-09  3.660181E-10
   3.570000E+03  9.024380E-09  3.665218E-10
   3.590000E+03  8.681871E-09  3.594382E-10
   3.610000E+03  8.812587E-09  3.622000E-10
   3.630000E+03  8.719927E-09  3.605664E-10
   3.650000E+03  8.815896E-09  3.624040E-10
   3.670000E+03  8.475041E-09  3.551339E-10
   3.690000E+03  1.389526E-07  1.902464E-08
   3.710000E+03  8.527990E-09  3.565173E-10
   3.730000E+03  8.398928E-09  3.538154E-10
   3.750000E+03  8.349289E-09  3.526309E-10
   3.770000E+03  8.203681E-09  3.495471E-10
   3.790000E+03  8.190444E-09  3.492654E-10
   3.810000E+03  8.215264E-09  3.497229E-10
   3.830000E+03  8.322815E-09  3.522122E-10
   3.850000E+03  8.173898E-09  3.491247E-10
   3.870000E+03  8.005125E-09  3.452974E-10
   3.890000E+03  7.990233E-09  3.449051E-10
   3.910000E+03  7.996852E-09  3.450477E-10
   3.930000E+03  7.955486E-09  3.442267E-10
   3.950000E+03  7.953831E-09  3.441910E-10
   3.970000E+03  7.876063E-09  3.423628E-10
   3.990000E+03  7.798296E-09  3.407417E-10
   4.010000E+03  2.335174E-08  6.584721E-09
   4.030000E+03  7.689090E-09  3.384228E-10
   4.050000E+03  7.639451E-09  3.372573E-10
   4.070000E+03  7.444204E-09  3.329242E-10
   4.090000E+03  7.555064E-09  3.353914E-10
   4.110000E+03  7.315142E-09  3.301033E-10
   4.130000E+03  7.391255E-09  3.317393E-10
   4.150000E+03  7.487224E-09  3.339575E-10
   4.170000E+03  7.579884E-09  3.360146E-10
   4.190000E+03  7.277085E-09  3.290950E-10
   4.210000E+03  7.144715E-09  3.261655E-10
   4.230000E+03  7.063638E-09  3.242355E-10
   4.250000E+03  7.177807E-09  3.269192E-10
   4.270000E+03  7.098385E-09  3.252589E-10
   4.290000E+03  7.124859E-09  3.257124E-10
   4.310000E+03  6.853499E-09  3.195332E-10
   4.330000E+03  6.891555E-09  3.203409E-10
   4.350000E+03  7.002416E-09  3.229808E-10
   4.370000E+03  6.860117E-09  3.197643E-10
   4.390000E+03  6.706236E-09  3.160090E-10
   4.410000E+03  6.848535E-09  3.193405E-10
   4.430000E+03  6.577175E-09  3.128778E-10
   4.450000E+03  6.691345E-09  3.155802E-10
   4.470000E+03  6.492788E-09  3.109445E-10
   4.490000E+03  6.418330E-09  3.092380E-10
   4.510000E+03  6.529190E-09  3.120510E-10
   4.530000E+03  6.372000E-09  3.080416E-10
   4.550000E+03  6.453077E-09  3.099932E-10
   4.570000E+03  6.419984E-09  3.091981E-10
   4.590000E+03  6.489479E-09  3.108654E-10
   4.610000E+03  6.242939E-09  3.049901E-10
   4.630000E+03  6.206537E-09  3.041010E-10
   4.650000E+03  6.246248E-09  3.049092E-10
   4.670000E+03  6.115532E-09  3.017852E-10
   4.690000E+03  6.011290E-09  2.991224E-10
   4.710000E+03  6.074166E-09  3.008458E-10
   4.730000E+03  5.959996E-09  2.978442E-10
   4.750000E+03  6.204882E-09  3.039795E-10
   4.770000E+03  6.080784E-09  3.010094E-10
   4.790000E+03  5.941795E-09  2.974721E-10
   4.810000E+03  6.007980E-09  2.993696E-10
   4.830000E+03  5.835898E-09  2.948121E-10
   4.850000E+03  5.867336E-09  2.956043E-10
   4.870000E+03  5.784605E-09  2.934310E-10
   4.890000E+03  5.663816E-09  2.903528E-10
   4.910000E+03  5.595976E-09  2.886094E-10
   4.930000E+03  5.543028E-09  2.872414E-10
   4.950000E+03  5.665471E-09  2.905648E-10
   4.970000E+03  5.834244E-09  2.947704E-10
   4.990000E+03  5.463605E-09  2.851771E-10
   5.010001E+03  5.769713E-09  2.930533E-10
   5.030001E+03  5.367636E-09  2.826625E-10
   5.050001E+03  5.554610E-09  2.877982E-10
   5.070001E+03  5.486770E-09  2.858669E-10
   5.090001E+03  5.437131E-09  2.845722E-10
   5.110001E+03  5.293178E-09  2.807838E-10
   5.130001E+03  5.193900E-09  2.781409E-10
   5.150001E+03  5.220374E-09  2.789365E-10
   5.170001E+03  5.276632E-09  2.803450E-10
   5.190001E+03  5.289869E-09  2.806961E-10
   5.210001E+03  5.121096E-09  2.760975E-10
   5.230001E+03  5.174044E-09  2.775206E-10
   5.250001E+03  5.185627E-09  2.778309E-10
   5.270001E+03  5.235266E-09  2.792452E-10
   5.290001E+03  5.149225E-09  2.768544E-10
   5.310001E+03  5.190591E-09  2.779638E-10
   5.330001E+03  5.094622E-09  2.753832E-10
   5.350001E+03  5.066493E-09  2.746223E-10
   5.370001E+03  5.119441E-09  2.761422E-10
   5.390001E+03  4.985416E-09  2.724170E-10
   5.410001E+03  5.040019E-09  2.739941E-10
   5.430001E+03  4.834844E-09  2.683651E-10
   5.450001E+03  4.924194E-09  2.708308E-10
   5.470001E+03  4.909303E-09  2.703303E-10
   5.490001E+03  4.697509E-09  2.646234E-10
   5.510001E+03  4.765349E-09  2.666164E-10
   5.530001E+03  4.583339E-09  2.612994E-10
   5.550001E+03  4.889447E-09  2.697833E-10
   5.570001E+03  4.500608E-09  2.588378E-10
   5.590001E+03  4.632978E-09  2.626152E-10
   5.610001E+03  4.589958E-09  2.613936E-10
   5.630001E+03  4.700819E-09  2.645302E-10
   5.650001E+03  4.522118E-09  2.594554E-10
   5.670001E+03  5.102046E-09  1.353352E-09
   5.690001E+03  4.603195E-09  2.617701E-10
   5.710001E+03  4.639597E-09  2.628964E-10
   5.730001E+03  4.422840E-09  2.566886E-10
   5.750001E+03  4.383129E-09  2.557277E-10
   5.770001E+03  4.364928E-09  2.549078E-10
   5.790001E+03  4.285505E-09  2.526764E-10
   5.810001E+03  4.181263E-09  2.494891E-10
   5.830001E+03  4.697912E-09  9.735071E-10
   5.850001E+03  4.351691E-09  2.545211E-10
   5.870001E+03  4.297088E-09  2.529198E-10
   5.890001E+03  3.675211E-07  3.129977E-08
   5.910001E+03  4.171335E-09  2.491928E-10
   5.930001E+03  4.229247E-09  2.511124E-10
   5.950001E+03  4.211047E-09  2.504742E-10
   5.970001E+03  4.100186E-09  2.472586E-10
   5.990001E+03  3.999253E-09  2.440004E-10
   6.010001E+03  4.214356E-09  2.504741E-10
   6.030001E+03  4.015800E-09  2.445045E-10
   6.050001E+03  4.161407E-09  2.488962E-10
   6.070001E+03  4.009181E-09  2.443030E-10
   6.090001E+03  3.995944E-09  2.440005E-10
   6.110001E+03  3.929759E-09  2.418718E-10
   6.130001E+03  4.002562E-09  2.441013E-10
   6.150001E+03  3.726238E-09  2.355273E-10
   6.170001E+03  3.752713E-09  2.363622E-10
   6.190001E+03  3.822207E-09  2.385401E-10
   6.210001E+03  3.933068E-09  2.421772E-10
   6.230001E+03  3.746094E-09  2.362581E-10
   6.250001E+03  3.946305E-09  2.424819E-10
   6.270001E+03  3.818898E-09  2.384368E-10
   6.290001E+03  3.805661E-09  2.381268E-10
   6.310001E+03  4.098934E-09  9.689184E-10
   6.330001E+03  3.618687E-09  2.321044E-10
   6.350001E+03  3.775877E-09  2.370904E-10
   6.370001E+03  3.822207E-09  2.387466E-10
   6.390001E+03  1.971408E-07  2.282061E-08
   6.410001E+03  3.650923E-07  3.113036E-08
   6.430001E+03  3.537610E-09  2.294903E-10
   6.450001E+03  3.517754E-09  2.288455E-10
   6.470001E+03  3.454878E-09  2.269003E-10
   6.490001E+03  5.321470E-08  1.158500E-08
   6.510001E+03  3.530991E-09  2.293830E-10
   6.530001E+03  3.466461E-09  2.273883E-10
   6.550001E+03  3.398621E-09  2.251571E-10
   6.570001E+03  3.296033E-09  2.215182E-10
   6.590001E+03  3.368837E-09  2.239506E-10
   6.610001E+03  3.322507E-09  2.225166E-10
   6.630001E+03  3.243085E-09  2.197322E-10
   6.650001E+03  3.322507E-09  2.226273E-10
   6.670001E+03  3.289415E-09  2.212957E-10
   6.690001E+03  3.360564E-09  2.237857E-10
   6.710001E+03  3.302652E-09  2.217404E-10
   6.730001E+03  3.216611E-09  2.188337E-10
   6.750001E+03  3.284451E-09  2.211287E-10
   6.770001E+03  3.228193E-09  2.192273E-10
   6.790001E+03  3.243085E-09  2.198443E-10
   6.810001E+03  3.274523E-09  2.207944E-10
   6.830001E+03  3.224884E-09  2.191149E-10
   6.850001E+03  3.092513E-09  2.145720E-10
   6.870001E+03  3.163662E-09  2.170256E-10
   6.890001E+03  3.128915E-09  2.158308E-10
   6.910001E+03  3.059420E-09  2.134211E-10
   6.930001E+03  3.114023E-09  2.154311E-10
   6.950001E+03  3.036256E-09  2.126118E-10
   6.970001E+03  3.032946E-09  2.126119E-10
   6.990001E+03  3.016400E-09  2.119157E-10
   7.010001E+03  2.999854E-09  2.113338E-10
   7.030001E+03  2.875756E-09  2.069174E-10
   7.050001E+03  7.257698E-08  1.371285E-08
   7.070001E+03  3.049493E-09  2.131903E-10
   7.090001E+03  2.968415E-09  2.102238E-10
   7.110001E+03  3.288163E-09  9.626715E-10
   7.130001E+03  2.932014E-09  2.089311E-10
   7.150001E+03  2.877411E-09  2.069770E-10
   7.170001E+03  2.801297E-09  2.042218E-10
   7.190001E+03  2.726839E-09  2.014900E-10
   7.210001E+03  2.893957E-09  2.075711E-10
   7.230001E+03  2.697055E-09  2.003868E-10
   7.250001E+03  2.819498E-09  2.048840E-10
   7.270001E+03  2.697055E-09  2.003868E-10
   7.290001E+03  2.698710E-09  2.004483E-10
   7.310001E+03  2.816189E-09  2.047637E-10
   7.330001E+03  2.680509E-09  1.997714E-10
   7.350001E+03  2.658999E-09  1.989684E-10
   7.370001E+03  2.705329E-09  2.006939E-10
   7.390001E+03  2.566339E-09  1.954716E-10
   7.410001E+03  2.711947E-09  2.009392E-10
   7.430001E+03  2.592813E-09  1.964770E-10
   7.450001E+03  2.582886E-09  1.961006E-10
   7.470001E+03  2.650726E-09  1.986587E-10
   7.490001E+03  2.488571E-09  1.924877E-10
   7.510001E+03  2.624251E-09  1.976643E-10
   7.530001E+03  2.529937E-09  1.940806E-10
   7.550001E+03  2.655689E-09  1.989684E-10
   7.570001E+03  2.521664E-09  1.937631E-10
   7.590001E+03  2.414113E-09  1.895868E-10
   7.610001E+03  2.377711E-09  1.881523E-10
   7.630001E+03  2.367783E-09  1.877591E-10
   7.650001E+03  2.336345E-09  1.866408E-10
   7.670001E+03  2.498499E-09  1.929989E-10
   7.690001E+03  2.405840E-09  1.892617E-10
   7.710001E+03  2.443896E-09  1.907525E-10
   7.730001E+03  2.483607E-09  1.922957E-10
   7.750001E+03  2.407494E-09  1.894569E-10
   7.770001E+03  2.402530E-09  1.891315E-10
   7.790001E+03  2.324762E-09  1.860459E-10
   7.810001E+03  2.255268E-09  1.832446E-10
   7.830001E+03  2.321453E-09  1.859135E-10
   7.850001E+03  2.429004E-09  1.901705E-10
   7.870001E+03  2.326417E-09  1.861121E-10
   7.890001E+03  2.293324E-09  1.847839E-10
   7.910001E+03  2.278433E-09  1.841831E-10
   7.930001E+03  2.372747E-09  1.879558E-10
   7.950001E+03  2.225484E-09  1.821662E-10
   7.970001E+03  2.238721E-09  1.825713E-10
   7.990001E+03  2.179155E-09  1.801265E-10
   8.010001E+03  2.301598E-09  1.851169E-10
   8.030001E+03  2.172536E-09  1.798528E-10
   8.050001E+03  2.275123E-09  1.840494E-10
   8.070001E+03  2.157644E-09  1.792354E-10
   8.090001E+03  2.167572E-09  1.796472E-10
   8.110001E+03  2.139443E-09  1.786160E-10
   8.130001E+03  2.064985E-09  1.753452E-10
   8.150001E+03  2.076567E-09  1.758362E-10
   8.170001E+03  2.056712E-09  1.749937E-10
   8.190001E+03  2.151026E-09  1.789604E-10
   8.210001E+03  2.046784E-09  1.745709E-10
   8.230001E+03  2.213902E-09  1.815566E-10
   8.250001E+03  2.028583E-09  1.737931E-10
   8.270001E+03  2.104696E-09  1.770229E-10
   8.290001E+03  2.048438E-09  1.746414E-10
   8.310001E+03  2.060021E-09  1.752750E-10
   8.330001E+03  1.978944E-09  1.716540E-10
   8.350001E+03  2.023619E-09  1.735804E-10
   8.370001E+03  2.043474E-09  1.744297E-10
   8.390001E+03  2.043474E-09  1.744297E-10
   8.410001E+03  2.010382E-09  1.730118E-10
   8.430001E+03  1.904485E-09  1.683942E-10
   8.450001E+03  1.939232E-09  1.699232E-10
   8.470001E+03  1.902830E-09  1.683211E-10
   8.490001E+03  1.849882E-09  1.659631E-10
   8.510001E+03  1.932614E-09  1.696330E-10
   8.530001E+03  1.927650E-09  1.694151E-10
   8.550001E+03  1.881320E-09  1.673671E-10
   8.570001E+03  1.940887E-09  1.699957E-10
   8.590001E+03  1.848227E-09  1.658888E-10
   8.610001E+03  1.937578E-09  1.698507E-10
   8.630001E+03  1.768805E-09  1.622859E-10
   8.650001E+03  1.876356E-09  1.672936E-10
   8.670001E+03  1.854846E-09  1.661855E-10
   8.690001E+03  1.864774E-09  1.666296E-10
   8.710001E+03  1.830027E-09  1.650701E-10
   8.730001E+03  1.821753E-09  1.648462E-10
   8.750001E+03  1.796934E-09  1.635710E-10
   8.770001E+03  1.783697E-09  1.629675E-10
   8.790001E+03  1.730748E-09  1.605308E-10
   8.810001E+03  1.682764E-09  1.582902E-10
   8.830001E+03  1.725784E-09  1.603005E-10
   8.850001E+03  1.729094E-09  1.604541E-10
   8.870001E+03  1.742331E-09  1.612199E-10
   8.890001E+03  1.753913E-09  1.616014E-10
   8.910001E+03  1.767150E-09  1.622100E-10
   8.930001E+03  1.629816E-09  1.557803E-10
   8.950001E+03  1.682764E-09  1.582902E-10
   8.970001E+03  1.638089E-09  1.561751E-10
   8.990001E+03  1.669527E-09  1.576665E-10
   9.010001E+03  1.576867E-09  1.532293E-10
   9.030001E+03  1.691037E-09  1.586788E-10
   9.050001E+03  1.729094E-09  1.604541E-10
   9.070001E+03  1.527228E-09  1.507985E-10
   9.090001E+03  1.623197E-09  1.554637E-10
   9.110001E+03  1.618233E-09  1.552259E-10
   9.130001E+03  1.611615E-09  1.549081E-10
   9.150001E+03  1.543775E-09  1.516131E-10
   9.170001E+03  1.588450E-09  1.537910E-10
   9.190001E+03  1.560321E-09  1.524234E-10
   9.210001E+03  1.547084E-09  1.517755E-10
   9.230001E+03  1.480898E-09  1.484939E-10
   9.250001E+03  1.561976E-09  1.525041E-10
   9.270001E+03  1.456079E-09  1.472444E-10
   9.290001E+03  1.485862E-09  1.487425E-10
   9.310001E+03  1.528883E-09  1.508802E-10
   9.330001E+03  1.451115E-09  1.469933E-10
   9.350001E+03  1.552048E-09  1.520188E-10
   9.370001E+03  1.469316E-09  1.479121E-10
   9.390001E+03  1.446151E-09  1.467417E-10
   9.410001E+03  1.467661E-09  1.478288E-10
   9.430001E+03  1.510682E-09  1.499795E-10
   9.450001E+03  1.361765E-09  1.423964E-10
   9.470001E+03  1.386584E-09  1.436881E-10
   9.490001E+03  1.421332E-09  1.454771E-10
   9.510001E+03  1.413058E-09  1.450532E-10
   9.530001E+03  1.389894E-09  1.438594E-10
   9.550001E+03  1.436223E-09  1.462372E-10
   9.570001E+03  1.391548E-09  1.439450E-10
   9.590001E+03  1.383275E-09  1.436881E-10
   9.610001E+03  1.399821E-09  1.443723E-10
   9.630001E+03  1.444497E-09  1.466577E-10
   9.650001E+03  1.409749E-09  1.448832E-10
   9.670001E+03  1.285652E-09  1.383602E-10
   9.690001E+03  1.297234E-09  1.389820E-10
   9.710001E+03  1.293925E-09  1.388046E-10
   9.730001E+03  1.353492E-09  1.419633E-10
   9.750001E+03  1.355146E-09  1.420500E-10
   9.770001E+03  1.279033E-09  1.380036E-10
   9.790001E+03  1.371693E-09  1.429145E-10
   9.810001E+03  1.275724E-09  1.378250E-10
   9.830001E+03  1.283997E-09  1.382711E-10
   9.850001E+03  1.368383E-09  1.427420E-10
   9.870001E+03  1.234358E-09  1.355723E-10
   9.890001E+03  1.174791E-09  1.322610E-10
   9.910001E+03  1.313780E-09  1.398654E-10
   9.930001E+03  1.295579E-09  1.388933E-10
   9.950001E+03  1.295579E-09  1.388933E-10
   9.970001E+03  1.245940E-09  1.362068E-10
   9.990001E+03  1.217811E-09  1.346606E-10
   1.001000E+04  1.204574E-09  1.339269E-10
   1.003000E+04  1.211193E-09  1.342943E-10
   1.005000E+04  1.204574E-09  1.339269E-10
   1.007000E+04  1.149971E-09  1.308565E-10
   1.009000E+04  1.115224E-09  1.288646E-10
   1.011000E+04  1.130116E-09  1.297220E-10
   1.013000E+04  1.146662E-09  1.306681E-10
   1.015000E+04  1.141698E-09  1.303850E-10
   1.017000E+04  1.214502E-09  1.344776E-10
   1.019000E+04  1.143353E-09  1.304795E-10
   1.021000E+04  1.143353E-09  1.304795E-10
   1.023000E+04  1.093714E-09  1.276159E-10
   1.025000E+04  1.140044E-09  1.302905E-10
   1.027000E+04  1.044075E-09  1.246865E-10
   1.029000E+04  1.032492E-09  1.239931E-10
   1.031000E+04  1.068894E-09  1.261597E-10
   1.033000E+04  1.075513E-09  1.265497E-10
   1.035000E+04  1.088750E-09  1.273260E-10
   1.037000E+04  1.141698E-09  1.303850E-10
   1.039000E+04  1.106951E-09  1.283858E-10
   1.041000E+04  1.049039E-09  1.249826E-10
   1.043000E+04  1.054003E-09  1.252779E-10
   1.045000E+04  1.070549E-09  1.262573E-10
   1.047000E+04  9.993996E-10  1.219900E-10
   1.049000E+04  9.927811E-10  1.215854E-10
   1.051000E+04  1.075513E-09  1.265497E-10
   1.053000E+04  1.017601E-09  1.230957E-10
   1.055000E+04  9.894718E-10  1.213826E-10
   1.057000E+04  9.299050E-10  1.176725E-10
   1.059000E+04  1.108606E-09  1.284817E-10
   1.061000E+04  1.037456E-09  1.242907E-10
   1.063000E+04  9.778894E-10  1.206701E-10
   1.065000E+04  9.911265E-10  1.214840E-10
   1.067000E+04  9.431420E-10  1.185070E-10
   1.069000E+04  9.944357E-10  1.216867E-10
   1.071000E+04  9.960904E-10  1.217879E-10
   1.073000E+04  9.629977E-10  1.197479E-10
   1.075000E+04  8.885391E-10  1.150257E-10
   1.077000E+04  1.004364E-09  1.222925E-10
   1.079000E+04  9.927811E-10  1.215854E-10
   1.081000E+04  9.894718E-10  1.213826E-10
   1.083000E+04  8.422093E-10  1.119869E-10
   1.085000E+04  8.868845E-10  1.149185E-10
   1.087000E+04  8.405547E-10  1.118769E-10
   1.089000E+04  9.133586E-10  1.166210E-10
   1.091000E+04  9.150133E-10  1.167266E-10
   1.093000E+04  8.124259E-10  1.099891E-10
   1.095000E+04  9.927811E-10  1.215854E-10
   1.097000E+04  8.753020E-10  1.141657E-10
   1.099000E+04  9.133586E-10  1.166210E-10
   1.101000E+04  9.067401E-10  1.161977E-10
   1.103000E+04  8.173898E-10  1.103246E-10
   1.105000E+04  8.206990E-10  1.105477E-10
   1.107000E+04  8.637196E-10  1.134079E-10
   1.109000E+04  7.809878E-10  1.078402E-10
   1.111000E+04  8.819205E-10  1.145965E-10
   1.113000E+04  8.008434E-10  1.092023E-10
   1.115000E+04  8.107712E-10  1.098771E-10
   1.117000E+04  7.776785E-10  1.078402E-10
   1.119000E+04  7.892610E-10  1.084098E-10
   1.121000E+04  7.809878E-10  1.078402E-10
   1.123000E+04  7.793332E-10  1.077259E-10
   1.125000E+04  7.594775E-10  1.063448E-10
   1.127000E+04  8.322815E-10  1.113250E-10
   1.129000E+04  7.694054E-10  1.070376E-10
   1.131000E+04  6.982560E-10  1.019688E-10
   1.133000E+04  7.975342E-10  1.089765E-10
   1.135000E+04  7.545136E-10  1.059967E-10
   1.137000E+04  7.644414E-10  1.066918E-10
   1.139000E+04  7.826424E-10  1.079543E-10
   1.141000E+04  7.627868E-10  1.065762E-10
   1.143000E+04  7.793332E-10  1.077259E-10
   1.145000E+04  7.512044E-10  1.057640E-10
   1.147000E+04  7.164570E-10  1.032891E-10
   1.149000E+04  7.809878E-10  1.078402E-10
   1.151000E+04  6.833643E-10  1.008757E-10
   1.153000E+04  6.552355E-10  9.877782E-11
   1.155000E+04  6.552355E-10  9.877782E-11
   1.157000E+04  6.502716E-10  9.840297E-11
   1.159000E+04  6.784004E-10  1.005086E-10
   1.161000E+04  6.767458E-10  1.003860E-10
   1.163000E+04  6.370345E-10  9.739631E-11
   1.165000E+04  6.800551E-10  1.006311E-10
   1.167000E+04  5.956687E-10  9.418118E-11
   1.169000E+04  6.386892E-10  9.752271E-11
   1.171000E+04  6.601994E-10  9.915125E-11
   1.173000E+04  6.436531E-10  9.790093E-11
   1.175000E+04  6.535809E-10  9.865302E-11
   1.177000E+04  6.635087E-10  9.939942E-11
   1.179000E+04  5.807769E-10  9.299652E-11
   1.181000E+04  6.337253E-10  9.739634E-11
   1.183000E+04  5.973233E-10  9.431189E-11
   1.185000E+04  5.741584E-10  9.246513E-11
   1.187000E+04  5.725038E-10  9.233181E-11
   1.189000E+04  6.138696E-10  9.560916E-11
   1.191000E+04  5.708491E-10  9.219829E-11
   1.193000E+04  5.361018E-10  8.934833E-11
   1.195000E+04  5.410657E-10  8.976101E-11
   1.197000E+04  5.509935E-10  9.058073E-11
   1.199000E+04  4.996998E-10  8.626171E-11
   1.201000E+04  5.592667E-10  9.125820E-11
   1.203000E+04  6.006326E-10  9.457277E-11
   1.205000E+04  5.443750E-10  9.003508E-11
   1.207000E+04  5.923594E-10  9.391922E-11
   1.209000E+04  5.576121E-10  9.112311E-11
   1.211000E+04  5.840862E-10  9.326108E-11
   1.213000E+04  5.526481E-10  9.071663E-11
   1.215000E+04  5.625760E-10  9.152778E-11
   1.217000E+04  5.427203E-10  8.989815E-11
   1.219000E+04  5.179008E-10  8.781859E-11
   1.221000E+04  5.443750E-10  9.003508E-11
   1.223000E+04  5.261740E-10  8.851720E-11
   1.225000E+04  4.666071E-10  8.335655E-11
   1.227000E+04  5.096276E-10  8.711437E-11
   1.229000E+04  4.748803E-10  8.409225E-11
   1.231000E+04  5.212101E-10  8.809870E-11
   1.233000E+04  4.219320E-10  7.926584E-11
   1.235000E+04  5.311379E-10  8.893374E-11
   1.237000E+04  4.914266E-10  8.554467E-11
   1.239000E+04  4.765349E-10  8.423862E-11
   1.241000E+04  3.689836E-10  7.412579E-11
   1.243000E+04  4.881174E-10  8.525617E-11
   1.245000E+04  4.930813E-10  8.568856E-11
   1.247000E+04  4.980452E-10  8.611878E-11
   1.249000E+04  4.384783E-10  8.080507E-11
   1.251000E+04  4.004217E-10  7.721898E-11
   1.253000E+04  4.252412E-10  7.957607E-11
   1.255000E+04  3.722929E-10  7.445744E-11
   1.257000E+04  4.335144E-10  8.034640E-11
   1.259000E+04  4.302051E-10  8.003916E-11
   1.261000E+04  4.583339E-10  8.261430E-11
   1.263000E+04  3.871846E-10  7.593195E-11
   1.265000E+04  4.169681E-10  7.879821E-11
   1.267000E+04  4.450969E-10  8.141262E-11
   1.269000E+04  3.888393E-10  7.609402E-11
   1.271000E+04  3.954578E-10  7.673887E-11
   1.273000E+04  4.484061E-10  8.171469E-11
   1.275000E+04  3.954578E-10  7.673887E-11
   1.277000E+04  4.186227E-10  7.895439E-11
   1.279000E+04  3.673290E-10  7.395941E-11
   1.281000E+04  3.441641E-10  7.158945E-11
   1.283000E+04  3.789115E-10  7.511635E-11
   1.285000E+04  3.756022E-10  7.478762E-11
   1.287000E+04  3.557466E-10  7.278408E-11
   1.289000E+04  3.259631E-10  6.967080E-11
   1.291000E+04  3.673290E-10  7.395941E-11
   1.293000E+04  3.822207E-10  7.544365E-11
   1.295000E+04  3.590558E-10  7.312182E-11
   1.297000E+04  3.574012E-10  7.295314E-11
   1.299000E+04  3.094168E-10  6.787952E-11
   1.301000E+04  4.004217E-10  7.721898E-11
   1.303000E+04  3.375456E-10  7.089777E-11
   1.305000E+04  3.243085E-10  6.949375E-11
   1.307000E+04  2.763241E-10  6.414707E-11
   1.309000E+04  3.557466E-10  7.278408E-11
   1.311000E+04  3.127260E-10  6.824154E-11
   1.313000E+04  2.812880E-10  6.472066E-11
   1.315000E+04  3.143807E-10  6.842183E-11
   1.317000E+04  2.597777E-10  6.219689E-11
   1.319000E+04  3.226539E-10  6.931625E-11
   1.321000E+04  2.564685E-10  6.179947E-11
   1.323000E+04  3.094168E-10  6.787952E-11
   1.325000E+04  2.829426E-10  6.491073E-11
   1.327000E+04  2.895612E-10  6.566552E-11
   1.329000E+04  2.845972E-10  6.510025E-11
   1.331000E+04  2.647416E-10  6.278831E-11
   1.333000E+04  2.978343E-10  6.659697E-11
   1.335000E+04  2.779787E-10  6.433883E-11
   1.337000E+04  2.779787E-10  6.433883E-11
   1.339000E+04  2.465406E-10  6.059158E-11
   1.341000E+04  2.697055E-10  6.337420E-11
   1.343000E+04  2.250304E-10  5.788805E-11
   1.345000E+04  2.018655E-10  5.482767E-11
   1.347000E+04  2.465406E-10  6.059158E-11
   1.349000E+04  2.316489E-10  5.873316E-11
   1.351000E+04  2.217211E-10  5.746084E-11
   1.353000E+04  2.730148E-10  6.376181E-11
   1.355000E+04  2.432314E-10  6.018355E-11
   1.357000E+04  2.333036E-10  5.894255E-11
   1.359000E+04  2.316489E-10  5.873316E-11
   1.361000E+04  1.820099E-10  5.206149E-11
   1.363000E+04  2.084840E-10  5.571922E-11
   1.365000E+04  2.233757E-10  5.767484E-11
   1.367000E+04  2.415767E-10  5.997850E-11
   1.369000E+04  2.233757E-10  5.767484E-11
   1.371000E+04  2.018655E-10  5.482767E-11
   1.373000E+04  2.018655E-10  5.482767E-11
   1.375000E+04  2.233757E-10  5.767484E-11
   1.377000E+04  1.886284E-10  5.299960E-11
   1.379000E+04  1.836645E-10  5.229760E-11
   1.381000E+04  2.084840E-10  5.571922E-11
   1.383000E+04  2.101387E-10  5.593989E-11
   1.385000E+04  1.803552E-10  5.182431E-11
   1.387000E+04  1.820099E-10  5.206149E-11
   1.389000E+04  1.604996E-10  4.888848E-11
   1.391000E+04  1.604996E-10  4.888848E-11
   1.393000E+04  1.704274E-10  5.037779E-11
   1.395000E+04  1.770460E-10  5.134666E-11
   1.397000E+04  1.604996E-10  4.888848E-11
   1.399000E+04  1.538811E-10  4.786987E-11
   1.401000E+04  1.704274E-10  5.037779E-11
   1.403000E+04  1.290615E-10  4.383979E-11
   1.405000E+04  1.274069E-10  4.355787E-11
   1.407000E+04  1.257523E-10  4.327410E-11
   1.409000E+04  1.406440E-10  4.576468E-11
   1.411000E+04  1.174791E-10  4.182641E-11
   1.413000E+04  1.224430E-10  4.270092E-11
   1.415000E+04  1.224430E-10  4.270092E-11
   1.417000E+04  1.158245E-10  4.153082E-11
   1.419000E+04  1.058967E-10  3.971107E-11
   1.421000E+04  1.323708E-10  4.439828E-11
   1.423000E+04  1.075513E-10  4.002011E-11
   1.425000E+04  1.009327E-10  3.876918E-11
   1.427000E+04  1.472625E-10  4.682911E-11
   1.429000E+04  1.191337E-10  4.211993E-11
   1.431000E+04  8.604103E-11  3.579511E-11
   1.433000E+04  8.769566E-11  3.613765E-11
   1.435000E+04  8.107712E-11  3.474722E-11
   1.437000E+04  8.604103E-11  3.579511E-11
   1.439000E+04  1.257523E-10  4.327410E-11
   1.441000E+04  1.025874E-10  3.908567E-11
   1.443000E+04  7.776785E-11  3.403071E-11
   1.445000E+04  8.769566E-11  3.613765E-11
   1.447000E+04  6.618541E-11  3.139441E-11
   1.449000E+04  6.618541E-11  3.139441E-11
   1.451000E+04  6.122150E-11  3.019418E-11
   1.453000E+04  7.942249E-11  3.439083E-11
   1.455000E+04  5.294833E-11  2.808003E-11
   1.457000E+04  5.791223E-11  2.936679E-11
   1.459000E+04  6.287614E-11  3.059949E-11
   1.461000E+04  6.287614E-11  3.059949E-11
   1.463000E+04  5.294833E-11  2.808003E-11
   1.465000E+04  3.640197E-11  2.328275E-11
   1.467000E+04  5.791223E-11  2.936679E-11
   1.469000E+04  5.625760E-11  2.894423E-11
   1.471000E+04  4.467515E-11  2.579316E-11
   1.473000E+04  4.467515E-11  2.579316E-11
   1.475000E+04  3.474734E-11  2.274744E-11
   1.477000E+04  2.812880E-11  2.046668E-11
   1.479000E+04  4.632978E-11  2.626647E-11
   1.481000E+04  1.985562E-11  1.719546E-11
   1.483000E+04  2.481953E-11  1.922510E-11
   1.485000E+04  2.481953E-11  1.922510E-11
   1.487000E+04  1.654635E-11  1.569724E-11
   1.489000E+04  1.820099E-11  1.646340E-11
   1.491000E+04  2.812880E-11  2.046668E-11
   1.493000E+04  1.654635E-11  1.569724E-11
   1.495000E+04  4.963906E-12  8.597735E-12
   1.497000E+04  1.323708E-11  1.404004E-11
   1.499000E+04  3.309270E-12  7.020022E-12
   1.501000E+04  1.000000E-35  1.000000E-35
   1.503000E+04  1.000000E-35  1.000000E-35
   1.505000E+04  1.000000E-35  1.000000E-35
   1.507000E+04  1.000000E-35  1.000000E-35
   1.509000E+04  1.000000E-35  1.000000E-35
   1.511000E+04  1.000000E-35  1.000000E-35
   1.513000E+04  1.000000E-35  1.000000E-35
   1.515000E+04  1.000000E-35  1.000000E-35
   1.517000E+04  1.000000E-35  1.000000E-35
   1.519000E+04  1.000000E-35  1.000000E-35
   1.521000E+04  1.000000E-35  1.000000E-35
   1.523000E+04  1.000000E-35  1.000000E-35
   1.525000E+04  1.000000E-35  1.000000E-35
   1.527000E+04  1.000000E-35  1.000000E-35
   1.529000E+04  1.000000E-35  1.000000E-35
   1.531000E+04  1.000000E-35  1.000000E-35
   1.533000E+04  1.000000E-35  1.000000E-35
   1.535000E+04  1.000000E-35  1.000000E-35
   1.537000E+04  1.000000E-35  1.000000E-35
   1.539000E+04  1.000000E-35  1.000000E-35
   1.541000E+04  1.000000E-35  1.000000E-35
   1.543000E+04  1.000000E-35  1.000000E-35
   1.545000E+04  1.000000E-35  1.000000E-35
   1.547000E+04  1.000000E-35  1.000000E-35
   1.549000E+04  1.000000E-35  1.000000E-35
   1.551000E+04  1.000000E-35  1.000000E-35
   1.553000E+04  1.000000E-35  1.000000E-35
   1.555000E+04  1.000000E-35  1.000000E-35
   1.557000E+04  1.000000E-35  1.000000E-35
   1.559000E+04  1.000000E-35  1.000000E-35
   1.561000E+04  1.000000E-35  1.000000E-35
   1.563000E+04  1.000000E-35  1.000000E-35
   1.565000E+04  1.000000E-35  1.000000E-35
   1.567000E+04  1.000000E-35  1.000000E-35
   1.569000E+04  1.000000E-35  1.000000E-35
   1.571000E+04  1.000000E-35  1.000000E-35
   1.573000E+04  1.000000E-35  1.000000E-35
   1.575000E+04  1.000000E-35  1.000000E-35
   1.577000E+04  1.000000E-35  1.000000E-35
   1.579000E+04  1.000000E-35  1.000000E-35
   1.581000E+04  1.000000E-35  1.000000E-35
   1.583000E+04  1.000000E-35  1.000000E-35
   1.585000E+04  1.000000E-35  1.000000E-35
   1.587000E+04  1.000000E-35  1.000000E-35
   1.589000E+04  1.000000E-35  1.000000E-35
   1.591000E+04  1.000000E-35  1.000000E-35
   1.593000E+04  1.000000E-35  1.000000E-35
   1.595000E+04  1.000000E-35  1.000000E-35
   1.597000E+04  1.000000E-35  1.000000E-35
   1.599000E+04  1.000000E-35  1.000000E-35
   1.601000E+04  1.000000E-35  1.000000E-35
   1.603000E+04  1.000000E-35  1.000000E-35
   1.605000E+04  1.000000E-35  1.000000E-35
   1.607000E+04  1.000000E-35  1.000000E-35
   1.609000E+04  1.000000E-35  1.000000E-35
   1.611000E+04  1.000000E-35  1.000000E-35
   1.613000E+04  1.000000E-35  1.000000E-35
   1.615000E+04  1.000000E-35  1.000000E-35
   1.617000E+04  1.000000E-35  1.000000E-35
   1.619000E+04  1.000000E-35  1.000000E-35
   1.621000E+04  1.000000E-35  1.000000E-35
   1.623000E+04  1.000000E-35  1.000000E-35
   1.625000E+04  1.000000E-35  1.000000E-35
   1.627000E+04  1.000000E-35  1.000000E-35
   1.629000E+04  1.000000E-35  1.000000E-35
   1.631000E+04  1.000000E-35  1.000000E-35
   1.633000E+04  1.000000E-35  1.000000E-35
   1.635000E+04  1.000000E-35  1.000000E-35
   1.637000E+04  1.000000E-35  1.000000E-35
   1.639000E+04  1.000000E-35  1.000000E-35
   1.641000E+04  1.000000E-35  1.000000E-35
   1.643000E+04  1.000000E-35  1.000000E-35
   1.645000E+04  1.000000E-35  1.000000E-35
   1.647000E+04  1.000000E-35  1.000000E-35
   1.649000E+04  1.000000E-35  1.000000E-35
   1.651000E+04  1.000000E-35  1.000000E-35
   1.653000E+04  1.000000E-35  1.000000E-35
   1.655000E+04  1.000000E-35  1.000000E-35
   1.657000E+04  1.000000E-35  1.000000E-35
   1.659000E+04  1.000000E-35  1.000000E-35
   1.661000E+04  1.000000E-35  1.000000E-35
   1.663000E+04  1.000000E-35  1.000000E-35
   1.665000E+04  1.000000E-35  1.000000E-35
   1.667000E+04  1.000000E-35  1.000000E-35
   1.669000E+04  1.000000E-35  1.000000E-35
   1.671000E+04  1.000000E-35  1.000000E-35
   1.673000E+04  1.000000E-35  1.000000E-35
   1.675000E+04  1.000000E-35  1.000000E-35
   1.677000E+04  1.000000E-35  1.000000E-35
   1.679000E+04  1.000000E-35  1.000000E-35
   1.681000E+04  1.000000E-35  1.000000E-35
   1.683000E+04  1.000000E-35  1.000000E-35
   1.685000E+04  1.000000E-35  1.000000E-35
   1.687000E+04  1.000000E-35  1.000000E-35
   1.689000E+04  1.000000E-35  1.000000E-35
   1.691000E+04  1.000000E-35  1.000000E-35
   1.693000E+04  1.000000E-35  1.000000E-35
   1.695000E+04  1.000000E-35  1.000000E-35
   1.697000E+04  1.000000E-35  1.000000E-35
   1.699000E+04  1.000000E-35  1.000000E-35
   1.701000E+04  1.000000E-35  1.000000E-35
   1.703000E+04  1.000000E-35  1.000000E-35
   1.705000E+04  1.000000E-35  1.000000E-35
   1.707000E+04  1.000000E-35  1.000000E-35
   1.709000E+04  1.000000E-35  1.000000E-35
   1.711000E+04  1.000000E-35  1.000000E-35
   1.713000E+04  1.000000E-35  1.000000E-35
   1.715000E+04  1.000000E-35  1.000000E-35
   1.717000E+04  1.000000E-35  1.000000E-35
   1.719000E+04  1.000000E-35  1.000000E-35
   1.721000E+04  1.000000E-35  1.000000E-35
   1.723000E+04  1.000000E-35  1.000000E-35
   1.725000E+04  1.000000E-35  1.000000E-35
   1.727000E+04  1.000000E-35  1.000000E-35
   1.729000E+04  1.000000E-35  1.000000E-35
   1.731000E+04  1.000000E-35  1.000000E-35
   1.733000E+04  1.000000E-35  1.000000E-35
   1.735000E+04  1.000000E-35  1.000000E-35
   1.737000E+04  1.000000E-35  1.000000E-35
   1.739000E+04  1.000000E-35  1.000000E-35
   1.741000E+04  1.000000E-35  1.000000E-35
   1.743000E+04  1.000000E-35  1.000000E-35
   1.745000E+04  1.000000E-35  1.000000E-35
   1.747000E+04  1.000000E-35  1.000000E-35
   1.749000E+04  1.000000E-35  1.000000E-35
   1.751000E+04  1.000000E-35  1.000000E-35
   1.753000E+04  1.000000E-35  1.000000E-35
   1.755000E+04  1.000000E-35  1.000000E-35
   1.757000E+04  1.000000E-35  1.000000E-35
   1.759000E+04  1.000000E-35  1.000000E-35
   1.761000E+04  1.000000E-35  1.000000E-35
   1.763000E+04  1.000000E-35  1.000000E-35
   1.765000E+04  1.000000E-35  1.000000E-35
   1.767000E+04  1.000000E-35  1.000000E-35
   1.769000E+04  1.000000E-35  1.000000E-35
   1.771000E+04  1.000000E-35  1.000000E-35
   1.773000E+04  1.000000E-35  1.000000E-35
   1.775000E+04  1.000000E-35  1.000000E-35
   1.777000E+04  1.000000E-35  1.000000E-35
   1.779000E+04  1.000000E-35  1.000000E-35
   1.781000E+04  1.000000E-35  1.000000E-35
   1.783000E+04  1.000000E-35  1.000000E-35
   1.785000E+04  1.000000E-35  1.000000E-35
   1.787000E+04  1.000000E-35  1.000000E-35
   1.789000E+04  1.000000E-35  1.000000E-35
   1.791000E+04  1.000000E-35  1.000000E-35
   1.793000E+04  1.000000E-35  1.000000E-35
   1.795000E+04  1.000000E-35  1.000000E-35
   1.797000E+04  1.000000E-35  1.000000E-35
   1.799000E+04  1.000000E-35  1.000000E-35
   1.801000E+04  1.000000E-35  1.000000E-35
   1.803000E+04  1.000000E-35  1.000000E-35
   1.805000E+04  1.000000E-35  1.000000E-35
   1.807000E+04  1.000000E-35  1.000000E-35
   1.809000E+04  1.000000E-35  1.000000E-35
   1.811000E+04  1.000000E-35  1.000000E-35
   1.813000E+04  1.000000E-35  1.000000E-35
   1.815000E+04  1.000000E-35  1.000000E-35
   1.817000E+04  1.000000E-35  1.000000E-35
   1.819000E+04  1.000000E-35  1.000000E-35
   1.821000E+04  1.000000E-35  1.000000E-35
   1.823000E+04  1.000000E-35  1.000000E-35
   1.825000E+04  1.000000E-35  1.000000E-35
   1.827000E+04  1.000000E-35  1.000000E-35
   1.829000E+04  1.000000E-35  1.000000E-35
   1.831000E+04  1.000000E-35  1.000000E-35
   1.833000E+04  1.000000E-35  1.000000E-35
   1.835000E+04  1.000000E-35  1.000000E-35
   1.837000E+04  1.000000E-35  1.000000E-35
   1.839000E+04  1.000000E-35  1.000000E-35
   1.841000E+04  1.000000E-35  1.000000E-35
   1.843000E+04  1.000000E-35  1.000000E-35
   1.845000E+04  1.000000E-35  1.000000E-35
   1.847000E+04  1.000000E-35  1.000000E-35
   1.849000E+04  1.000000E-35  1.000000E-35
   1.851000E+04  1.000000E-35  1.000000E-35
   1.853000E+04  1.000000E-35  1.000000E-35
   1.855000E+04  1.000000E-35  1.000000E-35
   1.857000E+04  1.000000E-35  1.000000E-35
   1.859000E+04  1.000000E-35  1.000000E-35
   1.861000E+04  1.000000E-35  1.000000E-35
   1.863000E+04  1.000000E-35  1.000000E-35
   1.865000E+04  1.000000E-35  1.000000E-35
   1.867000E+04  1.000000E-35  1.000000E-35
   1.869000E+04  1.000000E-35  1.000000E-35
   1.871000E+04  1.000000E-35  1.000000E-35
   1.873000E+04  1.000000E-35  1.000000E-35
   1.875000E+04  1.000000E-35  1.000000E-35
   1.877000E+04  1.000000E-35  1.000000E-35
   1.879000E+04  1.000000E-35  1.000000E-35
   1.881000E+04  1.000000E-35  1.000000E-35
   1.883000E+04  1.000000E-35  1.000000E-35
   1.885000E+04  1.000000E-35  1.000000E-35
   1.887000E+04  1.000000E-35  1.000000E-35
   1.889000E+04  1.000000E-35  1.000000E-35
   1.891000E+04  1.000000E-35  1.000000E-35
   1.893000E+04  1.000000E-35  1.000000E-35
   1.895000E+04  1.000000E-35  1.000000E-35
   1.897000E+04  1.000000E-35  1.000000E-35
   1.899000E+04  1.000000E-35  1.000000E-35
   1.901000E+04  1.000000E-35  1.000000E-35
   1.903000E+04  1.000000E-35  1.000000E-35
   1.905000E+04  1.000000E-35  1.000000E-35
   1.907000E+04  1.000000E-35  1.000000E-35
   1.909000E+04  1.000000E-35  1.000000E-35
   1.911000E+04  1.000000E-35  1.000000E-35
   1.913000E+04  1.000000E-35  1.000000E-35
   1.915000E+04  1.000000E-35  1.000000E-35
   1.917000E+04  1.000000E-35  1.000000E-35
   1.919000E+04  1.000000E-35  1.000000E-35
   1.921000E+04  1.000000E-35  1.000000E-35
   1.923000E+04  1.000000E-35  1.000000E-35
   1.925000E+04  1.000000E-35  1.000000E-35
   1.927000E+04  1.000000E-35  1.000000E-35
   1.929000E+04  1.000000E-35  1.000000E-35
   1.931000E+04  1.000000E-35  1.000000E-35
   1.933000E+04  1.000000E-35  1.000000E-35
   1.935000E+04  1.000000E-35  1.000000E-35
   1.937000E+04  1.000000E-35  1.000000E-35
   1.939000E+04  1.000000E-35  1.000000E-35
   1.941000E+04  1.000000E-35  1.000000E-35
   1.943000E+04  1.000000E-35  1.000000E-35
   1.945000E+04  1.000000E-35  1.000000E-35
   1.947000E+04  1.000000E-35  1.000000E-35
   1.949000E+04  1.000000E-35  1.000000E-35
   1.951000E+04  1.000000E-35  1.000000E-35
   1.953000E+04  1.000000E-35  1.000000E-35
   1.955000E+04  1.000000E-35  1.000000E-35
   1.957000E+04  1.000000E-35  1.000000E-35
   1.959000E+04  1.000000E-35  1.000000E-35
   1.961000E+04  1.000000E-35  1.000000E-35
   1.963000E+04  1.000000E-35  1.000000E-35
   1.965000E+04  1.000000E-35  1.000000E-35
   1.967000E+04  1.000000E-35  1.000000E-35
   1.969000E+04  1.000000E-35  1.000000E-35
   1.971000E+04  1.000000E-35  1.000000E-35
   1.973000E+04  1.000000E-35  1.000000E-35
   1.975000E+04  1.000000E-35  1.000000E-35
   1.977000E+04  1.000000E-35  1.000000E-35
   1.979000E+04  1.000000E-35  1.000000E-35
   1.981000E+04  1.000000E-35  1.000000E-35
   1.983000E+04  1.000000E-35  1.000000E-35
   1.985000E+04  1.000000E-35  1.000000E-35
   1.987000E+04  1.000000E-35  1.000000E-35
   1.989000E+04  1.000000E-35  1.000000E-35
   1.991000E+04  1.000000E-35  1.000000E-35
   1.993000E+04  1.000000E-35  1.000000E-35
   1.995000E+04  1.000000E-35  1.000000E-35
   1.997000E+04  1.000000E-35  1.000000E-35
   1.999000E+04  1.000000E-35  1.000000E-35
