 #  Results from PENEPMA. Output from photon detector #  1
 #
 #  Angular intervals : theta_1 = 5.000000E+01,  theta_2 = 6.000000E+01
 #                        phi_1 = 0.000000E+00,    phi_2 = 3.600000E+02
 #  Energy window = ( 0.00000E+00, 5.00000E+02) eV, no. of channels = 1000
 #  Channel width = 5.000001E-01 eV
 #
 #  Whole spectrum. Characteristic peaks and background.
 #  1st column: photon energy (eV).
 #  2nd column: probability density (1/(eV*sr*particle)).
 #  3rd column: statistical uncertainty (3 sigma).
 #
   2.500000E-01  1.000000E-35  1.000000E-35
   7.500001E-01  1.000000E-35  1.000000E-35
   1.250000E+00  1.000000E-35  1.000000E-35
   1.750000E+00  1.000000E-35  1.000000E-35
   2.250000E+00  1.000000E-35  1.000000E-35
   2.750000E+00  1.000000E-35  1.000000E-35
   3.250000E+00  1.000000E-35  1.000000E-35
   3.750000E+00  1.000000E-35  1.000000E-35
   4.250000E+00  1.000000E-35  1.000000E-35
   4.750000E+00  1.000000E-35  1.000000E-35
   5.250001E+00  1.000000E-35  1.000000E-35
   5.750001E+00  1.000000E-35  1.000000E-35
   6.250001E+00  1.000000E-35  1.000000E-35
   6.750001E+00  1.000000E-35  1.000000E-35
   7.250001E+00  1.000000E-35  1.000000E-35
   7.750001E+00  1.000000E-35  1.000000E-35
   8.250001E+00  1.000000E-35  1.000000E-35
   8.750001E+00  1.000000E-35  1.000000E-35
   9.250001E+00  1.000000E-35  1.000000E-35
   9.750001E+00  1.000000E-35  1.000000E-35
   1.025000E+01  1.000000E-35  1.000000E-35
   1.075000E+01  1.000000E-35  1.000000E-35
   1.125000E+01  1.000000E-35  1.000000E-35
   1.175000E+01  1.000000E-35  1.000000E-35
   1.225000E+01  1.000000E-35  1.000000E-35
   1.275000E+01  1.000000E-35  1.000000E-35
   1.325000E+01  1.000000E-35  1.000000E-35
   1.375000E+01  1.000000E-35  1.000000E-35
   1.425000E+01  1.000000E-35  1.000000E-35
   1.475000E+01  1.000000E-35  1.000000E-35
   1.525000E+01  1.000000E-35  1.000000E-35
   1.575000E+01  1.000000E-35  1.000000E-35
   1.625000E+01  1.000000E-35  1.000000E-35
   1.675000E+01  1.000000E-35  1.000000E-35
   1.725000E+01  1.000000E-35  1.000000E-35
   1.775000E+01  1.000000E-35  1.000000E-35
   1.825000E+01  1.000000E-35  1.000000E-35
   1.875000E+01  1.000000E-35  1.000000E-35
   1.925000E+01  1.000000E-35  1.000000E-35
   1.975000E+01  1.000000E-35  1.000000E-35
   2.025000E+01  1.000000E-35  1.000000E-35
   2.075000E+01  1.000000E-35  1.000000E-35
   2.125000E+01  1.000000E-35  1.000000E-35
   2.175000E+01  1.000000E-35  1.000000E-35
   2.225000E+01  1.000000E-35  1.000000E-35
   2.275000E+01  1.000000E-35  1.000000E-35
   2.325000E+01  1.000000E-35  1.000000E-35
   2.375000E+01  1.000000E-35  1.000000E-35
   2.425000E+01  1.000000E-35  1.000000E-35
   2.475000E+01  1.000000E-35  1.000000E-35
   2.525000E+01  1.000000E-35  1.000000E-35
   2.575000E+01  1.000000E-35  1.000000E-35
   2.625000E+01  1.000000E-35  1.000000E-35
   2.675000E+01  1.000000E-35  1.000000E-35
   2.725000E+01  1.000000E-35  1.000000E-35
   2.775000E+01  1.000000E-35  1.000000E-35
   2.825000E+01  1.000000E-35  1.000000E-35
   2.875000E+01  1.000000E-35  1.000000E-35
   2.925000E+01  1.000000E-35  1.000000E-35
   2.975000E+01  1.000000E-35  1.000000E-35
   3.025000E+01  1.000000E-35  1.000000E-35
   3.075000E+01  1.000000E-35  1.000000E-35
   3.125000E+01  1.000000E-35  1.000000E-35
   3.175000E+01  1.000000E-35  1.000000E-35
   3.225000E+01  1.000000E-35  1.000000E-35
   3.275000E+01  1.000000E-35  1.000000E-35
   3.325000E+01  1.000000E-35  1.000000E-35
   3.375000E+01  1.000000E-35  1.000000E-35
   3.425000E+01  1.000000E-35  1.000000E-35
   3.475000E+01  1.000000E-35  1.000000E-35
   3.525000E+01  1.000000E-35  1.000000E-35
   3.575000E+01  1.000000E-35  1.000000E-35
   3.625000E+01  1.000000E-35  1.000000E-35
   3.675000E+01  1.000000E-35  1.000000E-35
   3.725000E+01  1.000000E-35  1.000000E-35
   3.775000E+01  1.000000E-35  1.000000E-35
   3.825000E+01  1.000000E-35  1.000000E-35
   3.875000E+01  1.000000E-35  1.000000E-35
   3.925000E+01  1.000000E-35  1.000000E-35
   3.975000E+01  1.000000E-35  1.000000E-35
   4.025000E+01  1.000000E-35  1.000000E-35
   4.075000E+01  1.000000E-35  1.000000E-35
   4.125000E+01  1.000000E-35  1.000000E-35
   4.175000E+01  1.000000E-35  1.000000E-35
   4.225000E+01  1.000000E-35  1.000000E-35
   4.275000E+01  1.000000E-35  1.000000E-35
   4.325000E+01  1.000000E-35  1.000000E-35
   4.375000E+01  1.000000E-35  1.000000E-35
   4.425000E+01  1.000000E-35  1.000000E-35
   4.475000E+01  1.000000E-35  1.000000E-35
   4.525000E+01  1.000000E-35  1.000000E-35
   4.575000E+01  1.000000E-35  1.000000E-35
   4.625000E+01  1.000000E-35  1.000000E-35
   4.675000E+01  1.000000E-35  1.000000E-35
   4.725000E+01  1.000000E-35  1.000000E-35
   4.775000E+01  1.000000E-35  1.000000E-35
   4.825000E+01  1.000000E-35  1.000000E-35
   4.875000E+01  1.000000E-35  1.000000E-35
   4.925000E+01  1.000000E-35  1.000000E-35
   4.975000E+01  1.000000E-35  1.000000E-35
   5.025001E+01  1.000000E-35  1.000000E-35
   5.075001E+01  1.000000E-35  1.000000E-35
   5.125001E+01  1.000000E-35  1.000000E-35
   5.175001E+01  1.000000E-35  1.000000E-35
   5.225001E+01  1.000000E-35  1.000000E-35
   5.275001E+01  1.000000E-35  1.000000E-35
   5.325001E+01  1.000000E-35  1.000000E-35
   5.375001E+01  1.000000E-35  1.000000E-35
   5.425001E+01  1.000000E-35  1.000000E-35
   5.475001E+01  1.000000E-35  1.000000E-35
   5.525001E+01  1.000000E-35  1.000000E-35
   5.575001E+01  1.000000E-35  1.000000E-35
   5.625001E+01  1.000000E-35  1.000000E-35
   5.675001E+01  1.000000E-35  1.000000E-35
   5.725001E+01  1.000000E-35  1.000000E-35
   5.775001E+01  1.000000E-35  1.000000E-35
   5.825001E+01  1.000000E-35  1.000000E-35
   5.875001E+01  1.000000E-35  1.000000E-35
   5.925001E+01  1.000000E-35  1.000000E-35
   5.975001E+01  1.000000E-35  1.000000E-35
   6.025001E+01  1.000000E-35  1.000000E-35
   6.075001E+01  1.000000E-35  1.000000E-35
   6.125001E+01  1.000000E-35  1.000000E-35
   6.175001E+01  1.000000E-35  1.000000E-35
   6.225001E+01  1.000000E-35  1.000000E-35
   6.275001E+01  1.000000E-35  1.000000E-35
   6.325001E+01  1.000000E-35  1.000000E-35
   6.375001E+01  1.000000E-35  1.000000E-35
   6.425001E+01  1.000000E-35  1.000000E-35
   6.475001E+01  1.000000E-35  1.000000E-35
   6.525001E+01  1.000000E-35  1.000000E-35
   6.575001E+01  1.000000E-35  1.000000E-35
   6.625001E+01  1.000000E-35  1.000000E-35
   6.675001E+01  1.000000E-35  1.000000E-35
   6.725001E+01  1.000000E-35  1.000000E-35
   6.775001E+01  1.000000E-35  1.000000E-35
   6.825001E+01  1.000000E-35  1.000000E-35
   6.875001E+01  1.000000E-35  1.000000E-35
   6.925001E+01  1.000000E-35  1.000000E-35
   6.975001E+01  1.000000E-35  1.000000E-35
   7.025001E+01  1.000000E-35  1.000000E-35
   7.075001E+01  1.000000E-35  1.000000E-35
   7.125001E+01  1.000000E-35  1.000000E-35
   7.175001E+01  1.000000E-35  1.000000E-35
   7.225001E+01  1.000000E-35  1.000000E-35
   7.275001E+01  1.000000E-35  1.000000E-35
   7.325001E+01  1.000000E-35  1.000000E-35
   7.375001E+01  1.000000E-35  1.000000E-35
   7.425001E+01  1.000000E-35  1.000000E-35
   7.475001E+01  1.000000E-35  1.000000E-35
   7.525001E+01  1.000000E-35  1.000000E-35
   7.575001E+01  1.000000E-35  1.000000E-35
   7.625001E+01  1.000000E-35  1.000000E-35
   7.675001E+01  1.000000E-35  1.000000E-35
   7.725001E+01  1.000000E-35  1.000000E-35
   7.775001E+01  1.000000E-35  1.000000E-35
   7.825001E+01  1.000000E-35  1.000000E-35
   7.875001E+01  1.000000E-35  1.000000E-35
   7.925001E+01  1.000000E-35  1.000000E-35
   7.975001E+01  1.000000E-35  1.000000E-35
   8.025001E+01  1.000000E-35  1.000000E-35
   8.075001E+01  1.000000E-35  1.000000E-35
   8.125001E+01  1.000000E-35  1.000000E-35
   8.175001E+01  1.000000E-35  1.000000E-35
   8.225001E+01  1.000000E-35  1.000000E-35
   8.275001E+01  1.000000E-35  1.000000E-35
   8.325001E+01  1.000000E-35  1.000000E-35
   8.375001E+01  1.000000E-35  1.000000E-35
   8.425001E+01  1.000000E-35  1.000000E-35
   8.475001E+01  1.000000E-35  1.000000E-35
   8.525001E+01  1.000000E-35  1.000000E-35
   8.575001E+01  1.000000E-35  1.000000E-35
   8.625001E+01  1.000000E-35  1.000000E-35
   8.675001E+01  1.000000E-35  1.000000E-35
   8.725001E+01  1.000000E-35  1.000000E-35
   8.775001E+01  1.000000E-35  1.000000E-35
   8.825001E+01  1.000000E-35  1.000000E-35
   8.875001E+01  1.000000E-35  1.000000E-35
   8.925001E+01  1.000000E-35  1.000000E-35
   8.975001E+01  1.000000E-35  1.000000E-35
   9.025001E+01  1.000000E-35  1.000000E-35
   9.075001E+01  1.000000E-35  1.000000E-35
   9.125001E+01  1.000000E-35  1.000000E-35
   9.175001E+01  1.000000E-35  1.000000E-35
   9.225001E+01  1.000000E-35  1.000000E-35
   9.275001E+01  1.000000E-35  1.000000E-35
   9.325001E+01  1.000000E-35  1.000000E-35
   9.375001E+01  1.000000E-35  1.000000E-35
   9.425001E+01  1.000000E-35  1.000000E-35
   9.475001E+01  1.000000E-35  1.000000E-35
   9.525001E+01  1.000000E-35  1.000000E-35
   9.575001E+01  1.000000E-35  1.000000E-35
   9.625001E+01  1.000000E-35  1.000000E-35
   9.675001E+01  1.000000E-35  1.000000E-35
   9.725001E+01  1.000000E-35  1.000000E-35
   9.775001E+01  1.000000E-35  1.000000E-35
   9.825001E+01  1.000000E-35  1.000000E-35
   9.875001E+01  1.000000E-35  1.000000E-35
   9.925001E+01  1.000000E-35  1.000000E-35
   9.975001E+01  1.000000E-35  1.000000E-35
   1.002500E+02  1.000000E-35  1.000000E-35
   1.007500E+02  1.000000E-35  1.000000E-35
   1.012500E+02  1.000000E-35  1.000000E-35
   1.017500E+02  1.000000E-35  1.000000E-35
   1.022500E+02  1.000000E-35  1.000000E-35
   1.027500E+02  1.000000E-35  1.000000E-35
   1.032500E+02  1.000000E-35  1.000000E-35
   1.037500E+02  1.000000E-35  1.000000E-35
   1.042500E+02  1.000000E-35  1.000000E-35
   1.047500E+02  1.000000E-35  1.000000E-35
   1.052500E+02  1.000000E-35  1.000000E-35
   1.057500E+02  1.000000E-35  1.000000E-35
   1.062500E+02  1.000000E-35  1.000000E-35
   1.067500E+02  1.000000E-35  1.000000E-35
   1.072500E+02  1.000000E-35  1.000000E-35
   1.077500E+02  1.000000E-35  1.000000E-35
   1.082500E+02  1.000000E-35  1.000000E-35
   1.087500E+02  1.000000E-35  1.000000E-35
   1.092500E+02  1.000000E-35  1.000000E-35
   1.097500E+02  1.000000E-35  1.000000E-35
   1.102500E+02  1.000000E-35  1.000000E-35
   1.107500E+02  1.000000E-35  1.000000E-35
   1.112500E+02  1.000000E-35  1.000000E-35
   1.117500E+02  1.000000E-35  1.000000E-35
   1.122500E+02  1.000000E-35  1.000000E-35
   1.127500E+02  1.000000E-35  1.000000E-35
   1.132500E+02  1.000000E-35  1.000000E-35
   1.137500E+02  1.000000E-35  1.000000E-35
   1.142500E+02  1.000000E-35  1.000000E-35
   1.147500E+02  1.000000E-35  1.000000E-35
   1.152500E+02  1.000000E-35  1.000000E-35
   1.157500E+02  1.000000E-35  1.000000E-35
   1.162500E+02  1.000000E-35  1.000000E-35
   1.167500E+02  1.000000E-35  1.000000E-35
   1.172500E+02  1.000000E-35  1.000000E-35
   1.177500E+02  1.000000E-35  1.000000E-35
   1.182500E+02  1.000000E-35  1.000000E-35
   1.187500E+02  1.000000E-35  1.000000E-35
   1.192500E+02  1.000000E-35  1.000000E-35
   1.197500E+02  1.000000E-35  1.000000E-35
   1.202500E+02  1.000000E-35  1.000000E-35
   1.207500E+02  1.000000E-35  1.000000E-35
   1.212500E+02  1.000000E-35  1.000000E-35
   1.217500E+02  1.000000E-35  1.000000E-35
   1.222500E+02  1.000000E-35  1.000000E-35
   1.227500E+02  1.000000E-35  1.000000E-35
   1.232500E+02  1.000000E-35  1.000000E-35
   1.237500E+02  1.000000E-35  1.000000E-35
   1.242500E+02  1.000000E-35  1.000000E-35
   1.247500E+02  1.000000E-35  1.000000E-35
   1.252500E+02  1.000000E-35  1.000000E-35
   1.257500E+02  1.000000E-35  1.000000E-35
   1.262500E+02  1.000000E-35  1.000000E-35
   1.267500E+02  1.000000E-35  1.000000E-35
   1.272500E+02  1.000000E-35  1.000000E-35
   1.277500E+02  1.000000E-35  1.000000E-35
   1.282500E+02  1.000000E-35  1.000000E-35
   1.287500E+02  1.000000E-35  1.000000E-35
   1.292500E+02  1.000000E-35  1.000000E-35
   1.297500E+02  1.000000E-35  1.000000E-35
   1.302500E+02  1.000000E-35  1.000000E-35
   1.307500E+02  1.000000E-35  1.000000E-35
   1.312500E+02  1.000000E-35  1.000000E-35
   1.317500E+02  1.000000E-35  1.000000E-35
   1.322500E+02  1.000000E-35  1.000000E-35
   1.327500E+02  1.000000E-35  1.000000E-35
   1.332500E+02  1.000000E-35  1.000000E-35
   1.337500E+02  1.000000E-35  1.000000E-35
   1.342500E+02  1.000000E-35  1.000000E-35
   1.347500E+02  1.000000E-35  1.000000E-35
   1.352500E+02  1.000000E-35  1.000000E-35
   1.357500E+02  1.000000E-35  1.000000E-35
   1.362500E+02  1.000000E-35  1.000000E-35
   1.367500E+02  1.000000E-35  1.000000E-35
   1.372500E+02  1.000000E-35  1.000000E-35
   1.377500E+02  1.000000E-35  1.000000E-35
   1.382500E+02  1.000000E-35  1.000000E-35
   1.387500E+02  1.000000E-35  1.000000E-35
   1.392500E+02  1.000000E-35  1.000000E-35
   1.397500E+02  1.000000E-35  1.000000E-35
   1.402500E+02  1.000000E-35  1.000000E-35
   1.407500E+02  1.000000E-35  1.000000E-35
   1.412500E+02  1.000000E-35  1.000000E-35
   1.417500E+02  1.000000E-35  1.000000E-35
   1.422500E+02  1.000000E-35  1.000000E-35
   1.427500E+02  1.000000E-35  1.000000E-35
   1.432500E+02  1.000000E-35  1.000000E-35
   1.437500E+02  1.000000E-35  1.000000E-35
   1.442500E+02  1.000000E-35  1.000000E-35
   1.447500E+02  1.000000E-35  1.000000E-35
   1.452500E+02  1.000000E-35  1.000000E-35
   1.457500E+02  1.000000E-35  1.000000E-35
   1.462500E+02  1.000000E-35  1.000000E-35
   1.467500E+02  1.000000E-35  1.000000E-35
   1.472500E+02  1.000000E-35  1.000000E-35
   1.477500E+02  1.000000E-35  1.000000E-35
   1.482500E+02  1.000000E-35  1.000000E-35
   1.487500E+02  1.000000E-35  1.000000E-35
   1.492500E+02  1.000000E-35  1.000000E-35
   1.497500E+02  1.000000E-35  1.000000E-35
   1.502500E+02  1.000000E-35  1.000000E-35
   1.507500E+02  1.000000E-35  1.000000E-35
   1.512500E+02  1.000000E-35  1.000000E-35
   1.517500E+02  1.000000E-35  1.000000E-35
   1.522500E+02  1.000000E-35  1.000000E-35
   1.527500E+02  1.000000E-35  1.000000E-35
   1.532500E+02  1.000000E-35  1.000000E-35
   1.537500E+02  1.000000E-35  1.000000E-35
   1.542500E+02  1.000000E-35  1.000000E-35
   1.547500E+02  1.000000E-35  1.000000E-35
   1.552500E+02  1.000000E-35  1.000000E-35
   1.557500E+02  1.000000E-35  1.000000E-35
   1.562500E+02  1.000000E-35  1.000000E-35
   1.567500E+02  1.000000E-35  1.000000E-35
   1.572500E+02  1.000000E-35  1.000000E-35
   1.577500E+02  1.000000E-35  1.000000E-35
   1.582500E+02  1.000000E-35  1.000000E-35
   1.587500E+02  1.000000E-35  1.000000E-35
   1.592500E+02  1.000000E-35  1.000000E-35
   1.597500E+02  1.000000E-35  1.000000E-35
   1.602500E+02  1.000000E-35  1.000000E-35
   1.607500E+02  1.000000E-35  1.000000E-35
   1.612500E+02  1.000000E-35  1.000000E-35
   1.617500E+02  1.000000E-35  1.000000E-35
   1.622500E+02  1.000000E-35  1.000000E-35
   1.627500E+02  1.000000E-35  1.000000E-35
   1.632500E+02  1.000000E-35  1.000000E-35
   1.637500E+02  1.000000E-35  1.000000E-35
   1.642500E+02  1.000000E-35  1.000000E-35
   1.647500E+02  1.000000E-35  1.000000E-35
   1.652500E+02  1.000000E-35  1.000000E-35
   1.657500E+02  1.000000E-35  1.000000E-35
   1.662500E+02  1.000000E-35  1.000000E-35
   1.667500E+02  1.000000E-35  1.000000E-35
   1.672500E+02  1.000000E-35  1.000000E-35
   1.677500E+02  1.000000E-35  1.000000E-35
   1.682500E+02  1.000000E-35  1.000000E-35
   1.687500E+02  1.000000E-35  1.000000E-35
   1.692500E+02  1.000000E-35  1.000000E-35
   1.697500E+02  1.000000E-35  1.000000E-35
   1.702500E+02  1.000000E-35  1.000000E-35
   1.707500E+02  1.000000E-35  1.000000E-35
   1.712500E+02  1.000000E-35  1.000000E-35
   1.717500E+02  1.000000E-35  1.000000E-35
   1.722500E+02  1.000000E-35  1.000000E-35
   1.727500E+02  1.000000E-35  1.000000E-35
   1.732500E+02  1.000000E-35  1.000000E-35
   1.737500E+02  1.000000E-35  1.000000E-35
   1.742500E+02  1.000000E-35  1.000000E-35
   1.747500E+02  1.000000E-35  1.000000E-35
   1.752500E+02  1.000000E-35  1.000000E-35
   1.757500E+02  1.000000E-35  1.000000E-35
   1.762500E+02  1.000000E-35  1.000000E-35
   1.767500E+02  1.000000E-35  1.000000E-35
   1.772500E+02  1.000000E-35  1.000000E-35
   1.777500E+02  1.000000E-35  1.000000E-35
   1.782500E+02  1.000000E-35  1.000000E-35
   1.787500E+02  1.000000E-35  1.000000E-35
   1.792500E+02  1.000000E-35  1.000000E-35
   1.797500E+02  1.000000E-35  1.000000E-35
   1.802500E+02  3.615776E-08  3.494180E-09
   1.807500E+02  3.311645E-08  3.344108E-09
   1.812500E+02  3.413022E-08  3.394871E-09
   1.817500E+02  3.398003E-08  3.394882E-09
   1.822500E+02  3.131420E-08  3.255800E-09
   1.827500E+02  3.315400E-08  3.349792E-09
   1.832500E+02  1.809782E-04  8.280122E-06
   1.837500E+02  3.694625E-08  3.532044E-09
   1.842500E+02  3.645814E-08  3.508653E-09
   1.847500E+02  3.623285E-08  3.497804E-09
   1.852500E+02  3.514399E-08  3.444885E-09
   1.857500E+02  3.120156E-08  3.253858E-09
   1.862500E+02  3.424286E-08  3.404194E-09
   1.867500E+02  3.443060E-08  3.413486E-09
   1.872500E+02  3.450569E-08  3.413481E-09
   1.877500E+02  3.570720E-08  3.472358E-09
   1.882500E+02  3.540682E-08  3.457733E-09
   1.887500E+02  3.326664E-08  3.351677E-09
   1.892500E+02  3.386739E-08  3.381784E-09
   1.897500E+02  3.337928E-08  3.357343E-09
   1.902500E+02  3.390494E-08  3.387404E-09
   1.907500E+02  3.461833E-08  3.419044E-09
   1.912500E+02  3.352947E-08  3.364882E-09
   1.917500E+02  2.973722E-08  3.169012E-09
   1.922500E+02  2.665837E-09  9.491034E-10
   1.927500E+02  2.515649E-09  9.219820E-10
   1.932500E+02  2.853572E-09  9.819521E-10
   1.937500E+02  3.078854E-09  1.019975E-09
   1.942500E+02  3.078854E-09  1.019975E-09
   1.947500E+02  3.078854E-09  1.019975E-09
   1.952500E+02  3.003760E-09  1.007460E-09
   1.957500E+02  2.628290E-09  9.423963E-10
   1.962500E+02  3.379230E-09  1.068569E-09
   1.967500E+02  2.928666E-09  9.947879E-10
   1.972500E+02  2.928666E-09  9.947879E-10
   1.977500E+02  3.416777E-09  1.074488E-09
   1.982500E+02  3.529418E-09  1.092055E-09
   1.987500E+02  3.829794E-09  1.137573E-09
   1.992500E+02  2.665837E-09  9.491034E-10
   1.997500E+02  2.966213E-09  1.001144E-09
   2.002500E+02  3.153948E-09  1.032338E-09
   2.007500E+02  3.191495E-09  1.038464E-09
   2.012500E+02  3.566965E-09  1.097848E-09
   2.017500E+02  4.167717E-09  1.186695E-09
   2.022500E+02  2.478102E-09  9.150760E-10
   2.027500E+02  3.792247E-09  1.131983E-09
   2.032500E+02  3.153948E-09  1.032338E-09
   2.037500E+02  3.416777E-09  1.074488E-09
   2.042500E+02  3.229042E-09  1.044554E-09
   2.047500E+02  3.491871E-09  1.086231E-09
   2.052500E+02  2.740931E-09  9.623775E-10
   2.057500E+02  3.491871E-09  1.086231E-09
   2.062500E+02  3.341683E-09  1.062616E-09
   2.067500E+02  4.017529E-09  1.165119E-09
   2.072500E+02  2.628290E-09  9.423963E-10
   2.077500E+02  3.341683E-09  1.062616E-09
   2.082500E+02  3.717153E-09  1.131985E-09
   2.087500E+02  3.379230E-09  1.068569E-09
   2.092500E+02  3.304136E-09  1.056630E-09
   2.097500E+02  3.642059E-09  1.109343E-09
   2.102500E+02  3.942435E-09  1.154179E-09
   2.107500E+02  3.003760E-09  1.007460E-09
   2.112500E+02  2.778478E-09  9.689463E-10
   2.117500E+02  3.341683E-09  1.062616E-09
   2.122500E+02  3.454324E-09  1.080375E-09
   2.127500E+02  3.717153E-09  1.120720E-09
   2.132500E+02  3.754700E-09  1.126366E-09
   2.137500E+02  2.703384E-09  9.557635E-10
   2.142500E+02  3.116401E-09  1.026175E-09
   2.147500E+02  3.604512E-09  1.103610E-09
   2.152500E+02  3.566965E-09  1.097848E-09
   2.157500E+02  3.304136E-09  1.056630E-09
   2.162500E+02  3.942435E-09  1.154179E-09
   2.167500E+02  3.379230E-09  1.068569E-09
   2.172500E+02  3.792247E-09  1.131983E-09
   2.177500E+02  3.341683E-09  1.062616E-09
   2.182500E+02  3.642059E-09  1.109343E-09
   2.187500E+02  2.740931E-09  9.623775E-10
   2.192500E+02  3.754700E-09  1.126366E-09
   2.197500E+02  3.942435E-09  1.154179E-09
   2.202500E+02  3.529418E-09  1.092055E-09
   2.207500E+02  3.642059E-09  1.109343E-09
   2.212500E+02  4.017529E-09  1.165119E-09
   2.217500E+02  3.491871E-09  1.086231E-09
   2.222500E+02  3.829794E-09  1.137573E-09
   2.227500E+02  3.491871E-09  1.086231E-09
   2.232500E+02  4.242811E-09  1.197337E-09
   2.237500E+02  4.092623E-09  1.175956E-09
   2.242500E+02  4.017529E-09  1.165119E-09
   2.247500E+02  3.078854E-09  1.019975E-09
   2.252500E+02  3.867341E-09  1.143135E-09
   2.257500E+02  3.717153E-09  1.120720E-09
   2.262500E+02  4.430546E-09  1.223538E-09
   2.267500E+02  3.529418E-09  1.092055E-09
   2.272500E+02  4.167717E-09  1.186695E-09
   2.277500E+02  2.966213E-09  1.001144E-09
   2.282500E+02  4.130170E-09  1.181338E-09
   2.287500E+02  3.942435E-09  1.154179E-09
   2.292500E+02  3.754700E-09  1.126366E-09
   2.297500E+02  3.566965E-09  1.097848E-09
   2.302500E+02  4.618281E-09  1.249189E-09
   2.307500E+02  4.092623E-09  1.175956E-09
   2.312500E+02  4.205264E-09  1.192028E-09
   2.317500E+02  3.529418E-09  1.092055E-09
   2.322500E+02  4.317905E-09  1.207886E-09
   2.327500E+02  3.041307E-09  1.013737E-09
   2.332500E+02  4.918657E-09  1.289169E-09
   2.337500E+02  4.242811E-09  1.197337E-09
   2.342500E+02  3.867341E-09  1.143135E-09
   2.347500E+02  4.055076E-09  1.170550E-09
   2.352500E+02  3.341683E-09  1.062616E-09
   2.357500E+02  3.304136E-09  1.056630E-09
   2.362500E+02  3.979982E-09  1.159662E-09
   2.367500E+02  3.979982E-09  1.159662E-09
   2.372500E+02  3.717153E-09  1.120720E-09
   2.377500E+02  3.529418E-09  1.092055E-09
   2.382500E+02  3.491871E-09  1.086231E-09
   2.387500E+02  4.806016E-09  1.274323E-09
   2.392500E+02  4.543187E-09  1.249191E-09
   2.397500E+02  3.792247E-09  1.131983E-09
   2.402500E+02  3.679606E-09  1.115046E-09
   2.407500E+02  4.392999E-09  1.218343E-09
   2.412500E+02  4.580734E-09  1.244101E-09
   2.417500E+02  4.092623E-09  1.175956E-09
   2.422500E+02  4.205264E-09  1.192028E-09
   2.427500E+02  4.167717E-09  1.186695E-09
   2.432500E+02  4.580734E-09  1.244101E-09
   2.437500E+02  3.792247E-09  1.131983E-09
   2.442500E+02  4.242811E-09  1.197337E-09
   2.447500E+02  4.618281E-09  1.249189E-09
   2.452500E+02  3.979982E-09  1.159662E-09
   2.457500E+02  4.612489E-08  1.263274E-07
   2.462500E+02  4.730922E-09  1.264329E-09
   2.467500E+02  3.191495E-09  1.038464E-09
   2.472500E+02  4.956204E-09  1.294079E-09
   2.477500E+02  4.130170E-09  1.181338E-09
   2.482500E+02  4.167717E-09  1.186695E-09
   2.487500E+02  4.505640E-09  1.233862E-09
   2.492500E+02  4.167717E-09  1.186695E-09
   2.497500E+02  3.979982E-09  1.159662E-09
   2.502500E+02  3.942435E-09  1.154179E-09
   2.507500E+02  3.717153E-09  1.120720E-09
   2.512500E+02  4.618281E-09  1.249189E-09
   2.517500E+02  4.430546E-09  1.223538E-09
   2.522500E+02  3.529418E-09  1.103612E-09
   2.527500E+02  4.317905E-09  1.207886E-09
   2.532500E+02  5.143939E-09  1.318358E-09
   2.537500E+02  5.031298E-09  1.303845E-09
   2.542500E+02  4.468093E-09  1.228711E-09
   2.547500E+02  4.392999E-09  1.218343E-09
   2.552500E+02  4.392999E-09  1.218343E-09
   2.557500E+02  5.143939E-09  1.318358E-09
   2.562500E+02  4.167717E-09  1.186695E-09
   2.567500E+02  4.205264E-09  1.192028E-09
   2.572500E+02  4.505640E-09  1.233862E-09
   2.577500E+02  4.693375E-09  1.259303E-09
   2.582500E+02  4.317905E-09  1.207886E-09
   2.587500E+02  4.612489E-08  1.263274E-07
   2.592500E+02  3.829794E-09  1.137573E-09
   2.597500E+02  4.768469E-09  1.269336E-09
   2.602500E+02  4.918657E-09  1.289169E-09
   2.607500E+02  4.317905E-09  1.207886E-09
   2.612500E+02  4.655828E-09  1.254256E-09
   2.617500E+02  4.580734E-09  1.244101E-09
   2.622500E+02  4.205264E-09  1.192028E-09
   2.627500E+02  3.566965E-09  1.097848E-09
   2.632500E+02  4.242811E-09  1.197337E-09
   2.637500E+02  5.031298E-09  1.303845E-09
   2.642500E+02  4.355452E-09  1.213125E-09
   2.647500E+02  4.505640E-09  1.233862E-09
   2.652500E+02  4.242811E-09  1.197337E-09
   2.657500E+02  4.918657E-09  1.289169E-09
   2.662500E+02  4.468093E-09  1.228711E-09
   2.667500E+02  4.730922E-09  1.264329E-09
   2.672500E+02  4.693375E-09  1.259303E-09
   2.677500E+02  4.580734E-09  1.244101E-09
   2.682500E+02  5.331674E-09  1.342198E-09
   2.687500E+02  5.256580E-09  1.332713E-09
   2.692500E+02  4.843563E-09  1.279291E-09
   2.697500E+02  4.017529E-09  1.165119E-09
   2.702500E+02  4.392999E-09  1.218343E-09
   2.707500E+02  4.730922E-09  1.274325E-09
   2.712500E+02  4.693375E-09  1.259303E-09
   2.717500E+02  4.505640E-09  1.233862E-09
   2.722500E+02  5.219033E-09  1.327945E-09
   2.727500E+02  4.317905E-09  1.207886E-09
   2.732500E+02  4.956204E-09  1.294079E-09
   2.737500E+02  5.181486E-09  1.323160E-09
   2.742500E+02  4.543187E-09  1.238992E-09
   2.747500E+02  4.430546E-09  1.223538E-09
   2.752500E+02  4.881110E-09  1.284239E-09
   2.757500E+02  5.294127E-09  1.337464E-09
   2.762500E+02  5.181486E-09  1.323160E-09
   2.767500E+02  4.693375E-09  1.259303E-09
   2.772500E+02  5.819785E-09  1.402284E-09
   2.777500E+02  5.819785E-09  1.402284E-09
   2.782500E+02  5.782238E-09  1.397753E-09
   2.787500E+02  5.219033E-09  1.327945E-09
   2.792500E+02  5.068845E-09  1.308701E-09
   2.797500E+02  5.219033E-09  1.327945E-09
   2.802500E+02  4.355452E-09  1.213125E-09
   2.807500E+02  5.031298E-09  1.303845E-09
   2.812500E+02  5.068845E-09  1.308701E-09
   2.817500E+02  5.331674E-09  1.342198E-09
   2.822500E+02  4.881110E-09  1.284239E-09
   2.827500E+02  5.894879E-09  1.411301E-09
   2.832500E+02  5.782238E-09  1.397753E-09
   2.837500E+02  5.707144E-09  1.397756E-09
   2.842500E+02  4.693375E-09  1.259303E-09
   2.847500E+02  5.068845E-09  1.308701E-09
   2.852500E+02  5.294127E-09  1.337464E-09
   2.857500E+02  5.519409E-09  1.365621E-09
   2.862500E+02  5.143939E-09  1.318358E-09
   2.867500E+02  4.993751E-09  1.298971E-09
   2.872500E+02  5.519409E-09  1.365621E-09
   2.877500E+02  5.331674E-09  1.342198E-09
   2.882500E+02  5.744691E-09  1.393208E-09
   2.887500E+02  6.232802E-09  1.451183E-09
   2.892500E+02  4.918657E-09  1.289169E-09
   2.897500E+02  5.632050E-09  1.379484E-09
   2.902500E+02  5.707144E-09  1.388649E-09
   2.907500E+02  5.406768E-09  1.351615E-09
   2.912500E+02  6.683366E-09  1.502713E-09
   2.917500E+02  5.519409E-09  1.365621E-09
   2.922500E+02  5.894879E-09  1.411301E-09
   2.927500E+02  5.481862E-09  1.360968E-09
   2.932500E+02  5.294127E-09  1.337464E-09
   2.937500E+02  5.106392E-09  1.313538E-09
   2.942500E+02  5.031298E-09  1.303845E-09
   2.947500E+02  5.331674E-09  1.342198E-09
   2.952500E+02  5.106392E-09  1.313538E-09
   2.957500E+02  5.782238E-09  1.397753E-09
   2.962500E+02  6.045067E-09  1.429164E-09
   2.967500E+02  4.918657E-09  1.289169E-09
   2.972500E+02  5.707144E-09  1.388649E-09
   2.977500E+02  6.082614E-09  1.433595E-09
   2.982500E+02  5.294127E-09  1.337464E-09
   2.987500E+02  5.669597E-09  1.384074E-09
   2.992500E+02  5.481862E-09  1.360968E-09
   2.997500E+02  5.444315E-09  1.356300E-09
   3.002500E+02  5.294127E-09  1.337464E-09
   3.007500E+02  5.669597E-09  1.384074E-09
   3.012500E+02  6.307896E-09  1.459898E-09
   3.017500E+02  5.707144E-09  1.388649E-09
   3.022500E+02  6.120161E-09  1.438012E-09
   3.027500E+02  5.556956E-09  1.370257E-09
   3.032500E+02  5.294127E-09  1.337464E-09
   3.037500E+02  6.195255E-09  1.446806E-09
   3.042500E+02  5.894879E-09  1.411301E-09
   3.047500E+02  6.157708E-09  1.442416E-09
   3.052500E+02  5.969973E-09  1.420260E-09
   3.057500E+02  6.120161E-09  1.438012E-09
   3.062500E+02  6.796007E-09  1.515322E-09
   3.067500E+02  6.195255E-09  1.446806E-09
   3.072500E+02  5.331674E-09  1.342198E-09
   3.077500E+02  6.871101E-09  1.523670E-09
   3.082500E+02  5.669597E-09  1.384074E-09
   3.087500E+02  5.068845E-09  1.308701E-09
   3.092500E+02  5.406768E-09  1.351615E-09
   3.097500E+02  5.744691E-09  1.393208E-09
   3.102500E+02  5.519409E-09  1.365621E-09
   3.107500E+02  6.533178E-09  1.485735E-09
   3.112500E+02  5.632050E-09  1.379484E-09
   3.117500E+02  6.195255E-09  1.446806E-09
   3.122500E+02  7.209024E-09  1.560682E-09
   3.127500E+02  5.556956E-09  1.370257E-09
   3.132500E+02  5.894879E-09  1.411301E-09
   3.137500E+02  6.946195E-09  1.531972E-09
   3.142500E+02  6.533178E-09  1.485735E-09
   3.147500E+02  6.533178E-09  1.485735E-09
   3.152500E+02  5.481862E-09  1.360968E-09
   3.157500E+02  5.594503E-09  1.374878E-09
   3.162500E+02  5.969973E-09  1.420260E-09
   3.167500E+02  6.045067E-09  1.429164E-09
   3.172500E+02  6.195255E-09  1.446806E-09
   3.177500E+02  6.420537E-09  1.472873E-09
   3.182500E+02  5.894879E-09  1.411301E-09
   3.187500E+02  5.932426E-09  1.415787E-09
   3.192500E+02  6.382990E-09  1.468561E-09
   3.197500E+02  6.645819E-09  1.498487E-09
   3.202500E+02  6.495631E-09  1.481460E-09
   3.207500E+02  6.382990E-09  1.468561E-09
   3.212500E+02  6.232802E-09  1.451183E-09
   3.217500E+02  5.294127E-09  1.337464E-09
   3.222500E+02  5.932426E-09  1.415787E-09
   3.227500E+02  6.871101E-09  1.523670E-09
   3.232500E+02  5.331674E-09  1.342198E-09
   3.237500E+02  6.645819E-09  1.498487E-09
   3.242500E+02  5.744691E-09  1.393208E-09
   3.247500E+02  6.345443E-09  1.464236E-09
   3.252500E+02  6.270349E-09  1.455547E-09
   3.257500E+02  6.570725E-09  1.489998E-09
   3.262500E+02  6.195255E-09  1.446806E-09
   3.267500E+02  5.932426E-09  1.415787E-09
   3.272500E+02  5.256580E-09  1.332713E-09
   3.277500E+02  5.219033E-09  1.327945E-09
   3.282500E+02  5.857332E-09  1.406799E-09
   3.287500E+02  7.021289E-09  1.540229E-09
   3.292500E+02  6.608272E-09  1.494248E-09
   3.297500E+02  6.082614E-09  1.433595E-09
   3.302500E+02  5.669597E-09  1.384074E-09
   3.307500E+02  7.321665E-09  1.572825E-09
   3.312500E+02  6.608272E-09  1.494248E-09
   3.317500E+02  6.420537E-09  1.472873E-09
   3.322500E+02  6.195255E-09  1.446806E-09
   3.327500E+02  6.458084E-09  1.477173E-09
   3.332500E+02  6.458084E-09  1.477173E-09
   3.337500E+02  7.058836E-09  1.544341E-09
   3.342500E+02  6.345443E-09  1.464236E-09
   3.347500E+02  6.307896E-09  1.459898E-09
   3.352500E+02  7.321665E-09  1.572825E-09
   3.357500E+02  5.556956E-09  1.370257E-09
   3.362500E+02  6.796007E-09  1.515322E-09
   3.367500E+02  5.932426E-09  1.415787E-09
   3.372500E+02  6.270349E-09  1.455547E-09
   3.377500E+02  4.806016E-09  1.274323E-09
   3.382500E+02  5.331674E-09  1.342198E-09
   3.387500E+02  7.246571E-09  1.564740E-09
   3.392500E+02  6.871101E-09  1.523670E-09
   3.397500E+02  6.871101E-09  1.523670E-09
   3.402500E+02  6.645819E-09  1.498487E-09
   3.407500E+02  6.195255E-09  1.446806E-09
   3.412500E+02  7.284118E-09  1.568788E-09
   3.417500E+02  7.471853E-09  1.588873E-09
   3.422500E+02  6.307896E-09  1.459898E-09
   3.427500E+02  6.195255E-09  1.446806E-09
   3.432500E+02  6.608272E-09  1.494248E-09
   3.437500E+02  6.570725E-09  1.489998E-09
   3.442500E+02  5.782238E-09  1.397753E-09
   3.447500E+02  6.382990E-09  1.468561E-09
   3.452500E+02  6.495631E-09  1.481460E-09
   3.457500E+02  6.871101E-09  1.523670E-09
   3.462500E+02  6.758460E-09  1.511131E-09
   3.467500E+02  6.533178E-09  1.485735E-09
   3.472500E+02  6.157708E-09  1.442416E-09
   3.477500E+02  6.157708E-09  1.442416E-09
   3.482500E+02  7.058836E-09  1.544341E-09
   3.487500E+02  7.171477E-09  1.556613E-09
   3.492500E+02  7.058836E-09  1.544341E-09
   3.497500E+02  6.458084E-09  1.477173E-09
   3.502500E+02  5.444315E-09  1.356300E-09
   3.507500E+02  6.382990E-09  1.468561E-09
   3.512500E+02  7.021289E-09  1.540229E-09
   3.517500E+02  6.720913E-09  1.506928E-09
   3.522500E+02  7.284118E-09  1.568788E-09
   3.527500E+02  7.546947E-09  1.604762E-09
   3.532500E+02  6.270349E-09  1.455547E-09
   3.537500E+02  7.133930E-09  1.552533E-09
   3.542500E+02  7.959964E-09  1.639941E-09
   3.547500E+02  5.969973E-09  1.420260E-09
   3.552500E+02  7.021289E-09  1.540229E-09
   3.557500E+02  7.096383E-09  1.548443E-09
   3.562500E+02  6.720913E-09  1.506928E-09
   3.567500E+02  6.946195E-09  1.531972E-09
   3.572500E+02  6.833554E-09  1.527829E-09
   3.577500E+02  6.007520E-09  1.424719E-09
   3.582500E+02  6.533178E-09  1.485735E-09
   3.587500E+02  6.420537E-09  1.472873E-09
   3.592500E+02  6.796007E-09  1.515322E-09
   3.597500E+02  7.359212E-09  1.576853E-09
   3.602500E+02  7.321665E-09  1.572825E-09
   3.607500E+02  6.796007E-09  1.515322E-09
   3.612500E+02  7.584494E-09  1.600802E-09
   3.617500E+02  5.744691E-09  1.393208E-09
   3.622500E+02  7.471853E-09  1.588873E-09
   3.627500E+02  6.983742E-09  1.536106E-09
   3.632500E+02  6.082614E-09  1.433595E-09
   3.637500E+02  6.045067E-09  1.429164E-09
   3.642500E+02  6.983742E-09  1.536106E-09
   3.647500E+02  7.171477E-09  1.556613E-09
   3.652500E+02  7.959964E-09  1.639941E-09
   3.657500E+02  6.345443E-09  1.464236E-09
   3.662500E+02  7.734682E-09  1.616572E-09
   3.667500E+02  7.171477E-09  1.556613E-09
   3.672500E+02  7.021289E-09  1.540229E-09
   3.677500E+02  6.946195E-09  1.531972E-09
   3.682500E+02  7.809776E-09  1.624399E-09
   3.687500E+02  6.157708E-09  1.442416E-09
   3.692500E+02  6.683366E-09  1.502713E-09
   3.697500E+02  6.345443E-09  1.464236E-09
   3.702500E+02  7.209024E-09  1.560682E-09
   3.707500E+02  7.359212E-09  1.576853E-09
   3.712500E+02  6.758460E-09  1.511131E-09
   3.717500E+02  6.908648E-09  1.527826E-09
   3.722500E+02  7.509400E-09  1.592859E-09
   3.727500E+02  7.659588E-09  1.608706E-09
   3.732500E+02  7.434306E-09  1.584876E-09
   3.737500E+02  8.673357E-09  1.711840E-09
   3.742500E+02  7.659588E-09  1.608706E-09
   3.747500E+02  7.697135E-09  1.612644E-09
   3.752500E+02  6.720913E-09  1.506928E-09
   3.757500E+02  7.058836E-09  1.544341E-09
   3.762500E+02  6.045067E-09  1.429164E-09
   3.767500E+02  6.908648E-09  1.536109E-09
   3.772500E+02  8.785998E-09  1.722918E-09
   3.777500E+02  7.584494E-09  1.600802E-09
   3.782500E+02  7.171477E-09  1.556613E-09
   3.787500E+02  6.120161E-09  1.438012E-09
   3.792500E+02  5.857332E-09  1.406799E-09
   3.797500E+02  7.246571E-09  1.564740E-09
   3.802500E+02  7.546947E-09  1.596836E-09
   3.807500E+02  7.884870E-09  1.632188E-09
   3.812500E+02  7.021289E-09  1.540229E-09
   3.817500E+02  7.021289E-09  1.540229E-09
   3.822500E+02  6.570725E-09  1.489998E-09
   3.827500E+02  7.021289E-09  1.540229E-09
   3.832500E+02  6.946195E-09  1.531972E-09
   3.837500E+02  7.021289E-09  1.540229E-09
   3.842500E+02  7.546947E-09  1.596836E-09
   3.847500E+02  8.147699E-09  1.659164E-09
   3.852500E+02  7.058836E-09  1.544341E-09
   3.857500E+02  7.396759E-09  1.580869E-09
   3.862500E+02  7.509400E-09  1.592859E-09
   3.867500E+02  7.058836E-09  1.544341E-09
   3.872500E+02  6.608272E-09  1.502716E-09
   3.877500E+02  7.659588E-09  1.608706E-09
   3.882500E+02  6.908648E-09  1.527826E-09
   3.887500E+02  7.584494E-09  1.600802E-09
   3.892500E+02  6.758460E-09  1.511131E-09
   3.897500E+02  7.509400E-09  1.592859E-09
   3.902500E+02  7.922417E-09  1.636069E-09
   3.907500E+02  7.359212E-09  1.576853E-09
   3.912500E+02  7.884870E-09  1.632188E-09
   3.917500E+02  8.185246E-09  1.662982E-09
   3.922500E+02  8.260340E-09  1.670592E-09
   3.927500E+02  7.734682E-09  1.616572E-09
   3.932500E+02  6.871101E-09  1.523670E-09
   3.937500E+02  8.035058E-09  1.647657E-09
   3.942500E+02  7.697135E-09  1.612644E-09
   3.947500E+02  7.884870E-09  1.632188E-09
   3.952500E+02  7.396759E-09  1.580869E-09
   3.957500E+02  7.284118E-09  1.568788E-09
   3.962500E+02  8.110152E-09  1.655337E-09
   3.967500E+02  6.533178E-09  1.485735E-09
   3.972500E+02  9.011280E-09  1.744862E-09
   3.977500E+02  8.823545E-09  1.726594E-09
   3.982500E+02  7.133930E-09  1.552533E-09
   3.987500E+02  6.645819E-09  1.498487E-09
   3.992500E+02  7.284118E-09  1.568788E-09
   3.997500E+02  7.697135E-09  1.612644E-09
   4.002500E+02  8.035058E-09  1.647657E-09
   4.007500E+02  7.772229E-09  1.628301E-09
   4.012500E+02  7.584494E-09  1.600802E-09
   4.017500E+02  8.560716E-09  1.700689E-09
   4.022500E+02  7.133930E-09  1.552533E-09
   4.027500E+02  7.884870E-09  1.632188E-09
   4.032500E+02  8.147699E-09  1.659164E-09
   4.037500E+02  6.908648E-09  1.527826E-09
   4.042500E+02  7.396759E-09  1.580869E-09
   4.047500E+02  8.635810E-09  1.708131E-09
   4.052500E+02  7.396759E-09  1.580869E-09
   4.057500E+02  8.523169E-09  1.696956E-09
   4.062500E+02  7.509400E-09  1.592859E-09
   4.067500E+02  8.785998E-09  1.722918E-09
   4.072500E+02  6.871101E-09  1.523670E-09
   4.077500E+02  7.734682E-09  1.616572E-09
   4.082500E+02  7.959964E-09  1.639941E-09
   4.087500E+02  8.147699E-09  1.659164E-09
   4.092500E+02  8.185246E-09  1.662982E-09
   4.097500E+02  7.659588E-09  1.608706E-09
   4.102500E+02  7.884870E-09  1.632188E-09
   4.107500E+02  8.222793E-09  1.666791E-09
   4.112500E+02  8.523169E-09  1.696956E-09
   4.117500E+02  7.697135E-09  1.612644E-09
   4.122500E+02  7.922417E-09  1.636069E-09
   4.127500E+02  7.697135E-09  1.612644E-09
   4.132500E+02  6.796007E-09  1.515322E-09
   4.137500E+02  7.359212E-09  1.576853E-09
   4.142500E+02  8.072605E-09  1.651502E-09
   4.147500E+02  7.622041E-09  1.604759E-09
   4.152500E+02  7.396759E-09  1.580869E-09
   4.157500E+02  8.260340E-09  1.670592E-09
   4.162500E+02  7.246571E-09  1.564740E-09
   4.167500E+02  7.772229E-09  1.620490E-09
   4.172500E+02  7.847323E-09  1.628298E-09
   4.177500E+02  6.720913E-09  1.506928E-09
   4.182500E+02  7.096383E-09  1.548443E-09
   4.187500E+02  8.260340E-09  1.670592E-09
   4.192500E+02  7.772229E-09  1.620490E-09
   4.197500E+02  8.035058E-09  1.647657E-09
   4.202500E+02  7.622041E-09  1.604759E-09
   4.207500E+02  7.697135E-09  1.612644E-09
   4.212500E+02  7.471853E-09  1.588873E-09
   4.217500E+02  7.622041E-09  1.604759E-09
   4.222500E+02  8.673357E-09  1.719236E-09
   4.227500E+02  8.072605E-09  1.651502E-09
   4.232500E+02  8.823545E-09  1.726594E-09
   4.237500E+02  7.284118E-09  1.568788E-09
   4.242500E+02  8.372981E-09  1.681941E-09
   4.247500E+02  7.734682E-09  1.616572E-09
   4.252500E+02  7.021289E-09  1.540229E-09
   4.257500E+02  7.584494E-09  1.600802E-09
   4.262500E+02  7.133930E-09  1.552533E-09
   4.267500E+02  7.847323E-09  1.628298E-09
   4.272500E+02  8.973733E-09  1.741224E-09
   4.277500E+02  7.809776E-09  1.624399E-09
   4.282500E+02  8.072605E-09  1.651502E-09
   4.287500E+02  8.035058E-09  1.647657E-09
   4.292500E+02  7.622041E-09  1.604759E-09
   4.297500E+02  8.035058E-09  1.647657E-09
   4.302500E+02  7.997511E-09  1.643804E-09
   4.307500E+02  7.884870E-09  1.632188E-09
   4.312500E+02  7.659588E-09  1.608706E-09
   4.317500E+02  8.485622E-09  1.693215E-09
   4.322500E+02  7.997511E-09  1.643804E-09
   4.327500E+02  8.785998E-09  1.722918E-09
   4.332500E+02  7.058836E-09  1.544341E-09
   4.337500E+02  7.847323E-09  1.628298E-09
   4.342500E+02  8.448075E-09  1.689466E-09
   4.347500E+02  7.734682E-09  1.616572E-09
   4.352500E+02  8.598263E-09  1.704414E-09
   4.357500E+02  8.335434E-09  1.678167E-09
   4.362500E+02  8.410528E-09  1.685708E-09
   4.367500E+02  7.847323E-09  1.628298E-09
   4.372500E+02  7.884870E-09  1.632188E-09
   4.377500E+02  8.110152E-09  1.655337E-09
   4.382500E+02  8.823545E-09  1.726594E-09
   4.387500E+02  7.697135E-09  1.612644E-09
   4.392500E+02  8.485622E-09  1.693215E-09
   4.397500E+02  8.635810E-09  1.708131E-09
   4.402500E+02  8.035058E-09  1.647657E-09
   4.407500E+02  6.270349E-09  1.455547E-09
   4.412500E+02  9.799767E-09  1.826544E-09
   4.417500E+02  7.734682E-09  1.616572E-09
   4.422500E+02  8.485622E-09  1.693215E-09
   4.427500E+02  8.035058E-09  1.647657E-09
   4.432500E+02  7.058836E-09  1.544341E-09
   4.437500E+02  7.246571E-09  1.564740E-09
   4.442500E+02  8.222793E-09  1.666791E-09
   4.447500E+02  8.185246E-09  1.662982E-09
   4.452500E+02  7.359212E-09  1.576853E-09
   4.457500E+02  8.072605E-09  1.651502E-09
   4.462500E+02  8.222793E-09  1.666791E-09
   4.467500E+02  8.448075E-09  1.689466E-09
   4.472500E+02  8.635810E-09  1.708131E-09
   4.477500E+02  6.908648E-09  1.527826E-09
   4.482500E+02  8.635810E-09  1.708131E-09
   4.487500E+02  7.809776E-09  1.624399E-09
   4.492500E+02  8.898639E-09  1.733925E-09
   4.497500E+02  7.847323E-09  1.628298E-09
   4.502500E+02  7.659588E-09  1.608706E-09
   4.507500E+02  8.147699E-09  1.659164E-09
   4.512500E+02  7.321665E-09  1.572825E-09
   4.517500E+02  7.659588E-09  1.608706E-09
   4.522500E+02  7.884870E-09  1.632188E-09
   4.527500E+02  7.922417E-09  1.636069E-09
   4.532500E+02  7.284118E-09  1.568788E-09
   4.537500E+02  7.209024E-09  1.560682E-09
   4.542500E+02  8.372981E-09  1.681941E-09
   4.547500E+02  8.185246E-09  1.662982E-09
   4.552500E+02  7.321665E-09  1.572825E-09
   4.557500E+02  8.110152E-09  1.655337E-09
   4.562500E+02  7.959964E-09  1.639941E-09
   4.567500E+02  8.147699E-09  1.659164E-09
   4.572500E+02  7.809776E-09  1.624399E-09
   4.577500E+02  7.359212E-09  1.576853E-09
   4.582500E+02  7.734682E-09  1.616572E-09
   4.587500E+02  8.635810E-09  1.708131E-09
   4.592500E+02  7.584494E-09  1.600802E-09
   4.597500E+02  7.622041E-09  1.604759E-09
   4.602500E+02  8.523169E-09  1.696956E-09
   4.607500E+02  7.058836E-09  1.544341E-09
   4.612500E+02  7.096383E-09  1.548443E-09
   4.617500E+02  7.997511E-09  1.643804E-09
   4.622500E+02  7.058836E-09  1.544341E-09
   4.627500E+02  7.697135E-09  1.612644E-09
   4.632500E+02  8.598263E-09  1.704414E-09
   4.637500E+02  8.635810E-09  1.708131E-09
   4.642500E+02  8.147699E-09  1.659164E-09
   4.647500E+02  7.772229E-09  1.620490E-09
   4.652500E+02  7.584494E-09  1.600802E-09
   4.657500E+02  8.710904E-09  1.715540E-09
   4.662500E+02  7.772229E-09  1.620490E-09
   4.667500E+02  7.359212E-09  1.576853E-09
   4.672500E+02  7.884870E-09  1.632188E-09
   4.677500E+02  8.785998E-09  1.722918E-09
   4.682500E+02  8.110152E-09  1.655337E-09
   4.687500E+02  7.622041E-09  1.604759E-09
   4.692500E+02  9.048827E-09  1.748493E-09
   4.697500E+02  8.485622E-09  1.693215E-09
   4.702500E+02  8.335434E-09  1.678167E-09
   4.707500E+02  8.560716E-09  1.700689E-09
   4.712500E+02  8.485622E-09  1.693215E-09
   4.717500E+02  8.147699E-09  1.659164E-09
   4.722500E+02  8.560716E-09  1.700689E-09
   4.727500E+02  9.123921E-09  1.755732E-09
   4.732500E+02  8.598263E-09  1.704414E-09
   4.737500E+02  8.185246E-09  1.662982E-09
   4.742500E+02  7.321665E-09  1.572825E-09
   4.747500E+02  8.560716E-09  1.700689E-09
   4.752500E+02  7.697135E-09  1.612644E-09
   4.757500E+02  9.048827E-09  1.748493E-09
   4.762500E+02  8.185246E-09  1.662982E-09
   4.767500E+02  8.410528E-09  1.685708E-09
   4.772500E+02  8.185246E-09  1.662982E-09
   4.777500E+02  7.959964E-09  1.639941E-09
   4.782500E+02  8.710904E-09  1.715540E-09
   4.787500E+02  5.066808E-08  1.263335E-07
   4.792500E+02  8.823545E-09  1.726594E-09
   4.797500E+02  7.959964E-09  1.639941E-09
   4.802500E+02  8.748451E-09  1.719233E-09
   4.807500E+02  8.185246E-09  1.662982E-09
   4.812500E+02  8.147699E-09  1.659164E-09
   4.817500E+02  7.509400E-09  1.592859E-09
   4.822500E+02  8.410528E-09  1.685708E-09
   4.827500E+02  7.847323E-09  1.628298E-09
   4.832500E+02  7.659588E-09  1.608706E-09
   4.837500E+02  8.485622E-09  1.693215E-09
   4.842500E+02  8.936186E-09  1.737578E-09
   4.847500E+02  7.847323E-09  1.628298E-09
   4.852500E+02  8.485622E-09  1.693215E-09
   4.857500E+02  8.297887E-09  1.674383E-09
   4.862500E+02  7.772229E-09  1.620490E-09
   4.867500E+02  8.222793E-09  1.666791E-09
   4.872500E+02  8.560716E-09  1.700689E-09
   4.877500E+02  8.485622E-09  1.693215E-09
   4.882500E+02  7.884870E-09  1.639944E-09
   4.887500E+02  8.598263E-09  1.704414E-09
   4.892500E+02  8.035058E-09  1.647657E-09
   4.897500E+02  8.035058E-09  1.647657E-09
   4.902500E+02  9.123921E-09  1.755732E-09
   4.907500E+02  7.171477E-09  1.556613E-09
   4.912500E+02  8.072605E-09  1.651502E-09
   4.917500E+02  7.246571E-09  1.564740E-09
   4.922500E+02  7.847323E-09  1.628298E-09
   4.927500E+02  8.635810E-09  1.708131E-09
   4.932500E+02  7.959964E-09  1.639941E-09
   4.937500E+02  7.697135E-09  1.612644E-09
   4.942500E+02  8.297887E-09  1.674383E-09
   4.947500E+02  8.072605E-09  1.651502E-09
   4.952500E+02  7.772229E-09  1.620490E-09
   4.957500E+02  8.035058E-09  1.647657E-09
   4.962500E+02  6.833554E-09  1.519501E-09
   4.967500E+02  8.823545E-09  1.726594E-09
   4.972500E+02  7.284118E-09  1.568788E-09
   4.977500E+02  7.734682E-09  1.616572E-09
   4.982500E+02  7.471853E-09  1.588873E-09
   4.987500E+02  7.959964E-09  1.639941E-09
   4.992500E+02  7.659588E-09  1.608706E-09
   4.997500E+02  8.072605E-09  1.651502E-09
