 #  Results from PENEPMA.
 #  Angular distribution of emerging photons.
 #  1st and 2nd columns: THETA and PHI (deg).
 #  3rd and 4th columns: probability density and STU (1/sr)

   2.000000E+00  6.000001E+00  1.249573E-04  4.786005E-05
   2.000000E+00  1.800000E+01  1.621803E-04  6.701209E-05
   2.000000E+00  3.000000E+01  1.347997E-04  5.088438E-05
   2.000000E+00  4.200000E+01  1.317746E-04  4.989669E-05
   2.000000E+00  5.400001E+01  1.293436E-04  4.888920E-05
   2.000000E+00  6.600001E+01  1.318612E-04  5.995579E-05
   2.000000E+00  7.800001E+01  1.788956E-04  7.062826E-05
   2.000000E+00  9.000001E+01  1.611940E-04  6.701301E-05
   2.000000E+00  1.020000E+02  1.351473E-04  6.078027E-05
   2.000000E+00  1.140000E+02  1.281338E-04  5.911973E-05
   2.000000E+00  1.260000E+02  1.258027E-04  4.786025E-05
   2.000000E+00  1.380000E+02  1.481397E-04  6.397202E-05
   2.000000E+00  1.500000E+02  1.450618E-04  6.318923E-05
   2.000000E+00  1.620000E+02  1.287045E-04  4.888906E-05
   2.000000E+00  1.740000E+02  1.550455E-04  5.645039E-05
   2.000000E+00  1.860000E+02  1.226655E-04  4.680876E-05
   2.000000E+00  1.980000E+02  1.422256E-04  5.280462E-05
   2.000000E+00  2.100000E+02  1.283734E-04  5.911976E-05
   2.000000E+00  2.220000E+02  9.511744E-05  3.734529E-05
   2.000000E+00  2.340000E+02  1.179413E-04  4.573276E-05
   2.000000E+00  2.460000E+02  1.416547E-04  5.280453E-05
   2.000000E+00  2.580000E+02  1.620927E-04  5.818595E-05
   2.000000E+00  2.700000E+02  1.545813E-04  7.346102E-05
   2.000000E+00  2.820000E+02  1.454979E-04  5.373894E-05
   2.000000E+00  2.940000E+02  1.418449E-04  6.239661E-05
   2.000000E+00  3.060000E+02  1.389211E-04  5.185347E-05
   2.000000E+00  3.180000E+02  1.454312E-04  5.373894E-05
   2.000000E+00  3.300000E+02  1.282810E-04  4.888896E-05
   2.000000E+00  3.420000E+02  1.516344E-04  5.556038E-05
   2.000000E+00  3.540000E+02  1.087202E-04  4.234389E-05
    
   6.000001E+00  6.000001E+00  1.300415E-04  2.846753E-05
   6.000001E+00  1.800000E+01  1.447721E-04  3.481530E-05
   6.000001E+00  3.000000E+01  1.492708E-04  3.714392E-05
   6.000001E+00  4.200000E+01  1.364101E-04  2.961381E-05
   6.000001E+00  5.400001E+01  1.195149E-04  3.093356E-05
   6.000001E+00  6.600001E+01  1.188336E-04  2.644680E-05
   6.000001E+00  7.800001E+01  1.374891E-04  2.980084E-05
   6.000001E+00  9.000001E+01  1.642946E-04  3.742661E-05
   6.000001E+00  1.020000E+02  1.338356E-04  2.923665E-05
   6.000001E+00  1.140000E+02  1.385320E-04  3.384589E-05
   6.000001E+00  1.260000E+02  1.450765E-04  3.481533E-05
   6.000001E+00  1.380000E+02  1.560556E-04  3.802961E-05
   6.000001E+00  1.500000E+02  1.343554E-04  3.127242E-05
   6.000001E+00  1.620000E+02  1.360181E-04  3.162546E-05
   6.000001E+00  1.740000E+02  1.399370E-04  3.214753E-05
   6.000001E+00  1.860000E+02  1.288790E-04  2.827195E-05
   6.000001E+00  1.980000E+02  1.276869E-04  2.807500E-05
   6.000001E+00  2.100000E+02  1.341338E-04  3.127240E-05
   6.000001E+00  2.220000E+02  1.376395E-04  3.368159E-05
   6.000001E+00  2.340000E+02  1.287033E-04  3.037237E-05
   6.000001E+00  2.460000E+02  1.375905E-04  2.980058E-05
   6.000001E+00  2.580000E+02  1.432903E-04  3.071740E-05
   6.000001E+00  2.700000E+02  1.444441E-04  3.283039E-05
   6.000001E+00  2.820000E+02  1.429964E-04  3.449514E-05
   6.000001E+00  2.940000E+02  1.433176E-04  3.266095E-05
   6.000001E+00  3.060000E+02  1.363984E-04  2.961408E-05
   6.000001E+00  3.180000E+02  1.345464E-04  2.923674E-05
   6.000001E+00  3.300000E+02  1.310391E-04  2.866175E-05
   6.000001E+00  3.420000E+02  1.637186E-04  4.207475E-05
   6.000001E+00  3.540000E+02  1.462683E-04  3.316687E-05
    
   1.000000E+01  6.000001E+00  1.323717E-04  2.242363E-05
   1.000000E+01  1.800000E+01  1.331342E-04  2.348513E-05
   1.000000E+01  3.000000E+01  1.293842E-04  2.399994E-05
   1.000000E+01  4.200000E+01  1.467163E-04  2.692913E-05
   1.000000E+01  5.400001E+01  1.384274E-04  2.321652E-05
   1.000000E+01  6.600001E+01  1.337030E-04  2.449741E-05
   1.000000E+01  7.800001E+01  1.356165E-04  2.382334E-05
   1.000000E+01  9.000001E+01  1.414413E-04  2.632511E-05
   1.000000E+01  1.020000E+02  1.209684E-04  2.288509E-05
   1.000000E+01  1.140000E+02  1.486906E-04  2.545530E-05
   1.000000E+01  1.260000E+02  1.291029E-04  2.296396E-05
   1.000000E+01  1.380000E+02  1.292108E-04  2.305155E-05
   1.000000E+01  1.500000E+02  1.250640E-04  2.141486E-05
   1.000000E+01  1.620000E+02  1.386688E-04  2.330292E-05
   1.000000E+01  1.740000E+02  1.373679E-04  2.306792E-05
   1.000000E+01  1.860000E+02  1.181633E-04  2.045422E-05
   1.000000E+01  1.980000E+02  1.384055E-04  2.506541E-05
   1.000000E+01  2.100000E+02  1.353851E-04  2.562846E-05
   1.000000E+01  2.220000E+02  1.461599E-04  2.685427E-05
   1.000000E+01  2.340000E+02  1.351487E-04  2.373882E-05
   1.000000E+01  2.460000E+02  1.400182E-04  2.701117E-05
   1.000000E+01  2.580000E+02  1.402775E-04  2.530476E-05
   1.000000E+01  2.700000E+02  1.480170E-04  2.624102E-05
   1.000000E+01  2.820000E+02  1.353231E-04  2.474247E-05
   1.000000E+01  2.940000E+02  1.531457E-04  2.592488E-05
   1.000000E+01  3.060000E+02  1.349695E-04  2.555011E-05
   1.000000E+01  3.180000E+02  1.388731E-04  2.330281E-05
   1.000000E+01  3.300000E+02  1.470552E-04  2.608727E-05
   1.000000E+01  3.420000E+02  1.390682E-04  2.424161E-05
   1.000000E+01  3.540000E+02  1.327436E-04  2.531275E-05
    
   1.400000E+01  6.000001E+00  1.402189E-04  2.046528E-05
   1.400000E+01  1.800000E+01  1.337677E-04  2.036884E-05
   1.400000E+01  3.000000E+01  1.492905E-04  2.193590E-05
   1.400000E+01  4.200000E+01  1.345424E-04  1.926052E-05
   1.400000E+01  5.400001E+01  1.314692E-04  1.953296E-05
   1.400000E+01  6.600001E+01  1.341419E-04  2.151623E-05
   1.400000E+01  7.800001E+01  1.320125E-04  2.016437E-05
   1.400000E+01  9.000001E+01  1.308668E-04  2.006128E-05
   1.400000E+01  1.020000E+02  1.281347E-04  1.974915E-05
   1.400000E+01  1.140000E+02  1.412225E-04  2.111779E-05
   1.400000E+01  1.260000E+02  1.351111E-04  2.052069E-05
   1.400000E+01  1.380000E+02  1.447220E-04  2.203492E-05
   1.400000E+01  1.500000E+02  1.482038E-04  2.236131E-05
   1.400000E+01  1.620000E+02  1.355327E-04  1.995267E-05
   1.400000E+01  1.740000E+02  1.359517E-04  2.000461E-05
   1.400000E+01  1.860000E+02  1.266395E-04  1.899528E-05
   1.400000E+01  1.980000E+02  1.298688E-04  1.871502E-05
   1.400000E+01  2.100000E+02  1.324641E-04  2.077673E-05
   1.400000E+01  2.220000E+02  1.368383E-04  2.067181E-05
   1.400000E+01  2.340000E+02  1.324475E-04  1.904410E-05
   1.400000E+01  2.460000E+02  1.335714E-04  1.915266E-05
   1.400000E+01  2.580000E+02  1.426987E-04  2.071675E-05
   1.400000E+01  2.700000E+02  1.277355E-04  1.910404E-05
   1.400000E+01  2.820000E+02  1.301551E-04  1.995784E-05
   1.400000E+01  2.940000E+02  1.369325E-04  2.180322E-05
   1.400000E+01  3.060000E+02  1.540149E-04  2.340698E-05
   1.400000E+01  3.180000E+02  1.341012E-04  1.920682E-05
   1.400000E+01  3.300000E+02  1.465925E-04  2.273350E-05
   1.400000E+01  3.420000E+02  1.392232E-04  2.250913E-05
   1.400000E+01  3.540000E+02  1.573243E-04  2.272426E-05
    
   1.800000E+01  6.000001E+00  1.398407E-04  1.913895E-05
   1.800000E+01  1.800000E+01  1.397285E-04  1.796502E-05
   1.800000E+01  3.000000E+01  1.347902E-04  1.749956E-05
   1.800000E+01  4.200000E+01  1.529050E-04  2.026646E-05
   1.800000E+01  5.400001E+01  1.322619E-04  1.768372E-05
   1.800000E+01  6.600001E+01  1.258431E-04  1.660617E-05
   1.800000E+01  7.800001E+01  1.372980E-04  1.890515E-05
   1.800000E+01  9.000001E+01  1.229876E-04  1.629748E-05
   1.800000E+01  1.020000E+02  1.387969E-04  1.866523E-05
   1.800000E+01  1.140000E+02  1.446529E-04  1.845324E-05
   1.800000E+01  1.260000E+02  1.335570E-04  1.818284E-05
   1.800000E+01  1.380000E+02  1.405515E-04  1.956848E-05
   1.800000E+01  1.500000E+02  1.544314E-04  2.070347E-05
   1.800000E+01  1.620000E+02  1.380961E-04  1.821492E-05
   1.800000E+01  1.740000E+02  1.368601E-04  1.807427E-05
   1.800000E+01  1.860000E+02  1.347163E-04  1.749961E-05
   1.800000E+01  1.980000E+02  1.290937E-04  1.652571E-05
   1.800000E+01  2.100000E+02  1.338600E-04  1.782664E-05
   1.800000E+01  2.220000E+02  1.375131E-04  1.814443E-05
   1.800000E+01  2.340000E+02  1.398682E-04  1.838759E-05
   1.800000E+01  2.460000E+02  1.335631E-04  1.818274E-05
   1.800000E+01  2.580000E+02  1.301820E-04  1.746688E-05
   1.800000E+01  2.700000E+02  1.257824E-04  1.786937E-05
   1.800000E+01  2.820000E+02  1.349945E-04  1.832201E-05
   1.800000E+01  2.940000E+02  1.330252E-04  1.963973E-05
   1.800000E+01  3.060000E+02  1.339168E-04  1.742688E-05
   1.800000E+01  3.180000E+02  1.272431E-04  1.633245E-05
   1.800000E+01  3.300000E+02  1.304415E-04  1.750331E-05
   1.800000E+01  3.420000E+02  1.534185E-04  2.029786E-05
   1.800000E+01  3.540000E+02  1.419251E-04  1.930390E-05
    
   2.200000E+01  6.000001E+00  1.296625E-04  1.570054E-05
   2.200000E+01  1.800000E+01  1.359126E-04  1.682169E-05
   2.200000E+01  3.000000E+01  1.290113E-04  1.501989E-05
   2.200000E+01  4.200000E+01  1.375805E-04  1.669002E-05
   2.200000E+01  5.400001E+01  1.395718E-04  1.655752E-05
   2.200000E+01  6.600001E+01  1.330548E-04  1.569776E-05
   2.200000E+01  7.800001E+01  1.316159E-04  1.589204E-05
   2.200000E+01  9.000001E+01  1.374156E-04  1.637387E-05
   2.200000E+01  1.020000E+02  1.360654E-04  1.684725E-05
   2.200000E+01  1.140000E+02  1.430732E-04  1.796898E-05
   2.200000E+01  1.260000E+02  1.331633E-04  1.602729E-05
   2.200000E+01  1.380000E+02  1.457099E-04  1.707137E-05
   2.200000E+01  1.500000E+02  1.351033E-04  1.648178E-05
   2.200000E+01  1.620000E+02  1.388244E-04  1.762963E-05
   2.200000E+01  1.740000E+02  1.283583E-04  1.589479E-05
   2.200000E+01  1.860000E+02  1.347125E-04  1.730765E-05
   2.200000E+01  1.980000E+02  1.170809E-04  1.422510E-05
   2.200000E+01  2.100000E+02  1.355309E-04  1.679596E-05
   2.200000E+01  2.220000E+02  1.340909E-04  1.547332E-05
   2.200000E+01  2.340000E+02  1.308277E-04  1.611051E-05
   2.200000E+01  2.460000E+02  1.320857E-04  1.591909E-05
   2.200000E+01  2.580000E+02  1.261632E-04  1.570327E-05
   2.200000E+01  2.700000E+02  1.330325E-04  1.600017E-05
   2.200000E+01  2.820000E+02  1.374827E-04  1.697494E-05
   2.200000E+01  2.940000E+02  1.399180E-04  1.629193E-05
   2.200000E+01  3.060000E+02  1.321544E-04  1.591909E-05
   2.200000E+01  3.180000E+02  1.446898E-04  1.808877E-05
   2.200000E+01  3.300000E+02  1.395951E-04  1.797133E-05
   2.200000E+01  3.420000E+02  1.360496E-04  1.656018E-05
   2.200000E+01  3.540000E+02  1.406413E-04  1.777558E-05
    
   2.600000E+01  6.000001E+00  1.342867E-04  1.505895E-05
   2.600000E+01  1.800000E+01  1.367056E-04  1.571897E-05
   2.600000E+01  3.000000E+01  1.446574E-04  1.631006E-05
   2.600000E+01  4.200000E+01  1.379641E-04  1.603886E-05
   2.600000E+01  5.400001E+01  1.369921E-04  1.573903E-05
   2.600000E+01  6.600001E+01  1.347040E-04  1.486708E-05
   2.600000E+01  7.800001E+01  1.348264E-04  1.602119E-05
   2.600000E+01  9.000001E+01  1.401327E-04  1.597776E-05
   2.600000E+01  1.020000E+02  1.485802E-04  1.659748E-05
   2.600000E+01  1.140000E+02  1.372622E-04  1.619752E-05
   2.600000E+01  1.260000E+02  1.353895E-04  1.516340E-05
   2.600000E+01  1.380000E+02  1.361467E-04  1.567896E-05
   2.600000E+01  1.500000E+02  1.339530E-04  1.526905E-05
   2.600000E+01  1.620000E+02  1.388157E-04  1.609767E-05
   2.600000E+01  1.740000E+02  1.382264E-04  1.559611E-05
   2.600000E+01  1.860000E+02  1.365886E-04  1.547431E-05
   2.600000E+01  1.980000E+02  1.401051E-04  1.575723E-05
   2.600000E+01  2.100000E+02  1.332804E-04  1.452136E-05
   2.600000E+01  2.220000E+02  1.471373E-04  1.710862E-05
   2.600000E+01  2.340000E+02  1.372594E-04  1.530813E-05
   2.600000E+01  2.460000E+02  1.371531E-04  1.528804E-05
   2.600000E+01  2.580000E+02  1.317595E-04  1.555971E-05
   2.600000E+01  2.700000E+02  1.292408E-04  1.416961E-05
   2.600000E+01  2.820000E+02  1.365488E-04  1.501490E-05
   2.600000E+01  2.940000E+02  1.349038E-04  1.557784E-05
   2.600000E+01  3.060000E+02  1.372413E-04  1.704045E-05
   2.600000E+01  3.180000E+02  1.393147E-04  1.591849E-05
   2.600000E+01  3.300000E+02  1.377489E-04  1.532880E-05
   2.600000E+01  3.420000E+02  1.378046E-04  1.557582E-05
   2.600000E+01  3.540000E+02  1.332106E-04  1.590251E-05
    
   3.000000E+01  6.000001E+00  1.327125E-04  1.374130E-05
   3.000000E+01  1.800000E+01  1.402673E-04  1.523905E-05
   3.000000E+01  3.000000E+01  1.284485E-04  1.319949E-05
   3.000000E+01  4.200000E+01  1.393084E-04  1.479984E-05
   3.000000E+01  5.400001E+01  1.329761E-04  1.453707E-05
   3.000000E+01  6.600001E+01  1.360331E-04  1.419451E-05
   3.000000E+01  7.800001E+01  1.404179E-04  1.488151E-05
   3.000000E+01  9.000001E+01  1.378672E-04  1.488327E-05
   3.000000E+01  1.020000E+02  1.313770E-04  1.404143E-05
   3.000000E+01  1.140000E+02  1.323427E-04  1.429988E-05
   3.000000E+01  1.260000E+02  1.273745E-04  1.352967E-05
   3.000000E+01  1.380000E+02  1.364608E-04  1.458540E-05
   3.000000E+01  1.500000E+02  1.351252E-04  1.410877E-05
   3.000000E+01  1.620000E+02  1.375640E-04  1.410689E-05
   3.000000E+01  1.740000E+02  1.314838E-04  1.345407E-05
   3.000000E+01  1.860000E+02  1.438063E-04  1.564889E-05
   3.000000E+01  1.980000E+02  1.422543E-04  1.481456E-05
   3.000000E+01  2.100000E+02  1.306813E-04  1.455537E-05
   3.000000E+01  2.220000E+02  1.375852E-04  1.450024E-05
   3.000000E+01  2.340000E+02  1.363876E-04  1.496608E-05
   3.000000E+01  2.460000E+02  1.285082E-04  1.381528E-05
   3.000000E+01  2.580000E+02  1.310516E-04  1.419790E-05
   3.000000E+01  2.700000E+02  1.358200E-04  1.471936E-05
   3.000000E+01  2.820000E+02  1.375118E-04  1.466821E-05
   3.000000E+01  2.940000E+02  1.323416E-04  1.430000E-05
   3.000000E+01  3.060000E+02  1.431628E-04  1.644236E-05
   3.000000E+01  3.180000E+02  1.347854E-04  1.429825E-05
   3.000000E+01  3.300000E+02  1.334358E-04  1.359755E-05
   3.000000E+01  3.420000E+02  1.339661E-04  1.384674E-05
   3.000000E+01  3.540000E+02  1.439233E-04  1.564876E-05
    
   3.400000E+01  6.000001E+00  1.266654E-04  1.305658E-05
   3.400000E+01  1.800000E+01  1.406343E-04  1.446934E-05
   3.400000E+01  3.000000E+01  1.368824E-04  1.344848E-05
   3.400000E+01  4.200000E+01  1.332209E-04  1.302225E-05
   3.400000E+01  5.400001E+01  1.361183E-04  1.386446E-05
   3.400000E+01  6.600001E+01  1.387940E-04  1.419745E-05
   3.400000E+01  7.800001E+01  1.349974E-04  1.347896E-05
   3.400000E+01  9.000001E+01  1.359308E-04  1.324375E-05
   3.400000E+01  1.020000E+02  1.275575E-04  1.242658E-05
   3.400000E+01  1.140000E+02  1.209070E-04  1.175141E-05
   3.400000E+01  1.260000E+02  1.333235E-04  1.320117E-05
   3.400000E+01  1.380000E+02  1.339436E-04  1.340665E-05
   3.400000E+01  1.500000E+02  1.224472E-04  1.239842E-05
   3.400000E+01  1.620000E+02  1.294314E-04  1.308472E-05
   3.400000E+01  1.740000E+02  1.421925E-04  1.442778E-05
   3.400000E+01  1.860000E+02  1.382363E-04  1.338929E-05
   3.400000E+01  1.980000E+02  1.335338E-04  1.353764E-05
   3.400000E+01  2.100000E+02  1.423161E-04  1.350323E-05
   3.400000E+01  2.220000E+02  1.387637E-04  1.404504E-05
   3.400000E+01  2.340000E+02  1.273755E-04  1.276817E-05
   3.400000E+01  2.460000E+02  1.360547E-04  1.432256E-05
   3.400000E+01  2.580000E+02  1.302128E-04  1.297899E-05
   3.400000E+01  2.700000E+02  1.354845E-04  1.383649E-05
   3.400000E+01  2.820000E+02  1.272474E-04  1.241087E-05
   3.400000E+01  2.940000E+02  1.346277E-04  1.328899E-05
   3.400000E+01  3.060000E+02  1.337179E-04  1.370996E-05
   3.400000E+01  3.180000E+02  1.323201E-04  1.393715E-05
   3.400000E+01  3.300000E+02  1.390342E-04  1.437525E-05
   3.400000E+01  3.420000E+02  1.305282E-04  1.284230E-05
   3.400000E+01  3.540000E+02  1.295477E-04  1.293416E-05
    
   3.800000E+01  6.000001E+00  1.415367E-04  1.378394E-05
   3.800000E+01  1.800000E+01  1.297548E-04  1.231951E-05
   3.800000E+01  3.000000E+01  1.356544E-04  1.286687E-05
   3.800000E+01  4.200000E+01  1.301239E-04  1.205442E-05
   3.800000E+01  5.400001E+01  1.349444E-04  1.267786E-05
   3.800000E+01  6.600001E+01  1.318176E-04  1.261581E-05
   3.800000E+01  7.800001E+01  1.256989E-04  1.205711E-05
   3.800000E+01  9.000001E+01  1.328024E-04  1.223909E-05
   3.800000E+01  1.020000E+02  1.335068E-04  1.314121E-05
   3.800000E+01  1.140000E+02  1.353330E-04  1.284197E-05
   3.800000E+01  1.260000E+02  1.283948E-04  1.266897E-05
   3.800000E+01  1.380000E+02  1.360572E-04  1.289170E-05
   3.800000E+01  1.500000E+02  1.376540E-04  1.286565E-05
   3.800000E+01  1.620000E+02  1.332943E-04  1.243449E-05
   3.800000E+01  1.740000E+02  1.319841E-04  1.247437E-05
   3.800000E+01  1.860000E+02  1.360564E-04  1.289183E-05
   3.800000E+01  1.980000E+02  1.287955E-04  1.241158E-05
   3.800000E+01  2.100000E+02  1.332664E-04  1.312899E-05
   3.800000E+01  2.220000E+02  1.225598E-04  1.212587E-05
   3.800000E+01  2.340000E+02  1.321986E-04  1.264113E-05
   3.800000E+01  2.460000E+02  1.310290E-04  1.242293E-05
   3.800000E+01  2.580000E+02  1.297501E-04  1.261720E-05
   3.800000E+01  2.700000E+02  1.346983E-04  1.335971E-05
   3.800000E+01  2.820000E+02  1.405773E-04  1.345278E-05
   3.800000E+01  2.940000E+02  1.411965E-04  1.402789E-05
   3.800000E+01  3.060000E+02  1.372915E-04  1.311429E-05
   3.800000E+01  3.180000E+02  1.356880E-04  1.313990E-05
   3.800000E+01  3.300000E+02  1.357942E-04  1.382218E-05
   3.800000E+01  3.420000E+02  1.378551E-04  1.315095E-05
   3.800000E+01  3.540000E+02  1.312980E-04  1.285692E-05
    
   4.200000E+01  6.000001E+00  1.352718E-04  1.268142E-05
   4.200000E+01  1.800000E+01  1.298227E-04  1.171006E-05
   4.200000E+01  3.000000E+01  1.318530E-04  1.222262E-05
   4.200000E+01  4.200000E+01  1.327169E-04  1.275812E-05
   4.200000E+01  5.400001E+01  1.316900E-04  1.221148E-05
   4.200000E+01  6.600001E+01  1.264383E-04  1.198881E-05
   4.200000E+01  7.800001E+01  1.282744E-04  1.223591E-05
   4.200000E+01  9.000001E+01  1.344060E-04  1.250841E-05
   4.200000E+01  1.020000E+02  1.394482E-04  1.316552E-05
   4.200000E+01  1.140000E+02  1.300889E-04  1.235704E-05
   4.200000E+01  1.260000E+02  1.316364E-04  1.233403E-05
   4.200000E+01  1.380000E+02  1.275319E-04  1.168800E-05
   4.200000E+01  1.500000E+02  1.318266E-04  1.282276E-05
   4.200000E+01  1.620000E+02  1.319217E-04  1.222259E-05
   4.200000E+01  1.740000E+02  1.306340E-04  1.202068E-05
   4.200000E+01  1.860000E+02  1.347228E-04  1.289528E-05
   4.200000E+01  1.980000E+02  1.314124E-04  1.232309E-05
   4.200000E+01  2.100000E+02  1.374127E-04  1.269114E-05
   4.200000E+01  2.220000E+02  1.312193E-04  1.243340E-05
   4.200000E+01  2.340000E+02  1.330517E-04  1.166139E-05
   4.200000E+01  2.460000E+02  1.322208E-04  1.284382E-05
   4.200000E+01  2.580000E+02  1.291184E-04  1.166374E-05
   4.200000E+01  2.700000E+02  1.296254E-04  1.195263E-05
   4.200000E+01  2.820000E+02  1.297529E-04  1.220155E-05
   4.200000E+01  2.940000E+02  1.326343E-04  1.201927E-05
   4.200000E+01  3.060000E+02  1.313563E-04  1.231207E-05
   4.200000E+01  3.180000E+02  1.299862E-04  1.210018E-05
   4.200000E+01  3.300000E+02  1.349488E-04  1.242040E-05
   4.200000E+01  3.420000E+02  1.362512E-04  1.320862E-05
   4.200000E+01  3.540000E+02  1.333908E-04  1.219931E-05
    
   4.600000E+01  6.000001E+00  1.349014E-04  1.219674E-05
   4.600000E+01  1.800000E+01  1.285631E-04  1.204409E-05
   4.600000E+01  3.000000E+01  1.245976E-04  1.145277E-05
   4.600000E+01  4.200000E+01  1.338489E-04  1.212942E-05
   4.600000E+01  5.400001E+01  1.342886E-04  1.194247E-05
   4.600000E+01  6.600001E+01  1.310680E-04  1.207233E-05
   4.600000E+01  7.800001E+01  1.329890E-04  1.261700E-05
   4.600000E+01  9.000001E+01  1.253489E-04  1.161637E-05
   4.600000E+01  1.020000E+02  1.266337E-04  1.099876E-05
   4.600000E+01  1.140000E+02  1.307214E-04  1.138712E-05
   4.600000E+01  1.260000E+02  1.296559E-04  1.188550E-05
   4.600000E+01  1.380000E+02  1.286557E-04  1.181631E-05
   4.600000E+01  1.500000E+02  1.273697E-04  1.173669E-05
   4.600000E+01  1.620000E+02  1.303974E-04  1.159303E-05
   4.600000E+01  1.740000E+02  1.318302E-04  1.179449E-05
   4.600000E+01  1.860000E+02  1.295233E-04  1.153228E-05
   4.600000E+01  1.980000E+02  1.244079E-04  1.121301E-05
   4.600000E+01  2.100000E+02  1.355852E-04  1.235050E-05
   4.600000E+01  2.220000E+02  1.268197E-04  1.170671E-05
   4.600000E+01  2.340000E+02  1.373268E-04  1.275460E-05
   4.600000E+01  2.460000E+02  1.315175E-04  1.241958E-05
   4.600000E+01  2.580000E+02  1.341083E-04  1.204112E-05
   4.600000E+01  2.700000E+02  1.405453E-04  1.263198E-05
   4.600000E+01  2.820000E+02  1.296498E-04  1.165459E-05
   4.600000E+01  2.940000E+02  1.312389E-04  1.152112E-05
   4.600000E+01  3.060000E+02  1.310696E-04  1.152109E-05
   4.600000E+01  3.180000E+02  1.284433E-04  1.135713E-05
   4.600000E+01  3.300000E+02  1.285045E-04  1.146091E-05
   4.600000E+01  3.420000E+02  1.291543E-04  1.184597E-05
   4.600000E+01  3.540000E+02  1.349423E-04  1.186278E-05
    
   5.000001E+01  6.000001E+00  1.301142E-04  1.144332E-05
   5.000001E+01  1.800000E+01  1.264112E-04  1.079862E-05
   5.000001E+01  3.000000E+01  1.307288E-04  1.127776E-05
   5.000001E+01  4.200000E+01  1.278598E-04  1.109309E-05
   5.000001E+01  5.400001E+01  1.287696E-04  1.166955E-05
   5.000001E+01  6.600001E+01  1.244130E-04  1.129989E-05
   5.000001E+01  7.800001E+01  1.302965E-04  1.155209E-05
   5.000001E+01  9.000001E+01  1.288380E-04  1.147139E-05
   5.000001E+01  1.020000E+02  1.243684E-04  1.109503E-05
   5.000001E+01  1.140000E+02  1.409309E-04  1.272320E-05
   5.000001E+01  1.260000E+02  1.254957E-04  1.105674E-05
   5.000001E+01  1.380000E+02  1.285963E-04  1.135267E-05
   5.000001E+01  1.500000E+02  1.283207E-04  1.092226E-05
   5.000001E+01  1.620000E+02  1.332087E-04  1.172951E-05
   5.000001E+01  1.740000E+02  1.272483E-04  1.116837E-05
   5.000001E+01  1.860000E+02  1.268050E-04  1.145414E-05
   5.000001E+01  1.980000E+02  1.306765E-04  1.147946E-05
   5.000001E+01  2.100000E+02  1.310616E-04  1.169522E-05
   5.000001E+01  2.220000E+02  1.344327E-04  1.199258E-05
   5.000001E+01  2.340000E+02  1.319053E-04  1.204595E-05
   5.000001E+01  2.460000E+02  1.339173E-04  1.195807E-05
   5.000001E+01  2.580000E+02  1.368850E-04  1.231734E-05
   5.000001E+01  2.700000E+02  1.275441E-04  1.087493E-05
   5.000001E+01  2.820000E+02  1.267470E-04  1.114054E-05
   5.000001E+01  2.940000E+02  1.318904E-04  1.184523E-05
   5.000001E+01  3.060000E+02  1.237401E-04  1.094406E-05
   5.000001E+01  3.180000E+02  1.220796E-04  1.084922E-05
   5.000001E+01  3.300000E+02  1.303654E-04  1.146133E-05
   5.000001E+01  3.420000E+02  1.299000E-04  1.143425E-05
   5.000001E+01  3.540000E+02  1.308770E-04  1.168627E-05
    
   5.400001E+01  6.000001E+00  1.208161E-04  1.031632E-05
   5.400001E+01  1.800000E+01  1.233185E-04  1.067106E-05
   5.400001E+01  3.000000E+01  1.240237E-04  1.042245E-05
   5.400001E+01  4.200000E+01  1.225166E-04  1.022416E-05
   5.400001E+01  5.400001E+01  1.241206E-04  1.052074E-05
   5.400001E+01  6.600001E+01  1.240165E-04  1.090455E-05
   5.400001E+01  7.800001E+01  1.292745E-04  1.102964E-05
   5.400001E+01  9.000001E+01  1.257644E-04  1.072215E-05
   5.400001E+01  1.020000E+02  1.243449E-04  1.092155E-05
   5.400001E+01  1.140000E+02  1.254813E-04  1.089525E-05
   5.400001E+01  1.260000E+02  1.284230E-04  1.107223E-05
   5.400001E+01  1.380000E+02  1.243401E-04  1.082705E-05
   5.400001E+01  1.500000E+02  1.206452E-04  1.041545E-05
   5.400001E+01  1.620000E+02  1.248448E-04  1.076609E-05
   5.400001E+01  1.740000E+02  1.254030E-04  1.088679E-05
   5.400001E+01  1.860000E+02  1.244324E-04  1.093007E-05
   5.400001E+01  1.980000E+02  1.290807E-04  1.128938E-05
   5.400001E+01  2.100000E+02  1.234472E-04  1.067972E-05
   5.400001E+01  2.220000E+02  1.316418E-04  1.143607E-05
   5.400001E+01  2.340000E+02  1.257655E-04  1.100605E-05
   5.400001E+01  2.460000E+02  1.318975E-04  1.137031E-05
   5.400001E+01  2.580000E+02  1.302306E-04  1.107991E-05
   5.400001E+01  2.700000E+02  1.317096E-04  1.125483E-05
   5.400001E+01  2.820000E+02  1.265278E-04  1.142239E-05
   5.400001E+01  2.940000E+02  1.272552E-04  1.071261E-05
   5.400001E+01  3.060000E+02  1.306896E-04  1.137925E-05
   5.400001E+01  3.180000E+02  1.355386E-04  1.138493E-05
   5.400001E+01  3.300000E+02  1.231967E-04  1.093933E-05
   5.400001E+01  3.420000E+02  1.228654E-04  1.093096E-05
   5.400001E+01  3.540000E+02  1.286742E-04  1.126473E-05
    
   5.800001E+01  6.000001E+00  1.258545E-04  1.070541E-05
   5.800001E+01  1.800000E+01  1.252356E-04  1.076118E-05
   5.800001E+01  3.000000E+01  1.232557E-04  1.038408E-05
   5.800001E+01  4.200000E+01  1.211771E-04  1.062792E-05
   5.800001E+01  5.400001E+01  1.216294E-04  1.055565E-05
   5.800001E+01  6.600001E+01  1.214005E-04  1.053957E-05
   5.800001E+01  7.800001E+01  1.198123E-04  1.045123E-05
   5.800001E+01  9.000001E+01  1.260318E-04  1.053717E-05
   5.800001E+01  1.020000E+02  1.223343E-04  1.059545E-05
   5.800001E+01  1.140000E+02  1.214844E-04  1.017823E-05
   5.800001E+01  1.260000E+02  1.224483E-04  1.069127E-05
   5.800001E+01  1.380000E+02  1.261254E-04  1.063349E-05
   5.800001E+01  1.500000E+02  1.249170E-04  1.083219E-05
   5.800001E+01  1.620000E+02  1.153612E-04  9.798543E-06
   5.800001E+01  1.740000E+02  1.241617E-04  1.034262E-05
   5.800001E+01  1.860000E+02  1.276139E-04  1.107157E-05
   5.800001E+01  1.980000E+02  1.258626E-04  1.088656E-05
   5.800001E+01  2.100000E+02  1.302605E-04  1.087652E-05
   5.800001E+01  2.220000E+02  1.209507E-04  1.033607E-05
   5.800001E+01  2.340000E+02  1.241353E-04  1.130148E-05
   5.800001E+01  2.460000E+02  1.212087E-04  1.044236E-05
   5.800001E+01  2.580000E+02  1.169448E-04  9.901229E-06
   5.800001E+01  2.700000E+02  1.226376E-04  1.043341E-05
   5.800001E+01  2.820000E+02  1.257527E-04  1.071329E-05
   5.800001E+01  2.940000E+02  1.260827E-04  1.072114E-05
   5.800001E+01  3.060000E+02  1.251273E-04  1.057791E-05
   5.800001E+01  3.180000E+02  1.289994E-04  1.131423E-05
   5.800001E+01  3.300000E+02  1.271742E-04  1.078384E-05
   5.800001E+01  3.420000E+02  1.220889E-04  1.040116E-05
   5.800001E+01  3.540000E+02  1.219672E-04  1.030253E-05
    
   6.200001E+01  6.000001E+00  1.190761E-04  1.017584E-05
   6.200001E+01  1.800000E+01  1.291710E-04  1.106478E-05
   6.200001E+01  3.000000E+01  1.148708E-04  9.752837E-06
   6.200001E+01  4.200000E+01  1.163693E-04  1.001407E-05
   6.200001E+01  5.400001E+01  1.232590E-04  1.024288E-05
   6.200001E+01  6.600001E+01  1.259667E-04  1.056569E-05
   6.200001E+01  7.800001E+01  1.210400E-04  1.020562E-05
   6.200001E+01  9.000001E+01  1.211883E-04  1.029736E-05
   6.200001E+01  1.020000E+02  1.151725E-04  9.856855E-06
   6.200001E+01  1.140000E+02  1.234948E-04  1.043249E-05
   6.200001E+01  1.260000E+02  1.197057E-04  1.021392E-05
   6.200001E+01  1.380000E+02  1.239462E-04  1.053704E-05
   6.200001E+01  1.500000E+02  1.184693E-04  1.030645E-05
   6.200001E+01  1.620000E+02  1.228548E-04  1.039514E-05
   6.200001E+01  1.740000E+02  1.149245E-04  9.849048E-06
   6.200001E+01  1.860000E+02  1.189330E-04  1.007523E-05
   6.200001E+01  1.980000E+02  1.260464E-04  1.032525E-05
   6.200001E+01  2.100000E+02  1.183904E-04  1.005208E-05
   6.200001E+01  2.220000E+02  1.188930E-04  1.025271E-05
   6.200001E+01  2.340000E+02  1.215668E-04  1.015132E-05
   6.200001E+01  2.460000E+02  1.268434E-04  1.117871E-05
   6.200001E+01  2.580000E+02  1.161276E-04  9.557133E-06
   6.200001E+01  2.700000E+02  1.244274E-04  1.048451E-05
   6.200001E+01  2.820000E+02  1.227676E-04  1.038760E-05
   6.200001E+01  2.940000E+02  1.219759E-04  1.059008E-05
   6.200001E+01  3.060000E+02  1.187477E-04  9.894525E-06
   6.200001E+01  3.180000E+02  1.221839E-04  1.043326E-05
   6.200001E+01  3.300000E+02  1.237098E-04  1.077273E-05
   6.200001E+01  3.420000E+02  1.218240E-04  1.050812E-05
   6.200001E+01  3.540000E+02  1.223939E-04  1.044802E-05
    
   6.600001E+01  6.000001E+00  1.170787E-04  1.006210E-05
   6.600001E+01  1.800000E+01  1.148492E-04  9.931271E-06
   6.600001E+01  3.000000E+01  1.216931E-04  1.016118E-05
   6.600001E+01  4.200000E+01  1.155124E-04  9.886565E-06
   6.600001E+01  5.400001E+01  1.196320E-04  1.003895E-05
   6.600001E+01  6.600001E+01  1.156366E-04  9.477661E-06
   6.600001E+01  7.800001E+01  1.168395E-04  9.796585E-06
   6.600001E+01  9.000001E+01  1.102241E-04  9.230001E-06
   6.600001E+01  1.020000E+02  1.156145E-04  1.005557E-05
   6.600001E+01  1.140000E+02  1.136940E-04  9.946668E-06
   6.600001E+01  1.260000E+02  1.170931E-04  9.743734E-06
   6.600001E+01  1.380000E+02  1.182010E-04  1.012679E-05
   6.600001E+01  1.500000E+02  1.178677E-04  1.034188E-05
   6.600001E+01  1.620000E+02  1.161875E-04  9.848984E-06
   6.600001E+01  1.740000E+02  1.122572E-04  9.693807E-06
   6.600001E+01  1.860000E+02  1.174364E-04  9.915222E-06
   6.600001E+01  1.980000E+02  1.186032E-04  1.014839E-05
   6.600001E+01  2.100000E+02  1.179155E-04  9.698200E-06
   6.600001E+01  2.220000E+02  1.145853E-04  9.916678E-06
   6.600001E+01  2.340000E+02  1.197063E-04  1.036930E-05
   6.600001E+01  2.460000E+02  1.137817E-04  9.707928E-06
   6.600001E+01  2.580000E+02  1.209442E-04  1.073682E-05
   6.600001E+01  2.700000E+02  1.139019E-04  1.004186E-05
   6.600001E+01  2.820000E+02  1.144605E-04  1.030819E-05
   6.600001E+01  2.940000E+02  1.194261E-04  1.027008E-05
   6.600001E+01  3.060000E+02  1.229985E-04  1.031797E-05
   6.600001E+01  3.180000E+02  1.175465E-04  1.000347E-05
   6.600001E+01  3.300000E+02  1.192464E-04  1.002451E-05
   6.600001E+01  3.420000E+02  1.185479E-04  1.006855E-05
   6.600001E+01  3.540000E+02  1.194606E-04  1.011902E-05
    
   7.000001E+01  6.000001E+00  1.121678E-04  9.682589E-06
   7.000001E+01  1.800000E+01  1.127987E-04  9.789085E-06
   7.000001E+01  3.000000E+01  1.105850E-04  9.740507E-06
   7.000001E+01  4.200000E+01  1.111427E-04  9.853362E-06
   7.000001E+01  5.400001E+01  1.083924E-04  9.372241E-06
   7.000001E+01  6.600001E+01  1.104651E-04  9.510159E-06
   7.000001E+01  7.800001E+01  1.028119E-04  8.951656E-06
   7.000001E+01  9.000001E+01  1.089819E-04  9.569169E-06
   7.000001E+01  1.020000E+02  1.111650E-04  9.539018E-06
   7.000001E+01  1.140000E+02  1.093350E-04  9.267367E-06
   7.000001E+01  1.260000E+02  1.128957E-04  9.559861E-06
   7.000001E+01  1.380000E+02  1.095653E-04  9.762373E-06
   7.000001E+01  1.500000E+02  1.117476E-04  9.725711E-06
   7.000001E+01  1.620000E+02  1.086805E-04  9.474747E-06
   7.000001E+01  1.740000E+02  1.149643E-04  9.997915E-06
   7.000001E+01  1.860000E+02  1.072083E-04  9.468343E-06
   7.000001E+01  1.980000E+02  1.136298E-04  9.602811E-06
   7.000001E+01  2.100000E+02  1.088002E-04  9.481973E-06
   7.000001E+01  2.220000E+02  1.105951E-04  9.341195E-06
   7.000001E+01  2.340000E+02  1.111280E-04  9.451556E-06
   7.000001E+01  2.460000E+02  1.108979E-04  9.517386E-06
   7.000001E+01  2.580000E+02  1.110255E-04  9.451545E-06
   7.000001E+01  2.700000E+02  1.129814E-04  1.004040E-05
   7.000001E+01  2.820000E+02  1.090663E-04  9.819169E-06
   7.000001E+01  2.940000E+02  1.093615E-04  9.510922E-06
   7.000001E+01  3.060000E+02  1.104404E-04  9.495716E-06
   7.000001E+01  3.180000E+02  1.099981E-04  9.393272E-06
   7.000001E+01  3.300000E+02  1.114464E-04  9.473253E-06
   7.000001E+01  3.420000E+02  1.142133E-04  9.949747E-06
   7.000001E+01  3.540000E+02  1.117436E-04  9.574931E-06
    
   7.400001E+01  6.000001E+00  1.000245E-04  8.764914E-06
   7.400001E+01  1.800000E+01  1.021397E-04  9.053574E-06
   7.400001E+01  3.000000E+01  1.062735E-04  9.225173E-06
   7.400001E+01  4.200000E+01  1.071206E-04  9.430510E-06
   7.400001E+01  5.400001E+01  1.062564E-04  9.535660E-06
   7.400001E+01  6.600001E+01  1.002489E-04  8.869817E-06
   7.400001E+01  7.800001E+01  1.013704E-04  8.936178E-06
   7.400001E+01  9.000001E+01  1.072793E-04  9.673001E-06
   7.400001E+01  1.020000E+02  1.017919E-04  9.517084E-06
   7.400001E+01  1.140000E+02  1.082810E-04  9.651965E-06
   7.400001E+01  1.260000E+02  1.064430E-04  9.160174E-06
   7.400001E+01  1.380000E+02  1.069072E-04  9.423581E-06
   7.400001E+01  1.500000E+02  1.052245E-04  9.168070E-06
   7.400001E+01  1.620000E+02  1.056391E-04  9.196768E-06
   7.400001E+01  1.740000E+02  1.084032E-04  9.422871E-06
   7.400001E+01  1.860000E+02  1.033925E-04  9.453487E-06
   7.400001E+01  1.980000E+02  9.962650E-05  8.742495E-06
   7.400001E+01  2.100000E+02  1.040870E-04  9.096224E-06
   7.400001E+01  2.220000E+02  1.048427E-04  9.382382E-06
   7.400001E+01  2.340000E+02  1.046256E-04  9.211659E-06
   7.400001E+01  2.460000E+02  1.025394E-04  9.089734E-06
   7.400001E+01  2.580000E+02  1.030958E-04  9.284071E-06
   7.400001E+01  2.700000E+02  1.058796E-04  9.438216E-06
   7.400001E+01  2.820000E+02  1.015443E-04  9.024539E-06
   7.400001E+01  2.940000E+02  1.061339E-04  9.611729E-06
   7.400001E+01  3.060000E+02  1.074605E-04  9.451379E-06
   7.400001E+01  3.180000E+02  1.067572E-04  9.331915E-06
   7.400001E+01  3.300000E+02  9.771021E-05  8.705620E-06
   7.400001E+01  3.420000E+02  1.059791E-04  9.673699E-06
   7.400001E+01  3.540000E+02  1.049801E-04  9.232956E-06
    
   7.800001E+01  6.000001E+00  9.176017E-05  8.667092E-06
   7.800001E+01  1.800000E+01  9.451690E-05  8.665562E-06
   7.800001E+01  3.000000E+01  9.729713E-05  9.221715E-06
   7.800001E+01  4.200000E+01  9.850825E-05  9.310590E-06
   7.800001E+01  5.400001E+01  9.163403E-05  8.313303E-06
   7.800001E+01  6.600001E+01  9.523472E-05  8.620858E-06
   7.800001E+01  7.800001E+01  9.676959E-05  9.039919E-06
   7.800001E+01  9.000001E+01  9.250469E-05  8.540346E-06
   7.800001E+01  1.020000E+02  9.158162E-05  8.488302E-06
   7.800001E+01  1.140000E+02  9.412960E-05  8.884330E-06
   7.800001E+01  1.260000E+02  9.949782E-05  9.358124E-06
   7.800001E+01  1.380000E+02  9.656319E-05  9.025822E-06
   7.800001E+01  1.500000E+02  8.919327E-05  8.064958E-06
   7.800001E+01  1.620000E+02  9.245706E-05  8.532894E-06
   7.800001E+01  1.740000E+02  9.561147E-05  8.969549E-06
   7.800001E+01  1.860000E+02  9.304855E-05  8.487482E-06
   7.800001E+01  1.980000E+02  8.902136E-05  7.969231E-06
   7.800001E+01  2.100000E+02  9.389519E-05  8.710067E-06
   7.800001E+01  2.220000E+02  9.413327E-05  8.884317E-06
   7.800001E+01  2.340000E+02  9.135350E-05  8.548470E-06
   7.800001E+01  2.460000E+02  9.190609E-05  8.659736E-06
   7.800001E+01  2.580000E+02  9.648610E-05  8.781727E-06
   7.800001E+01  2.700000E+02  9.573831E-05  8.818452E-06
   7.800001E+01  2.820000E+02  9.231162E-05  8.358933E-06
   7.800001E+01  2.940000E+02  9.480289E-05  8.760780E-06
   7.800001E+01  3.060000E+02  9.721565E-05  9.067908E-06
   7.800001E+01  3.180000E+02  9.628466E-05  8.854318E-06
   7.800001E+01  3.300000E+02  9.181294E-05  8.578205E-06
   7.800001E+01  3.420000E+02  9.629023E-05  9.173472E-06
   7.800001E+01  3.540000E+02  9.878898E-05  9.241639E-06
    
   8.200001E+01  6.000001E+00  8.047368E-05  7.785372E-06
   8.200001E+01  1.800000E+01  8.310153E-05  7.965963E-06
   8.200001E+01  3.000000E+01  7.727727E-05  7.567974E-06
   8.200001E+01  4.200000E+01  8.093442E-05  7.904456E-06
   8.200001E+01  5.400001E+01  7.656552E-05  7.518856E-06
   8.200001E+01  6.600001E+01  7.953676E-05  7.983844E-06
   8.200001E+01  7.800001E+01  7.802348E-05  7.802914E-06
   8.200001E+01  9.000001E+01  8.035214E-05  8.206823E-06
   8.200001E+01  1.020000E+02  7.451664E-05  7.461913E-06
   8.200001E+01  1.140000E+02  7.750342E-05  7.674243E-06
   8.200001E+01  1.260000E+02  8.156935E-05  8.206024E-06
   8.200001E+01  1.380000E+02  7.814620E-05  7.633074E-06
   8.200001E+01  1.500000E+02  7.817189E-05  7.802906E-06
   8.200001E+01  1.620000E+02  7.763855E-05  7.771119E-06
   8.200001E+01  1.740000E+02  8.002722E-05  7.664624E-06
   8.200001E+01  1.860000E+02  7.516052E-05  7.511447E-06
   8.200001E+01  1.980000E+02  7.818524E-05  8.070045E-06
   8.200001E+01  2.100000E+02  7.528400E-05  7.427869E-06
   8.200001E+01  2.220000E+02  7.329164E-05  7.378811E-06
   8.200001E+01  2.340000E+02  7.772378E-05  7.600703E-06
   8.200001E+01  2.460000E+02  7.774948E-05  8.047085E-06
   8.200001E+01  2.580000E+02  7.836377E-05  7.730401E-06
   8.200001E+01  2.700000E+02  7.746278E-05  7.666199E-06
   8.200001E+01  2.820000E+02  7.519094E-05  7.519672E-06
   8.200001E+01  2.940000E+02  7.979877E-05  7.920811E-06
   8.200001E+01  3.060000E+02  8.043704E-05  8.045520E-06
   8.200001E+01  3.180000E+02  8.416668E-05  8.287720E-06
   8.200001E+01  3.300000E+02  7.811337E-05  7.714484E-06
   8.200001E+01  3.420000E+02  7.994371E-05  7.928624E-06
   8.200001E+01  3.540000E+02  8.318594E-05  7.973684E-06
    
   8.600001E+01  6.000001E+00  5.066966E-05  6.117864E-06
   8.600001E+01  1.800000E+01  4.814824E-05  5.894724E-06
   8.600001E+01  3.000000E+01  4.956894E-05  6.017487E-06
   8.600001E+01  4.200000E+01  5.023422E-05  6.077878E-06
   8.600001E+01  5.400001E+01  5.098127E-05  6.256706E-06
   8.600001E+01  6.600001E+01  4.832713E-05  5.799940E-06
   8.600001E+01  7.800001E+01  5.177796E-05  6.096912E-06
   8.600001E+01  9.000001E+01  5.539032E-05  6.504010E-06
   8.600001E+01  1.020000E+02  5.446034E-05  6.332146E-06
   8.600001E+01  1.140000E+02  5.224945E-05  6.468265E-06
   8.600001E+01  1.260000E+02  5.372498E-05  6.371494E-06
   8.600001E+01  1.380000E+02  5.176147E-05  6.096925E-06
   8.600001E+01  1.500000E+02  5.217006E-05  6.458884E-06
   8.600001E+01  1.620000E+02  5.129536E-05  6.167451E-06
   8.600001E+01  1.740000E+02  5.266414E-05  6.284843E-06
   8.600001E+01  1.860000E+02  5.252157E-05  6.166494E-06
   8.600001E+01  1.980000E+02  4.850864E-05  5.925661E-06
   8.600001E+01  2.100000E+02  5.105412E-05  6.256722E-06
   8.600001E+01  2.220000E+02  4.853791E-05  5.820936E-06
   8.600001E+01  2.340000E+02  5.164779E-05  6.197055E-06
   8.600001E+01  2.460000E+02  5.567784E-05  6.634722E-06
   8.600001E+01  2.580000E+02  4.732479E-05  5.704647E-06
   8.600001E+01  2.700000E+02  5.299915E-05  6.313867E-06
   8.600001E+01  2.820000E+02  5.329379E-05  6.342714E-06
   8.600001E+01  2.940000E+02  5.162567E-05  6.206868E-06
   8.600001E+01  3.060000E+02  5.389622E-05  6.495538E-06
   8.600001E+01  3.180000E+02  5.230820E-05  6.362878E-06
   8.600001E+01  3.300000E+02  4.826319E-05  5.905050E-06
   8.600001E+01  3.420000E+02  5.230865E-05  6.255712E-06
   8.600001E+01  3.540000E+02  5.374397E-05  6.486178E-06
    
   9.000001E+01  6.000001E+00  7.669909E-06  2.202740E-06
   9.000001E+01  1.800000E+01  6.970543E-06  2.030910E-06
   9.000001E+01  3.000000E+01  9.300928E-06  2.559197E-06
   9.000001E+01  4.200000E+01  7.083846E-06  2.060585E-06
   9.000001E+01  5.400001E+01  8.120894E-06  2.310202E-06
   9.000001E+01  6.600001E+01  7.893206E-06  2.257110E-06
   9.000001E+01  7.800001E+01  7.533575E-06  2.175041E-06
   9.000001E+01  9.000001E+01  7.676076E-06  2.202741E-06
   9.000001E+01  1.020000E+02  8.815871E-06  2.462620E-06
   9.000001E+01  1.140000E+02  9.625586E-06  2.629297E-06
   9.000001E+01  1.260000E+02  8.642357E-06  2.412893E-06
   9.000001E+01  1.380000E+02  9.511104E-06  2.606139E-06
   9.000001E+01  1.500000E+02  8.338988E-06  2.362099E-06
   9.000001E+01  1.620000E+02  7.676630E-06  2.202741E-06
   9.000001E+01  1.740000E+02  8.727850E-06  2.437883E-06
   9.000001E+01  1.860000E+02  7.738317E-06  2.230083E-06
   9.000001E+01  1.980000E+02  8.493964E-06  2.387631E-06
   9.000001E+01  2.100000E+02  8.007886E-06  2.283810E-06
   9.000001E+01  2.220000E+02  8.949101E-06  2.487118E-06
   9.000001E+01  2.340000E+02  8.467414E-06  2.387663E-06
   9.000001E+01  2.460000E+02  7.544283E-06  2.175083E-06
   9.000001E+01  2.580000E+02  8.703422E-06  2.437879E-06
   9.000001E+01  2.700000E+02  7.427157E-06  2.146990E-06
   9.000001E+01  2.820000E+02  7.560911E-06  2.175046E-06
   9.000001E+01  2.940000E+02  8.256869E-06  2.336299E-06
   9.000001E+01  3.060000E+02  6.950814E-06  2.030906E-06
   9.000001E+01  3.180000E+02  7.583868E-06  2.175090E-06
   9.000001E+01  3.300000E+02  7.903334E-06  2.257112E-06
   9.000001E+01  3.420000E+02  7.532799E-06  2.175041E-06
   9.000001E+01  3.540000E+02  7.092308E-06  2.060544E-06
    
   9.400001E+01  6.000001E+00  1.000000E-35  1.000000E-35
   9.400001E+01  1.800000E+01  1.000000E-35  1.000000E-35
   9.400001E+01  3.000000E+01  1.000000E-35  1.000000E-35
   9.400001E+01  4.200000E+01  1.000000E-35  1.000000E-35
   9.400001E+01  5.400001E+01  1.000000E-35  1.000000E-35
   9.400001E+01  6.600001E+01  1.000000E-35  1.000000E-35
   9.400001E+01  7.800001E+01  1.000000E-35  1.000000E-35
   9.400001E+01  9.000001E+01  1.000000E-35  1.000000E-35
   9.400001E+01  1.020000E+02  1.000000E-35  1.000000E-35
   9.400001E+01  1.140000E+02  1.000000E-35  1.000000E-35
   9.400001E+01  1.260000E+02  1.000000E-35  1.000000E-35
   9.400001E+01  1.380000E+02  1.000000E-35  1.000000E-35
   9.400001E+01  1.500000E+02  1.000000E-35  1.000000E-35
   9.400001E+01  1.620000E+02  1.000000E-35  1.000000E-35
   9.400001E+01  1.740000E+02  1.000000E-35  1.000000E-35
   9.400001E+01  1.860000E+02  1.000000E-35  1.000000E-35
   9.400001E+01  1.980000E+02  1.000000E-35  1.000000E-35
   9.400001E+01  2.100000E+02  1.000000E-35  1.000000E-35
   9.400001E+01  2.220000E+02  1.000000E-35  1.000000E-35
   9.400001E+01  2.340000E+02  1.000000E-35  1.000000E-35
   9.400001E+01  2.460000E+02  1.000000E-35  1.000000E-35
   9.400001E+01  2.580000E+02  1.000000E-35  1.000000E-35
   9.400001E+01  2.700000E+02  1.000000E-35  1.000000E-35
   9.400001E+01  2.820000E+02  1.000000E-35  1.000000E-35
   9.400001E+01  2.940000E+02  1.000000E-35  1.000000E-35
   9.400001E+01  3.060000E+02  1.000000E-35  1.000000E-35
   9.400001E+01  3.180000E+02  1.000000E-35  1.000000E-35
   9.400001E+01  3.300000E+02  1.000000E-35  1.000000E-35
   9.400001E+01  3.420000E+02  1.000000E-35  1.000000E-35
   9.400001E+01  3.540000E+02  1.000000E-35  1.000000E-35
    
   9.800001E+01  6.000001E+00  1.000000E-35  1.000000E-35
   9.800001E+01  1.800000E+01  1.000000E-35  1.000000E-35
   9.800001E+01  3.000000E+01  1.000000E-35  1.000000E-35
   9.800001E+01  4.200000E+01  1.000000E-35  1.000000E-35
   9.800001E+01  5.400001E+01  1.000000E-35  1.000000E-35
   9.800001E+01  6.600001E+01  1.000000E-35  1.000000E-35
   9.800001E+01  7.800001E+01  1.000000E-35  1.000000E-35
   9.800001E+01  9.000001E+01  1.000000E-35  1.000000E-35
   9.800001E+01  1.020000E+02  1.000000E-35  1.000000E-35
   9.800001E+01  1.140000E+02  1.000000E-35  1.000000E-35
   9.800001E+01  1.260000E+02  1.000000E-35  1.000000E-35
   9.800001E+01  1.380000E+02  1.000000E-35  1.000000E-35
   9.800001E+01  1.500000E+02  1.000000E-35  1.000000E-35
   9.800001E+01  1.620000E+02  1.000000E-35  1.000000E-35
   9.800001E+01  1.740000E+02  1.000000E-35  1.000000E-35
   9.800001E+01  1.860000E+02  1.000000E-35  1.000000E-35
   9.800001E+01  1.980000E+02  1.000000E-35  1.000000E-35
   9.800001E+01  2.100000E+02  1.000000E-35  1.000000E-35
   9.800001E+01  2.220000E+02  1.000000E-35  1.000000E-35
   9.800001E+01  2.340000E+02  1.000000E-35  1.000000E-35
   9.800001E+01  2.460000E+02  1.000000E-35  1.000000E-35
   9.800001E+01  2.580000E+02  1.000000E-35  1.000000E-35
   9.800001E+01  2.700000E+02  1.000000E-35  1.000000E-35
   9.800001E+01  2.820000E+02  1.000000E-35  1.000000E-35
   9.800001E+01  2.940000E+02  1.000000E-35  1.000000E-35
   9.800001E+01  3.060000E+02  1.000000E-35  1.000000E-35
   9.800001E+01  3.180000E+02  1.000000E-35  1.000000E-35
   9.800001E+01  3.300000E+02  1.000000E-35  1.000000E-35
   9.800001E+01  3.420000E+02  1.000000E-35  1.000000E-35
   9.800001E+01  3.540000E+02  1.000000E-35  1.000000E-35
    
   1.020000E+02  6.000001E+00  1.000000E-35  1.000000E-35
   1.020000E+02  1.800000E+01  1.000000E-35  1.000000E-35
   1.020000E+02  3.000000E+01  1.000000E-35  1.000000E-35
   1.020000E+02  4.200000E+01  1.000000E-35  1.000000E-35
   1.020000E+02  5.400001E+01  1.000000E-35  1.000000E-35
   1.020000E+02  6.600001E+01  1.000000E-35  1.000000E-35
   1.020000E+02  7.800001E+01  1.000000E-35  1.000000E-35
   1.020000E+02  9.000001E+01  1.000000E-35  1.000000E-35
   1.020000E+02  1.020000E+02  1.000000E-35  1.000000E-35
   1.020000E+02  1.140000E+02  1.000000E-35  1.000000E-35
   1.020000E+02  1.260000E+02  1.000000E-35  1.000000E-35
   1.020000E+02  1.380000E+02  1.000000E-35  1.000000E-35
   1.020000E+02  1.500000E+02  1.000000E-35  1.000000E-35
   1.020000E+02  1.620000E+02  1.000000E-35  1.000000E-35
   1.020000E+02  1.740000E+02  1.000000E-35  1.000000E-35
   1.020000E+02  1.860000E+02  1.000000E-35  1.000000E-35
   1.020000E+02  1.980000E+02  1.000000E-35  1.000000E-35
   1.020000E+02  2.100000E+02  1.000000E-35  1.000000E-35
   1.020000E+02  2.220000E+02  1.000000E-35  1.000000E-35
   1.020000E+02  2.340000E+02  1.000000E-35  1.000000E-35
   1.020000E+02  2.460000E+02  1.000000E-35  1.000000E-35
   1.020000E+02  2.580000E+02  1.000000E-35  1.000000E-35
   1.020000E+02  2.700000E+02  1.000000E-35  1.000000E-35
   1.020000E+02  2.820000E+02  1.000000E-35  1.000000E-35
   1.020000E+02  2.940000E+02  1.000000E-35  1.000000E-35
   1.020000E+02  3.060000E+02  1.000000E-35  1.000000E-35
   1.020000E+02  3.180000E+02  1.000000E-35  1.000000E-35
   1.020000E+02  3.300000E+02  1.000000E-35  1.000000E-35
   1.020000E+02  3.420000E+02  1.000000E-35  1.000000E-35
   1.020000E+02  3.540000E+02  1.000000E-35  1.000000E-35
    
   1.060000E+02  6.000001E+00  1.000000E-35  1.000000E-35
   1.060000E+02  1.800000E+01  1.000000E-35  1.000000E-35
   1.060000E+02  3.000000E+01  1.000000E-35  1.000000E-35
   1.060000E+02  4.200000E+01  1.000000E-35  1.000000E-35
   1.060000E+02  5.400001E+01  1.000000E-35  1.000000E-35
   1.060000E+02  6.600001E+01  1.000000E-35  1.000000E-35
   1.060000E+02  7.800001E+01  1.000000E-35  1.000000E-35
   1.060000E+02  9.000001E+01  1.000000E-35  1.000000E-35
   1.060000E+02  1.020000E+02  1.000000E-35  1.000000E-35
   1.060000E+02  1.140000E+02  1.000000E-35  1.000000E-35
   1.060000E+02  1.260000E+02  1.000000E-35  1.000000E-35
   1.060000E+02  1.380000E+02  1.000000E-35  1.000000E-35
   1.060000E+02  1.500000E+02  1.000000E-35  1.000000E-35
   1.060000E+02  1.620000E+02  1.000000E-35  1.000000E-35
   1.060000E+02  1.740000E+02  1.000000E-35  1.000000E-35
   1.060000E+02  1.860000E+02  1.000000E-35  1.000000E-35
   1.060000E+02  1.980000E+02  1.000000E-35  1.000000E-35
   1.060000E+02  2.100000E+02  1.000000E-35  1.000000E-35
   1.060000E+02  2.220000E+02  1.000000E-35  1.000000E-35
   1.060000E+02  2.340000E+02  1.000000E-35  1.000000E-35
   1.060000E+02  2.460000E+02  1.000000E-35  1.000000E-35
   1.060000E+02  2.580000E+02  1.000000E-35  1.000000E-35
   1.060000E+02  2.700000E+02  1.000000E-35  1.000000E-35
   1.060000E+02  2.820000E+02  1.000000E-35  1.000000E-35
   1.060000E+02  2.940000E+02  1.000000E-35  1.000000E-35
   1.060000E+02  3.060000E+02  1.000000E-35  1.000000E-35
   1.060000E+02  3.180000E+02  1.000000E-35  1.000000E-35
   1.060000E+02  3.300000E+02  1.000000E-35  1.000000E-35
   1.060000E+02  3.420000E+02  1.000000E-35  1.000000E-35
   1.060000E+02  3.540000E+02  1.000000E-35  1.000000E-35
    
   1.100000E+02  6.000001E+00  1.000000E-35  1.000000E-35
   1.100000E+02  1.800000E+01  1.000000E-35  1.000000E-35
   1.100000E+02  3.000000E+01  1.000000E-35  1.000000E-35
   1.100000E+02  4.200000E+01  1.000000E-35  1.000000E-35
   1.100000E+02  5.400001E+01  1.000000E-35  1.000000E-35
   1.100000E+02  6.600001E+01  1.000000E-35  1.000000E-35
   1.100000E+02  7.800001E+01  1.000000E-35  1.000000E-35
   1.100000E+02  9.000001E+01  1.000000E-35  1.000000E-35
   1.100000E+02  1.020000E+02  1.000000E-35  1.000000E-35
   1.100000E+02  1.140000E+02  1.000000E-35  1.000000E-35
   1.100000E+02  1.260000E+02  1.000000E-35  1.000000E-35
   1.100000E+02  1.380000E+02  1.000000E-35  1.000000E-35
   1.100000E+02  1.500000E+02  1.000000E-35  1.000000E-35
   1.100000E+02  1.620000E+02  1.000000E-35  1.000000E-35
   1.100000E+02  1.740000E+02  1.000000E-35  1.000000E-35
   1.100000E+02  1.860000E+02  1.000000E-35  1.000000E-35
   1.100000E+02  1.980000E+02  1.000000E-35  1.000000E-35
   1.100000E+02  2.100000E+02  1.000000E-35  1.000000E-35
   1.100000E+02  2.220000E+02  1.000000E-35  1.000000E-35
   1.100000E+02  2.340000E+02  1.000000E-35  1.000000E-35
   1.100000E+02  2.460000E+02  1.000000E-35  1.000000E-35
   1.100000E+02  2.580000E+02  1.000000E-35  1.000000E-35
   1.100000E+02  2.700000E+02  1.000000E-35  1.000000E-35
   1.100000E+02  2.820000E+02  1.000000E-35  1.000000E-35
   1.100000E+02  2.940000E+02  1.000000E-35  1.000000E-35
   1.100000E+02  3.060000E+02  1.000000E-35  1.000000E-35
   1.100000E+02  3.180000E+02  1.000000E-35  1.000000E-35
   1.100000E+02  3.300000E+02  1.000000E-35  1.000000E-35
   1.100000E+02  3.420000E+02  1.000000E-35  1.000000E-35
   1.100000E+02  3.540000E+02  1.000000E-35  1.000000E-35
    
   1.140000E+02  6.000001E+00  1.000000E-35  1.000000E-35
   1.140000E+02  1.800000E+01  1.000000E-35  1.000000E-35
   1.140000E+02  3.000000E+01  1.000000E-35  1.000000E-35
   1.140000E+02  4.200000E+01  1.000000E-35  1.000000E-35
   1.140000E+02  5.400001E+01  1.000000E-35  1.000000E-35
   1.140000E+02  6.600001E+01  1.000000E-35  1.000000E-35
   1.140000E+02  7.800001E+01  1.000000E-35  1.000000E-35
   1.140000E+02  9.000001E+01  1.000000E-35  1.000000E-35
   1.140000E+02  1.020000E+02  1.000000E-35  1.000000E-35
   1.140000E+02  1.140000E+02  1.000000E-35  1.000000E-35
   1.140000E+02  1.260000E+02  1.000000E-35  1.000000E-35
   1.140000E+02  1.380000E+02  1.000000E-35  1.000000E-35
   1.140000E+02  1.500000E+02  1.000000E-35  1.000000E-35
   1.140000E+02  1.620000E+02  1.000000E-35  1.000000E-35
   1.140000E+02  1.740000E+02  1.000000E-35  1.000000E-35
   1.140000E+02  1.860000E+02  1.000000E-35  1.000000E-35
   1.140000E+02  1.980000E+02  1.000000E-35  1.000000E-35
   1.140000E+02  2.100000E+02  1.000000E-35  1.000000E-35
   1.140000E+02  2.220000E+02  1.000000E-35  1.000000E-35
   1.140000E+02  2.340000E+02  1.000000E-35  1.000000E-35
   1.140000E+02  2.460000E+02  1.000000E-35  1.000000E-35
   1.140000E+02  2.580000E+02  1.000000E-35  1.000000E-35
   1.140000E+02  2.700000E+02  1.000000E-35  1.000000E-35
   1.140000E+02  2.820000E+02  1.000000E-35  1.000000E-35
   1.140000E+02  2.940000E+02  1.000000E-35  1.000000E-35
   1.140000E+02  3.060000E+02  1.000000E-35  1.000000E-35
   1.140000E+02  3.180000E+02  1.000000E-35  1.000000E-35
   1.140000E+02  3.300000E+02  1.000000E-35  1.000000E-35
   1.140000E+02  3.420000E+02  1.000000E-35  1.000000E-35
   1.140000E+02  3.540000E+02  1.000000E-35  1.000000E-35
    
   1.180000E+02  6.000001E+00  1.000000E-35  1.000000E-35
   1.180000E+02  1.800000E+01  1.000000E-35  1.000000E-35
   1.180000E+02  3.000000E+01  1.000000E-35  1.000000E-35
   1.180000E+02  4.200000E+01  1.000000E-35  1.000000E-35
   1.180000E+02  5.400001E+01  1.000000E-35  1.000000E-35
   1.180000E+02  6.600001E+01  1.000000E-35  1.000000E-35
   1.180000E+02  7.800001E+01  1.000000E-35  1.000000E-35
   1.180000E+02  9.000001E+01  1.000000E-35  1.000000E-35
   1.180000E+02  1.020000E+02  1.000000E-35  1.000000E-35
   1.180000E+02  1.140000E+02  1.000000E-35  1.000000E-35
   1.180000E+02  1.260000E+02  1.000000E-35  1.000000E-35
   1.180000E+02  1.380000E+02  1.000000E-35  1.000000E-35
   1.180000E+02  1.500000E+02  1.000000E-35  1.000000E-35
   1.180000E+02  1.620000E+02  1.000000E-35  1.000000E-35
   1.180000E+02  1.740000E+02  1.000000E-35  1.000000E-35
   1.180000E+02  1.860000E+02  1.000000E-35  1.000000E-35
   1.180000E+02  1.980000E+02  1.000000E-35  1.000000E-35
   1.180000E+02  2.100000E+02  1.000000E-35  1.000000E-35
   1.180000E+02  2.220000E+02  1.000000E-35  1.000000E-35
   1.180000E+02  2.340000E+02  1.000000E-35  1.000000E-35
   1.180000E+02  2.460000E+02  1.000000E-35  1.000000E-35
   1.180000E+02  2.580000E+02  1.000000E-35  1.000000E-35
   1.180000E+02  2.700000E+02  1.000000E-35  1.000000E-35
   1.180000E+02  2.820000E+02  1.000000E-35  1.000000E-35
   1.180000E+02  2.940000E+02  1.000000E-35  1.000000E-35
   1.180000E+02  3.060000E+02  1.000000E-35  1.000000E-35
   1.180000E+02  3.180000E+02  1.000000E-35  1.000000E-35
   1.180000E+02  3.300000E+02  1.000000E-35  1.000000E-35
   1.180000E+02  3.420000E+02  1.000000E-35  1.000000E-35
   1.180000E+02  3.540000E+02  1.000000E-35  1.000000E-35
    
   1.220000E+02  6.000001E+00  1.000000E-35  1.000000E-35
   1.220000E+02  1.800000E+01  1.000000E-35  1.000000E-35
   1.220000E+02  3.000000E+01  1.000000E-35  1.000000E-35
   1.220000E+02  4.200000E+01  1.000000E-35  1.000000E-35
   1.220000E+02  5.400001E+01  1.000000E-35  1.000000E-35
   1.220000E+02  6.600001E+01  1.000000E-35  1.000000E-35
   1.220000E+02  7.800001E+01  1.000000E-35  1.000000E-35
   1.220000E+02  9.000001E+01  1.000000E-35  1.000000E-35
   1.220000E+02  1.020000E+02  1.000000E-35  1.000000E-35
   1.220000E+02  1.140000E+02  1.000000E-35  1.000000E-35
   1.220000E+02  1.260000E+02  1.000000E-35  1.000000E-35
   1.220000E+02  1.380000E+02  1.000000E-35  1.000000E-35
   1.220000E+02  1.500000E+02  1.000000E-35  1.000000E-35
   1.220000E+02  1.620000E+02  1.000000E-35  1.000000E-35
   1.220000E+02  1.740000E+02  1.000000E-35  1.000000E-35
   1.220000E+02  1.860000E+02  1.000000E-35  1.000000E-35
   1.220000E+02  1.980000E+02  1.000000E-35  1.000000E-35
   1.220000E+02  2.100000E+02  1.000000E-35  1.000000E-35
   1.220000E+02  2.220000E+02  1.000000E-35  1.000000E-35
   1.220000E+02  2.340000E+02  1.000000E-35  1.000000E-35
   1.220000E+02  2.460000E+02  1.000000E-35  1.000000E-35
   1.220000E+02  2.580000E+02  1.000000E-35  1.000000E-35
   1.220000E+02  2.700000E+02  1.000000E-35  1.000000E-35
   1.220000E+02  2.820000E+02  1.000000E-35  1.000000E-35
   1.220000E+02  2.940000E+02  1.000000E-35  1.000000E-35
   1.220000E+02  3.060000E+02  1.000000E-35  1.000000E-35
   1.220000E+02  3.180000E+02  1.000000E-35  1.000000E-35
   1.220000E+02  3.300000E+02  1.000000E-35  1.000000E-35
   1.220000E+02  3.420000E+02  1.000000E-35  1.000000E-35
   1.220000E+02  3.540000E+02  1.000000E-35  1.000000E-35
    
   1.260000E+02  6.000001E+00  1.000000E-35  1.000000E-35
   1.260000E+02  1.800000E+01  1.000000E-35  1.000000E-35
   1.260000E+02  3.000000E+01  1.000000E-35  1.000000E-35
   1.260000E+02  4.200000E+01  1.000000E-35  1.000000E-35
   1.260000E+02  5.400001E+01  1.000000E-35  1.000000E-35
   1.260000E+02  6.600001E+01  1.000000E-35  1.000000E-35
   1.260000E+02  7.800001E+01  1.000000E-35  1.000000E-35
   1.260000E+02  9.000001E+01  1.000000E-35  1.000000E-35
   1.260000E+02  1.020000E+02  1.000000E-35  1.000000E-35
   1.260000E+02  1.140000E+02  1.000000E-35  1.000000E-35
   1.260000E+02  1.260000E+02  1.000000E-35  1.000000E-35
   1.260000E+02  1.380000E+02  1.000000E-35  1.000000E-35
   1.260000E+02  1.500000E+02  1.000000E-35  1.000000E-35
   1.260000E+02  1.620000E+02  1.000000E-35  1.000000E-35
   1.260000E+02  1.740000E+02  1.000000E-35  1.000000E-35
   1.260000E+02  1.860000E+02  1.000000E-35  1.000000E-35
   1.260000E+02  1.980000E+02  1.000000E-35  1.000000E-35
   1.260000E+02  2.100000E+02  1.000000E-35  1.000000E-35
   1.260000E+02  2.220000E+02  1.000000E-35  1.000000E-35
   1.260000E+02  2.340000E+02  1.000000E-35  1.000000E-35
   1.260000E+02  2.460000E+02  1.000000E-35  1.000000E-35
   1.260000E+02  2.580000E+02  1.000000E-35  1.000000E-35
   1.260000E+02  2.700000E+02  1.000000E-35  1.000000E-35
   1.260000E+02  2.820000E+02  1.000000E-35  1.000000E-35
   1.260000E+02  2.940000E+02  1.000000E-35  1.000000E-35
   1.260000E+02  3.060000E+02  1.000000E-35  1.000000E-35
   1.260000E+02  3.180000E+02  1.000000E-35  1.000000E-35
   1.260000E+02  3.300000E+02  1.000000E-35  1.000000E-35
   1.260000E+02  3.420000E+02  1.000000E-35  1.000000E-35
   1.260000E+02  3.540000E+02  1.000000E-35  1.000000E-35
    
   1.300000E+02  6.000001E+00  1.000000E-35  1.000000E-35
   1.300000E+02  1.800000E+01  1.000000E-35  1.000000E-35
   1.300000E+02  3.000000E+01  1.000000E-35  1.000000E-35
   1.300000E+02  4.200000E+01  1.000000E-35  1.000000E-35
   1.300000E+02  5.400001E+01  1.000000E-35  1.000000E-35
   1.300000E+02  6.600001E+01  1.000000E-35  1.000000E-35
   1.300000E+02  7.800001E+01  1.000000E-35  1.000000E-35
   1.300000E+02  9.000001E+01  1.000000E-35  1.000000E-35
   1.300000E+02  1.020000E+02  1.000000E-35  1.000000E-35
   1.300000E+02  1.140000E+02  1.000000E-35  1.000000E-35
   1.300000E+02  1.260000E+02  1.000000E-35  1.000000E-35
   1.300000E+02  1.380000E+02  1.000000E-35  1.000000E-35
   1.300000E+02  1.500000E+02  1.000000E-35  1.000000E-35
   1.300000E+02  1.620000E+02  1.000000E-35  1.000000E-35
   1.300000E+02  1.740000E+02  1.000000E-35  1.000000E-35
   1.300000E+02  1.860000E+02  1.000000E-35  1.000000E-35
   1.300000E+02  1.980000E+02  1.000000E-35  1.000000E-35
   1.300000E+02  2.100000E+02  1.000000E-35  1.000000E-35
   1.300000E+02  2.220000E+02  1.000000E-35  1.000000E-35
   1.300000E+02  2.340000E+02  1.000000E-35  1.000000E-35
   1.300000E+02  2.460000E+02  1.000000E-35  1.000000E-35
   1.300000E+02  2.580000E+02  1.000000E-35  1.000000E-35
   1.300000E+02  2.700000E+02  1.000000E-35  1.000000E-35
   1.300000E+02  2.820000E+02  1.000000E-35  1.000000E-35
   1.300000E+02  2.940000E+02  1.000000E-35  1.000000E-35
   1.300000E+02  3.060000E+02  1.000000E-35  1.000000E-35
   1.300000E+02  3.180000E+02  1.000000E-35  1.000000E-35
   1.300000E+02  3.300000E+02  1.000000E-35  1.000000E-35
   1.300000E+02  3.420000E+02  1.000000E-35  1.000000E-35
   1.300000E+02  3.540000E+02  1.000000E-35  1.000000E-35
    
   1.340000E+02  6.000001E+00  1.000000E-35  1.000000E-35
   1.340000E+02  1.800000E+01  1.000000E-35  1.000000E-35
   1.340000E+02  3.000000E+01  1.000000E-35  1.000000E-35
   1.340000E+02  4.200000E+01  1.000000E-35  1.000000E-35
   1.340000E+02  5.400001E+01  1.000000E-35  1.000000E-35
   1.340000E+02  6.600001E+01  1.000000E-35  1.000000E-35
   1.340000E+02  7.800001E+01  1.000000E-35  1.000000E-35
   1.340000E+02  9.000001E+01  1.000000E-35  1.000000E-35
   1.340000E+02  1.020000E+02  1.000000E-35  1.000000E-35
   1.340000E+02  1.140000E+02  1.000000E-35  1.000000E-35
   1.340000E+02  1.260000E+02  1.000000E-35  1.000000E-35
   1.340000E+02  1.380000E+02  1.000000E-35  1.000000E-35
   1.340000E+02  1.500000E+02  1.000000E-35  1.000000E-35
   1.340000E+02  1.620000E+02  1.000000E-35  1.000000E-35
   1.340000E+02  1.740000E+02  1.000000E-35  1.000000E-35
   1.340000E+02  1.860000E+02  1.000000E-35  1.000000E-35
   1.340000E+02  1.980000E+02  1.000000E-35  1.000000E-35
   1.340000E+02  2.100000E+02  1.000000E-35  1.000000E-35
   1.340000E+02  2.220000E+02  1.000000E-35  1.000000E-35
   1.340000E+02  2.340000E+02  1.000000E-35  1.000000E-35
   1.340000E+02  2.460000E+02  1.000000E-35  1.000000E-35
   1.340000E+02  2.580000E+02  1.000000E-35  1.000000E-35
   1.340000E+02  2.700000E+02  1.000000E-35  1.000000E-35
   1.340000E+02  2.820000E+02  1.000000E-35  1.000000E-35
   1.340000E+02  2.940000E+02  1.000000E-35  1.000000E-35
   1.340000E+02  3.060000E+02  1.000000E-35  1.000000E-35
   1.340000E+02  3.180000E+02  1.000000E-35  1.000000E-35
   1.340000E+02  3.300000E+02  1.000000E-35  1.000000E-35
   1.340000E+02  3.420000E+02  1.000000E-35  1.000000E-35
   1.340000E+02  3.540000E+02  1.000000E-35  1.000000E-35
    
   1.380000E+02  6.000001E+00  1.000000E-35  1.000000E-35
   1.380000E+02  1.800000E+01  1.000000E-35  1.000000E-35
   1.380000E+02  3.000000E+01  1.000000E-35  1.000000E-35
   1.380000E+02  4.200000E+01  1.000000E-35  1.000000E-35
   1.380000E+02  5.400001E+01  1.000000E-35  1.000000E-35
   1.380000E+02  6.600001E+01  1.000000E-35  1.000000E-35
   1.380000E+02  7.800001E+01  1.000000E-35  1.000000E-35
   1.380000E+02  9.000001E+01  1.000000E-35  1.000000E-35
   1.380000E+02  1.020000E+02  1.000000E-35  1.000000E-35
   1.380000E+02  1.140000E+02  1.000000E-35  1.000000E-35
   1.380000E+02  1.260000E+02  1.000000E-35  1.000000E-35
   1.380000E+02  1.380000E+02  1.000000E-35  1.000000E-35
   1.380000E+02  1.500000E+02  1.000000E-35  1.000000E-35
   1.380000E+02  1.620000E+02  1.000000E-35  1.000000E-35
   1.380000E+02  1.740000E+02  1.000000E-35  1.000000E-35
   1.380000E+02  1.860000E+02  1.000000E-35  1.000000E-35
   1.380000E+02  1.980000E+02  1.000000E-35  1.000000E-35
   1.380000E+02  2.100000E+02  1.000000E-35  1.000000E-35
   1.380000E+02  2.220000E+02  1.000000E-35  1.000000E-35
   1.380000E+02  2.340000E+02  1.000000E-35  1.000000E-35
   1.380000E+02  2.460000E+02  1.000000E-35  1.000000E-35
   1.380000E+02  2.580000E+02  1.000000E-35  1.000000E-35
   1.380000E+02  2.700000E+02  1.000000E-35  1.000000E-35
   1.380000E+02  2.820000E+02  1.000000E-35  1.000000E-35
   1.380000E+02  2.940000E+02  1.000000E-35  1.000000E-35
   1.380000E+02  3.060000E+02  1.000000E-35  1.000000E-35
   1.380000E+02  3.180000E+02  1.000000E-35  1.000000E-35
   1.380000E+02  3.300000E+02  1.000000E-35  1.000000E-35
   1.380000E+02  3.420000E+02  1.000000E-35  1.000000E-35
   1.380000E+02  3.540000E+02  1.000000E-35  1.000000E-35
    
   1.420000E+02  6.000001E+00  1.000000E-35  1.000000E-35
   1.420000E+02  1.800000E+01  1.000000E-35  1.000000E-35
   1.420000E+02  3.000000E+01  1.000000E-35  1.000000E-35
   1.420000E+02  4.200000E+01  1.000000E-35  1.000000E-35
   1.420000E+02  5.400001E+01  1.000000E-35  1.000000E-35
   1.420000E+02  6.600001E+01  1.000000E-35  1.000000E-35
   1.420000E+02  7.800001E+01  1.000000E-35  1.000000E-35
   1.420000E+02  9.000001E+01  1.000000E-35  1.000000E-35
   1.420000E+02  1.020000E+02  1.000000E-35  1.000000E-35
   1.420000E+02  1.140000E+02  1.000000E-35  1.000000E-35
   1.420000E+02  1.260000E+02  1.000000E-35  1.000000E-35
   1.420000E+02  1.380000E+02  1.000000E-35  1.000000E-35
   1.420000E+02  1.500000E+02  1.000000E-35  1.000000E-35
   1.420000E+02  1.620000E+02  1.000000E-35  1.000000E-35
   1.420000E+02  1.740000E+02  1.000000E-35  1.000000E-35
   1.420000E+02  1.860000E+02  1.000000E-35  1.000000E-35
   1.420000E+02  1.980000E+02  1.000000E-35  1.000000E-35
   1.420000E+02  2.100000E+02  1.000000E-35  1.000000E-35
   1.420000E+02  2.220000E+02  1.000000E-35  1.000000E-35
   1.420000E+02  2.340000E+02  1.000000E-35  1.000000E-35
   1.420000E+02  2.460000E+02  1.000000E-35  1.000000E-35
   1.420000E+02  2.580000E+02  1.000000E-35  1.000000E-35
   1.420000E+02  2.700000E+02  1.000000E-35  1.000000E-35
   1.420000E+02  2.820000E+02  1.000000E-35  1.000000E-35
   1.420000E+02  2.940000E+02  1.000000E-35  1.000000E-35
   1.420000E+02  3.060000E+02  1.000000E-35  1.000000E-35
   1.420000E+02  3.180000E+02  1.000000E-35  1.000000E-35
   1.420000E+02  3.300000E+02  1.000000E-35  1.000000E-35
   1.420000E+02  3.420000E+02  1.000000E-35  1.000000E-35
   1.420000E+02  3.540000E+02  1.000000E-35  1.000000E-35
    
   1.460000E+02  6.000001E+00  1.000000E-35  1.000000E-35
   1.460000E+02  1.800000E+01  1.000000E-35  1.000000E-35
   1.460000E+02  3.000000E+01  1.000000E-35  1.000000E-35
   1.460000E+02  4.200000E+01  1.000000E-35  1.000000E-35
   1.460000E+02  5.400001E+01  1.000000E-35  1.000000E-35
   1.460000E+02  6.600001E+01  1.000000E-35  1.000000E-35
   1.460000E+02  7.800001E+01  1.000000E-35  1.000000E-35
   1.460000E+02  9.000001E+01  1.000000E-35  1.000000E-35
   1.460000E+02  1.020000E+02  1.000000E-35  1.000000E-35
   1.460000E+02  1.140000E+02  1.000000E-35  1.000000E-35
   1.460000E+02  1.260000E+02  1.000000E-35  1.000000E-35
   1.460000E+02  1.380000E+02  1.000000E-35  1.000000E-35
   1.460000E+02  1.500000E+02  1.000000E-35  1.000000E-35
   1.460000E+02  1.620000E+02  1.000000E-35  1.000000E-35
   1.460000E+02  1.740000E+02  1.000000E-35  1.000000E-35
   1.460000E+02  1.860000E+02  1.000000E-35  1.000000E-35
   1.460000E+02  1.980000E+02  1.000000E-35  1.000000E-35
   1.460000E+02  2.100000E+02  1.000000E-35  1.000000E-35
   1.460000E+02  2.220000E+02  1.000000E-35  1.000000E-35
   1.460000E+02  2.340000E+02  1.000000E-35  1.000000E-35
   1.460000E+02  2.460000E+02  1.000000E-35  1.000000E-35
   1.460000E+02  2.580000E+02  1.000000E-35  1.000000E-35
   1.460000E+02  2.700000E+02  1.000000E-35  1.000000E-35
   1.460000E+02  2.820000E+02  1.000000E-35  1.000000E-35
   1.460000E+02  2.940000E+02  1.000000E-35  1.000000E-35
   1.460000E+02  3.060000E+02  1.000000E-35  1.000000E-35
   1.460000E+02  3.180000E+02  1.000000E-35  1.000000E-35
   1.460000E+02  3.300000E+02  1.000000E-35  1.000000E-35
   1.460000E+02  3.420000E+02  1.000000E-35  1.000000E-35
   1.460000E+02  3.540000E+02  1.000000E-35  1.000000E-35
    
   1.500000E+02  6.000001E+00  1.000000E-35  1.000000E-35
   1.500000E+02  1.800000E+01  1.000000E-35  1.000000E-35
   1.500000E+02  3.000000E+01  1.000000E-35  1.000000E-35
   1.500000E+02  4.200000E+01  1.000000E-35  1.000000E-35
   1.500000E+02  5.400001E+01  1.000000E-35  1.000000E-35
   1.500000E+02  6.600001E+01  1.000000E-35  1.000000E-35
   1.500000E+02  7.800001E+01  1.000000E-35  1.000000E-35
   1.500000E+02  9.000001E+01  1.000000E-35  1.000000E-35
   1.500000E+02  1.020000E+02  1.000000E-35  1.000000E-35
   1.500000E+02  1.140000E+02  1.000000E-35  1.000000E-35
   1.500000E+02  1.260000E+02  1.000000E-35  1.000000E-35
   1.500000E+02  1.380000E+02  1.000000E-35  1.000000E-35
   1.500000E+02  1.500000E+02  1.000000E-35  1.000000E-35
   1.500000E+02  1.620000E+02  1.000000E-35  1.000000E-35
   1.500000E+02  1.740000E+02  1.000000E-35  1.000000E-35
   1.500000E+02  1.860000E+02  1.000000E-35  1.000000E-35
   1.500000E+02  1.980000E+02  1.000000E-35  1.000000E-35
   1.500000E+02  2.100000E+02  1.000000E-35  1.000000E-35
   1.500000E+02  2.220000E+02  1.000000E-35  1.000000E-35
   1.500000E+02  2.340000E+02  1.000000E-35  1.000000E-35
   1.500000E+02  2.460000E+02  1.000000E-35  1.000000E-35
   1.500000E+02  2.580000E+02  1.000000E-35  1.000000E-35
   1.500000E+02  2.700000E+02  1.000000E-35  1.000000E-35
   1.500000E+02  2.820000E+02  1.000000E-35  1.000000E-35
   1.500000E+02  2.940000E+02  1.000000E-35  1.000000E-35
   1.500000E+02  3.060000E+02  1.000000E-35  1.000000E-35
   1.500000E+02  3.180000E+02  1.000000E-35  1.000000E-35
   1.500000E+02  3.300000E+02  1.000000E-35  1.000000E-35
   1.500000E+02  3.420000E+02  1.000000E-35  1.000000E-35
   1.500000E+02  3.540000E+02  1.000000E-35  1.000000E-35
    
   1.540000E+02  6.000001E+00  1.000000E-35  1.000000E-35
   1.540000E+02  1.800000E+01  1.000000E-35  1.000000E-35
   1.540000E+02  3.000000E+01  1.000000E-35  1.000000E-35
   1.540000E+02  4.200000E+01  1.000000E-35  1.000000E-35
   1.540000E+02  5.400001E+01  1.000000E-35  1.000000E-35
   1.540000E+02  6.600001E+01  1.000000E-35  1.000000E-35
   1.540000E+02  7.800001E+01  1.000000E-35  1.000000E-35
   1.540000E+02  9.000001E+01  1.000000E-35  1.000000E-35
   1.540000E+02  1.020000E+02  1.000000E-35  1.000000E-35
   1.540000E+02  1.140000E+02  1.000000E-35  1.000000E-35
   1.540000E+02  1.260000E+02  1.000000E-35  1.000000E-35
   1.540000E+02  1.380000E+02  1.000000E-35  1.000000E-35
   1.540000E+02  1.500000E+02  1.000000E-35  1.000000E-35
   1.540000E+02  1.620000E+02  1.000000E-35  1.000000E-35
   1.540000E+02  1.740000E+02  1.000000E-35  1.000000E-35
   1.540000E+02  1.860000E+02  1.000000E-35  1.000000E-35
   1.540000E+02  1.980000E+02  1.000000E-35  1.000000E-35
   1.540000E+02  2.100000E+02  1.000000E-35  1.000000E-35
   1.540000E+02  2.220000E+02  1.000000E-35  1.000000E-35
   1.540000E+02  2.340000E+02  1.000000E-35  1.000000E-35
   1.540000E+02  2.460000E+02  1.000000E-35  1.000000E-35
   1.540000E+02  2.580000E+02  1.000000E-35  1.000000E-35
   1.540000E+02  2.700000E+02  1.000000E-35  1.000000E-35
   1.540000E+02  2.820000E+02  1.000000E-35  1.000000E-35
   1.540000E+02  2.940000E+02  1.000000E-35  1.000000E-35
   1.540000E+02  3.060000E+02  1.000000E-35  1.000000E-35
   1.540000E+02  3.180000E+02  1.000000E-35  1.000000E-35
   1.540000E+02  3.300000E+02  1.000000E-35  1.000000E-35
   1.540000E+02  3.420000E+02  1.000000E-35  1.000000E-35
   1.540000E+02  3.540000E+02  1.000000E-35  1.000000E-35
    
   1.580000E+02  6.000001E+00  1.000000E-35  1.000000E-35
   1.580000E+02  1.800000E+01  1.000000E-35  1.000000E-35
   1.580000E+02  3.000000E+01  1.000000E-35  1.000000E-35
   1.580000E+02  4.200000E+01  1.000000E-35  1.000000E-35
   1.580000E+02  5.400001E+01  1.000000E-35  1.000000E-35
   1.580000E+02  6.600001E+01  1.000000E-35  1.000000E-35
   1.580000E+02  7.800001E+01  1.000000E-35  1.000000E-35
   1.580000E+02  9.000001E+01  1.000000E-35  1.000000E-35
   1.580000E+02  1.020000E+02  1.000000E-35  1.000000E-35
   1.580000E+02  1.140000E+02  1.000000E-35  1.000000E-35
   1.580000E+02  1.260000E+02  1.000000E-35  1.000000E-35
   1.580000E+02  1.380000E+02  1.000000E-35  1.000000E-35
   1.580000E+02  1.500000E+02  1.000000E-35  1.000000E-35
   1.580000E+02  1.620000E+02  1.000000E-35  1.000000E-35
   1.580000E+02  1.740000E+02  1.000000E-35  1.000000E-35
   1.580000E+02  1.860000E+02  1.000000E-35  1.000000E-35
   1.580000E+02  1.980000E+02  1.000000E-35  1.000000E-35
   1.580000E+02  2.100000E+02  1.000000E-35  1.000000E-35
   1.580000E+02  2.220000E+02  1.000000E-35  1.000000E-35
   1.580000E+02  2.340000E+02  1.000000E-35  1.000000E-35
   1.580000E+02  2.460000E+02  1.000000E-35  1.000000E-35
   1.580000E+02  2.580000E+02  1.000000E-35  1.000000E-35
   1.580000E+02  2.700000E+02  1.000000E-35  1.000000E-35
   1.580000E+02  2.820000E+02  1.000000E-35  1.000000E-35
   1.580000E+02  2.940000E+02  1.000000E-35  1.000000E-35
   1.580000E+02  3.060000E+02  1.000000E-35  1.000000E-35
   1.580000E+02  3.180000E+02  1.000000E-35  1.000000E-35
   1.580000E+02  3.300000E+02  1.000000E-35  1.000000E-35
   1.580000E+02  3.420000E+02  1.000000E-35  1.000000E-35
   1.580000E+02  3.540000E+02  1.000000E-35  1.000000E-35
    
   1.620000E+02  6.000001E+00  1.000000E-35  1.000000E-35
   1.620000E+02  1.800000E+01  1.000000E-35  1.000000E-35
   1.620000E+02  3.000000E+01  1.000000E-35  1.000000E-35
   1.620000E+02  4.200000E+01  1.000000E-35  1.000000E-35
   1.620000E+02  5.400001E+01  1.000000E-35  1.000000E-35
   1.620000E+02  6.600001E+01  1.000000E-35  1.000000E-35
   1.620000E+02  7.800001E+01  1.000000E-35  1.000000E-35
   1.620000E+02  9.000001E+01  1.000000E-35  1.000000E-35
   1.620000E+02  1.020000E+02  1.000000E-35  1.000000E-35
   1.620000E+02  1.140000E+02  1.000000E-35  1.000000E-35
   1.620000E+02  1.260000E+02  1.000000E-35  1.000000E-35
   1.620000E+02  1.380000E+02  1.000000E-35  1.000000E-35
   1.620000E+02  1.500000E+02  1.000000E-35  1.000000E-35
   1.620000E+02  1.620000E+02  1.000000E-35  1.000000E-35
   1.620000E+02  1.740000E+02  1.000000E-35  1.000000E-35
   1.620000E+02  1.860000E+02  1.000000E-35  1.000000E-35
   1.620000E+02  1.980000E+02  1.000000E-35  1.000000E-35
   1.620000E+02  2.100000E+02  1.000000E-35  1.000000E-35
   1.620000E+02  2.220000E+02  1.000000E-35  1.000000E-35
   1.620000E+02  2.340000E+02  1.000000E-35  1.000000E-35
   1.620000E+02  2.460000E+02  1.000000E-35  1.000000E-35
   1.620000E+02  2.580000E+02  1.000000E-35  1.000000E-35
   1.620000E+02  2.700000E+02  1.000000E-35  1.000000E-35
   1.620000E+02  2.820000E+02  1.000000E-35  1.000000E-35
   1.620000E+02  2.940000E+02  1.000000E-35  1.000000E-35
   1.620000E+02  3.060000E+02  1.000000E-35  1.000000E-35
   1.620000E+02  3.180000E+02  1.000000E-35  1.000000E-35
   1.620000E+02  3.300000E+02  1.000000E-35  1.000000E-35
   1.620000E+02  3.420000E+02  1.000000E-35  1.000000E-35
   1.620000E+02  3.540000E+02  1.000000E-35  1.000000E-35
    
   1.660000E+02  6.000001E+00  1.000000E-35  1.000000E-35
   1.660000E+02  1.800000E+01  1.000000E-35  1.000000E-35
   1.660000E+02  3.000000E+01  1.000000E-35  1.000000E-35
   1.660000E+02  4.200000E+01  1.000000E-35  1.000000E-35
   1.660000E+02  5.400001E+01  1.000000E-35  1.000000E-35
   1.660000E+02  6.600001E+01  1.000000E-35  1.000000E-35
   1.660000E+02  7.800001E+01  1.000000E-35  1.000000E-35
   1.660000E+02  9.000001E+01  1.000000E-35  1.000000E-35
   1.660000E+02  1.020000E+02  1.000000E-35  1.000000E-35
   1.660000E+02  1.140000E+02  1.000000E-35  1.000000E-35
   1.660000E+02  1.260000E+02  1.000000E-35  1.000000E-35
   1.660000E+02  1.380000E+02  1.000000E-35  1.000000E-35
   1.660000E+02  1.500000E+02  1.000000E-35  1.000000E-35
   1.660000E+02  1.620000E+02  1.000000E-35  1.000000E-35
   1.660000E+02  1.740000E+02  1.000000E-35  1.000000E-35
   1.660000E+02  1.860000E+02  1.000000E-35  1.000000E-35
   1.660000E+02  1.980000E+02  1.000000E-35  1.000000E-35
   1.660000E+02  2.100000E+02  1.000000E-35  1.000000E-35
   1.660000E+02  2.220000E+02  1.000000E-35  1.000000E-35
   1.660000E+02  2.340000E+02  1.000000E-35  1.000000E-35
   1.660000E+02  2.460000E+02  1.000000E-35  1.000000E-35
   1.660000E+02  2.580000E+02  1.000000E-35  1.000000E-35
   1.660000E+02  2.700000E+02  1.000000E-35  1.000000E-35
   1.660000E+02  2.820000E+02  1.000000E-35  1.000000E-35
   1.660000E+02  2.940000E+02  1.000000E-35  1.000000E-35
   1.660000E+02  3.060000E+02  1.000000E-35  1.000000E-35
   1.660000E+02  3.180000E+02  1.000000E-35  1.000000E-35
   1.660000E+02  3.300000E+02  1.000000E-35  1.000000E-35
   1.660000E+02  3.420000E+02  1.000000E-35  1.000000E-35
   1.660000E+02  3.540000E+02  1.000000E-35  1.000000E-35
    
   1.700000E+02  6.000001E+00  1.000000E-35  1.000000E-35
   1.700000E+02  1.800000E+01  1.000000E-35  1.000000E-35
   1.700000E+02  3.000000E+01  1.000000E-35  1.000000E-35
   1.700000E+02  4.200000E+01  1.000000E-35  1.000000E-35
   1.700000E+02  5.400001E+01  1.000000E-35  1.000000E-35
   1.700000E+02  6.600001E+01  1.000000E-35  1.000000E-35
   1.700000E+02  7.800001E+01  1.000000E-35  1.000000E-35
   1.700000E+02  9.000001E+01  1.000000E-35  1.000000E-35
   1.700000E+02  1.020000E+02  1.000000E-35  1.000000E-35
   1.700000E+02  1.140000E+02  1.000000E-35  1.000000E-35
   1.700000E+02  1.260000E+02  1.000000E-35  1.000000E-35
   1.700000E+02  1.380000E+02  1.000000E-35  1.000000E-35
   1.700000E+02  1.500000E+02  1.000000E-35  1.000000E-35
   1.700000E+02  1.620000E+02  1.000000E-35  1.000000E-35
   1.700000E+02  1.740000E+02  1.000000E-35  1.000000E-35
   1.700000E+02  1.860000E+02  1.000000E-35  1.000000E-35
   1.700000E+02  1.980000E+02  1.000000E-35  1.000000E-35
   1.700000E+02  2.100000E+02  1.000000E-35  1.000000E-35
   1.700000E+02  2.220000E+02  1.000000E-35  1.000000E-35
   1.700000E+02  2.340000E+02  1.000000E-35  1.000000E-35
   1.700000E+02  2.460000E+02  1.000000E-35  1.000000E-35
   1.700000E+02  2.580000E+02  1.000000E-35  1.000000E-35
   1.700000E+02  2.700000E+02  1.000000E-35  1.000000E-35
   1.700000E+02  2.820000E+02  1.000000E-35  1.000000E-35
   1.700000E+02  2.940000E+02  1.000000E-35  1.000000E-35
   1.700000E+02  3.060000E+02  1.000000E-35  1.000000E-35
   1.700000E+02  3.180000E+02  1.000000E-35  1.000000E-35
   1.700000E+02  3.300000E+02  1.000000E-35  1.000000E-35
   1.700000E+02  3.420000E+02  1.000000E-35  1.000000E-35
   1.700000E+02  3.540000E+02  1.000000E-35  1.000000E-35
    
   1.740000E+02  6.000001E+00  1.000000E-35  1.000000E-35
   1.740000E+02  1.800000E+01  1.000000E-35  1.000000E-35
   1.740000E+02  3.000000E+01  1.000000E-35  1.000000E-35
   1.740000E+02  4.200000E+01  1.000000E-35  1.000000E-35
   1.740000E+02  5.400001E+01  1.000000E-35  1.000000E-35
   1.740000E+02  6.600001E+01  1.000000E-35  1.000000E-35
   1.740000E+02  7.800001E+01  1.000000E-35  1.000000E-35
   1.740000E+02  9.000001E+01  1.000000E-35  1.000000E-35
   1.740000E+02  1.020000E+02  1.000000E-35  1.000000E-35
   1.740000E+02  1.140000E+02  1.000000E-35  1.000000E-35
   1.740000E+02  1.260000E+02  1.000000E-35  1.000000E-35
   1.740000E+02  1.380000E+02  1.000000E-35  1.000000E-35
   1.740000E+02  1.500000E+02  1.000000E-35  1.000000E-35
   1.740000E+02  1.620000E+02  1.000000E-35  1.000000E-35
   1.740000E+02  1.740000E+02  1.000000E-35  1.000000E-35
   1.740000E+02  1.860000E+02  1.000000E-35  1.000000E-35
   1.740000E+02  1.980000E+02  1.000000E-35  1.000000E-35
   1.740000E+02  2.100000E+02  1.000000E-35  1.000000E-35
   1.740000E+02  2.220000E+02  1.000000E-35  1.000000E-35
   1.740000E+02  2.340000E+02  1.000000E-35  1.000000E-35
   1.740000E+02  2.460000E+02  1.000000E-35  1.000000E-35
   1.740000E+02  2.580000E+02  1.000000E-35  1.000000E-35
   1.740000E+02  2.700000E+02  1.000000E-35  1.000000E-35
   1.740000E+02  2.820000E+02  1.000000E-35  1.000000E-35
   1.740000E+02  2.940000E+02  1.000000E-35  1.000000E-35
   1.740000E+02  3.060000E+02  1.000000E-35  1.000000E-35
   1.740000E+02  3.180000E+02  1.000000E-35  1.000000E-35
   1.740000E+02  3.300000E+02  1.000000E-35  1.000000E-35
   1.740000E+02  3.420000E+02  1.000000E-35  1.000000E-35
   1.740000E+02  3.540000E+02  1.000000E-35  1.000000E-35
    
   1.780000E+02  6.000001E+00  1.000000E-35  1.000000E-35
   1.780000E+02  1.800000E+01  1.000000E-35  1.000000E-35
   1.780000E+02  3.000000E+01  1.000000E-35  1.000000E-35
   1.780000E+02  4.200000E+01  1.000000E-35  1.000000E-35
   1.780000E+02  5.400001E+01  1.000000E-35  1.000000E-35
   1.780000E+02  6.600001E+01  1.000000E-35  1.000000E-35
   1.780000E+02  7.800001E+01  1.000000E-35  1.000000E-35
   1.780000E+02  9.000001E+01  1.000000E-35  1.000000E-35
   1.780000E+02  1.020000E+02  1.000000E-35  1.000000E-35
   1.780000E+02  1.140000E+02  1.000000E-35  1.000000E-35
   1.780000E+02  1.260000E+02  1.000000E-35  1.000000E-35
   1.780000E+02  1.380000E+02  1.000000E-35  1.000000E-35
   1.780000E+02  1.500000E+02  1.000000E-35  1.000000E-35
   1.780000E+02  1.620000E+02  1.000000E-35  1.000000E-35
   1.780000E+02  1.740000E+02  1.000000E-35  1.000000E-35
   1.780000E+02  1.860000E+02  1.000000E-35  1.000000E-35
   1.780000E+02  1.980000E+02  1.000000E-35  1.000000E-35
   1.780000E+02  2.100000E+02  1.000000E-35  1.000000E-35
   1.780000E+02  2.220000E+02  1.000000E-35  1.000000E-35
   1.780000E+02  2.340000E+02  1.000000E-35  1.000000E-35
   1.780000E+02  2.460000E+02  1.000000E-35  1.000000E-35
   1.780000E+02  2.580000E+02  1.000000E-35  1.000000E-35
   1.780000E+02  2.700000E+02  1.000000E-35  1.000000E-35
   1.780000E+02  2.820000E+02  1.000000E-35  1.000000E-35
   1.780000E+02  2.940000E+02  1.000000E-35  1.000000E-35
   1.780000E+02  3.060000E+02  1.000000E-35  1.000000E-35
   1.780000E+02  3.180000E+02  1.000000E-35  1.000000E-35
   1.780000E+02  3.300000E+02  1.000000E-35  1.000000E-35
   1.780000E+02  3.420000E+02  1.000000E-35  1.000000E-35
   1.780000E+02  3.540000E+02  1.000000E-35  1.000000E-35
    
