 #  Results from PENEPMA.
 #  Angular distribution of emerging electrons.
 #  1st and 2nd columns: THETA and PHI (deg).
 #  3rd and 4th columns: probability density and STU (1/sr)

   2.000000E+00  6.000001E+00  9.951726E-02  9.085028E-03
   2.000000E+00  1.800000E+01  9.379978E-02  8.817800E-03
   2.000000E+00  3.000000E+01  9.805705E-02  9.019961E-03
   2.000000E+00  4.200000E+01  9.092637E-02  8.687609E-03
   2.000000E+00  5.400001E+01  9.512669E-02  8.884125E-03
   2.000000E+00  6.600001E+01  9.463014E-02  8.861980E-03
   2.000000E+00  7.800001E+01  9.311306E-02  8.786563E-03
   2.000000E+00  9.000001E+01  9.565015E-02  8.906259E-03
   2.000000E+00  1.020000E+02  9.187954E-02  8.728326E-03
   2.000000E+00  1.140000E+02  9.433321E-02  8.844394E-03
   2.000000E+00  1.260000E+02  9.533005E-02  8.892975E-03
   2.000000E+00  1.380000E+02  8.808215E-02  8.542216E-03
   2.000000E+00  1.500000E+02  9.624703E-02  8.941159E-03
   2.000000E+00  1.620000E+02  9.399667E-02  8.830989E-03
   2.000000E+00  1.740000E+02  9.686683E-02  8.963312E-03
   2.000000E+00  1.860000E+02  9.356315E-02  8.808818E-03
   2.000000E+00  1.980000E+02  9.781719E-02  9.011175E-03
   2.000000E+00  2.100000E+02  9.385308E-02  8.822178E-03
   2.000000E+00  2.220000E+02  8.676545E-02  8.477695E-03
   2.000000E+00  2.340000E+02  9.279979E-02  8.777419E-03
   2.000000E+00  2.460000E+02  9.054272E-02  8.665157E-03
   2.000000E+00  2.580000E+02  9.881077E-02  9.058855E-03
   2.000000E+00  2.700000E+02  1.001108E-01  9.115089E-03
   2.000000E+00  2.820000E+02  9.273269E-02  8.764370E-03
   2.000000E+00  2.940000E+02  9.552677E-02  8.901805E-03
   2.000000E+00  3.060000E+02  9.616012E-02  8.928316E-03
   2.000000E+00  3.180000E+02  9.606017E-02  8.936929E-03
   2.000000E+00  3.300000E+02  9.461988E-02  8.857695E-03
   2.000000E+00  3.420000E+02  9.126598E-02  8.696893E-03
   2.000000E+00  3.540000E+02  9.501017E-02  8.879671E-03
    
   6.000001E+00  6.000001E+00  9.133993E-02  5.027395E-03
   6.000001E+00  1.800000E+01  9.362744E-02  5.092059E-03
   6.000001E+00  3.000000E+01  9.368067E-02  5.091283E-03
   6.000001E+00  4.200000E+01  9.390778E-02  5.098123E-03
   6.000001E+00  5.400001E+01  9.779695E-02  5.204157E-03
   6.000001E+00  6.600001E+01  9.266136E-02  5.066218E-03
   6.000001E+00  7.800001E+01  9.323326E-02  5.079242E-03
   6.000001E+00  9.000001E+01  9.491183E-02  5.126368E-03
   6.000001E+00  1.020000E+02  9.629653E-02  5.163691E-03
   6.000001E+00  1.140000E+02  9.381986E-02  5.097223E-03
   6.000001E+00  1.260000E+02  9.569324E-02  5.147576E-03
   6.000001E+00  1.380000E+02  9.532592E-02  5.138206E-03
   6.000001E+00  1.500000E+02  9.483842E-02  5.124591E-03
   6.000001E+00  1.620000E+02  9.670612E-02  5.174685E-03
   6.000001E+00  1.740000E+02  9.492414E-02  5.128846E-03
   6.000001E+00  1.860000E+02  9.646571E-02  5.167933E-03
   6.000001E+00  1.980000E+02  9.534926E-02  5.138229E-03
   6.000001E+00  2.100000E+02  9.413270E-02  5.104126E-03
   6.000001E+00  2.220000E+02  9.487530E-02  5.127094E-03
   6.000001E+00  2.340000E+02  9.439649E-02  5.112756E-03
   6.000001E+00  2.460000E+02  9.170720E-02  5.036910E-03
   6.000001E+00  2.580000E+02  9.315211E-02  5.079163E-03
   6.000001E+00  2.700000E+02  9.289046E-02  5.071432E-03
   6.000001E+00  2.820000E+02  9.304085E-02  5.075733E-03
   6.000001E+00  2.940000E+02  9.640892E-02  5.166247E-03
   6.000001E+00  3.060000E+02  9.276255E-02  5.067981E-03
   6.000001E+00  3.180000E+02  9.718702E-02  5.188222E-03
   6.000001E+00  3.300000E+02  9.248299E-02  5.058549E-03
   6.000001E+00  3.420000E+02  9.612742E-02  5.160323E-03
   6.000001E+00  3.540000E+02  9.515556E-02  5.132296E-03
    
   1.000000E+01  6.000001E+00  9.475241E-02  3.974260E-03
   1.000000E+01  1.800000E+01  9.470962E-02  3.973459E-03
   1.000000E+01  3.000000E+01  9.474240E-02  3.973896E-03
   1.000000E+01  4.200000E+01  9.321471E-02  3.941907E-03
   1.000000E+01  5.400001E+01  9.482541E-02  3.975467E-03
   1.000000E+01  6.600001E+01  9.176345E-02  3.910407E-03
   1.000000E+01  7.800001E+01  9.216817E-02  3.919296E-03
   1.000000E+01  9.000001E+01  9.324627E-02  3.942647E-03
   1.000000E+01  1.020000E+02  9.445769E-02  3.968270E-03
   1.000000E+01  1.140000E+02  9.413664E-02  3.961124E-03
   1.000000E+01  1.260000E+02  9.207419E-02  3.916106E-03
   1.000000E+01  1.380000E+02  9.363073E-02  3.949903E-03
   1.000000E+01  1.500000E+02  9.515444E-02  3.983007E-03
   1.000000E+01  1.620000E+02  9.120801E-02  3.898667E-03
   1.000000E+01  1.740000E+02  9.331655E-02  3.943919E-03
   1.000000E+01  1.860000E+02  9.464917E-02  3.971493E-03
   1.000000E+01  1.980000E+02  9.116104E-02  3.897035E-03
   1.000000E+01  2.100000E+02  9.546736E-02  3.989398E-03
   1.000000E+01  2.220000E+02  9.475587E-02  3.975031E-03
   1.000000E+01  2.340000E+02  9.322933E-02  3.941084E-03
   1.000000E+01  2.460000E+02  9.285820E-02  3.933851E-03
   1.000000E+01  2.580000E+02  9.243738E-02  3.924174E-03
   1.000000E+01  2.700000E+02  9.219821E-02  3.919349E-03
   1.000000E+01  2.820000E+02  9.476324E-02  3.975421E-03
   1.000000E+01  2.940000E+02  9.326757E-02  3.941888E-03
   1.000000E+01  3.060000E+02  9.409388E-02  3.961063E-03
   1.000000E+01  3.180000E+02  9.310741E-02  3.939088E-03
   1.000000E+01  3.300000E+02  9.279673E-02  3.933388E-03
   1.000000E+01  3.420000E+02  9.337346E-02  3.944708E-03
   1.000000E+01  3.540000E+02  9.233429E-02  3.922929E-03
    
   1.400000E+01  6.000001E+00  9.340908E-02  3.343347E-03
   1.400000E+01  1.800000E+01  9.178967E-02  3.313250E-03
   1.400000E+01  3.000000E+01  9.160312E-02  3.310245E-03
   1.400000E+01  4.200000E+01  9.184635E-02  3.313744E-03
   1.400000E+01  5.400001E+01  9.056324E-02  3.290739E-03
   1.400000E+01  6.600001E+01  9.261307E-02  3.328469E-03
   1.400000E+01  7.800001E+01  9.016505E-02  3.283353E-03
   1.400000E+01  9.000001E+01  9.381055E-02  3.349932E-03
   1.400000E+01  1.020000E+02  9.111688E-02  3.301380E-03
   1.400000E+01  1.140000E+02  9.119237E-02  3.302841E-03
   1.400000E+01  1.260000E+02  9.079415E-02  3.295446E-03
   1.400000E+01  1.380000E+02  9.346583E-02  3.345030E-03
   1.400000E+01  1.500000E+02  9.193442E-02  3.316411E-03
   1.400000E+01  1.620000E+02  9.219326E-02  3.321117E-03
   1.400000E+01  1.740000E+02  9.269814E-02  3.329687E-03
   1.400000E+01  1.860000E+02  9.175989E-02  3.312976E-03
   1.400000E+01  1.980000E+02  9.427962E-02  3.359395E-03
   1.400000E+01  2.100000E+02  9.100528E-02  3.298685E-03
   1.400000E+01  2.220000E+02  9.053593E-02  3.290775E-03
   1.400000E+01  2.340000E+02  9.308450E-02  3.338482E-03
   1.400000E+01  2.460000E+02  9.118746E-02  3.301646E-03
   1.400000E+01  2.580000E+02  9.333879E-02  3.341418E-03
   1.400000E+01  2.700000E+02  9.321805E-02  3.339205E-03
   1.400000E+01  2.820000E+02  9.214272E-02  3.320339E-03
   1.400000E+01  2.940000E+02  9.307333E-02  3.336789E-03
   1.400000E+01  3.060000E+02  9.215175E-02  3.319159E-03
   1.400000E+01  3.180000E+02  9.227292E-02  3.321352E-03
   1.400000E+01  3.300000E+02  9.353448E-02  3.345309E-03
   1.400000E+01  3.420000E+02  9.286746E-02  3.332865E-03
   1.400000E+01  3.540000E+02  9.297850E-02  3.334912E-03
    
   1.800000E+01  6.000001E+00  9.182056E-02  2.932453E-03
   1.800000E+01  1.800000E+01  9.078945E-02  2.916483E-03
   1.800000E+01  3.000000E+01  8.946190E-02  2.894980E-03
   1.800000E+01  4.200000E+01  8.957438E-02  2.896223E-03
   1.800000E+01  5.400001E+01  9.005701E-02  2.903852E-03
   1.800000E+01  6.600001E+01  8.829720E-02  2.874944E-03
   1.800000E+01  7.800001E+01  9.031157E-02  2.908288E-03
   1.800000E+01  9.000001E+01  9.150840E-02  2.927456E-03
   1.800000E+01  1.020000E+02  9.218540E-02  2.938539E-03
   1.800000E+01  1.140000E+02  9.035663E-02  2.908660E-03
   1.800000E+01  1.260000E+02  9.167833E-02  2.930362E-03
   1.800000E+01  1.380000E+02  9.047570E-02  2.910831E-03
   1.800000E+01  1.500000E+02  8.987558E-02  2.901207E-03
   1.800000E+01  1.620000E+02  8.978328E-02  2.899492E-03
   1.800000E+01  1.740000E+02  9.111206E-02  2.921446E-03
   1.800000E+01  1.860000E+02  8.883392E-02  2.884953E-03
   1.800000E+01  1.980000E+02  9.195395E-02  2.934982E-03
   1.800000E+01  2.100000E+02  9.031455E-02  2.908124E-03
   1.800000E+01  2.220000E+02  8.908752E-02  2.888297E-03
   1.800000E+01  2.340000E+02  8.871888E-02  2.882032E-03
   1.800000E+01  2.460000E+02  9.088352E-02  2.917528E-03
   1.800000E+01  2.580000E+02  9.116290E-02  2.922006E-03
   1.800000E+01  2.700000E+02  8.963571E-02  2.897246E-03
   1.800000E+01  2.820000E+02  8.999189E-02  2.902603E-03
   1.800000E+01  2.940000E+02  9.096320E-02  2.918107E-03
   1.800000E+01  3.060000E+02  9.194875E-02  2.935271E-03
   1.800000E+01  3.180000E+02  9.078562E-02  2.915973E-03
   1.800000E+01  3.300000E+02  9.103187E-02  2.920103E-03
   1.800000E+01  3.420000E+02  8.940876E-02  2.893963E-03
   1.800000E+01  3.540000E+02  9.049745E-02  2.910692E-03
    
   2.200000E+01  6.000001E+00  8.861758E-02  2.616669E-03
   2.200000E+01  1.800000E+01  8.803369E-02  2.607571E-03
   2.200000E+01  3.000000E+01  8.868287E-02  2.617409E-03
   2.200000E+01  4.200000E+01  8.830497E-02  2.612336E-03
   2.200000E+01  5.400001E+01  8.874754E-02  2.618840E-03
   2.200000E+01  6.600001E+01  8.840115E-02  2.613296E-03
   2.200000E+01  7.800001E+01  8.841615E-02  2.613911E-03
   2.200000E+01  9.000001E+01  8.832166E-02  2.612384E-03
   2.200000E+01  1.020000E+02  8.794306E-02  2.606740E-03
   2.200000E+01  1.140000E+02  8.854154E-02  2.615231E-03
   2.200000E+01  1.260000E+02  8.720416E-02  2.595648E-03
   2.200000E+01  1.380000E+02  8.764901E-02  2.602816E-03
   2.200000E+01  1.500000E+02  8.930375E-02  2.626914E-03
   2.200000E+01  1.620000E+02  8.680413E-02  2.589615E-03
   2.200000E+01  1.740000E+02  8.911978E-02  2.623540E-03
   2.200000E+01  1.860000E+02  8.743342E-02  2.599568E-03
   2.200000E+01  1.980000E+02  8.910938E-02  2.624573E-03
   2.200000E+01  2.100000E+02  8.838097E-02  2.612887E-03
   2.200000E+01  2.220000E+02  8.759080E-02  2.601020E-03
   2.200000E+01  2.340000E+02  8.801239E-02  2.607774E-03
   2.200000E+01  2.460000E+02  8.932643E-02  2.627050E-03
   2.200000E+01  2.580000E+02  8.925837E-02  2.626390E-03
   2.200000E+01  2.700000E+02  8.915426E-02  2.624202E-03
   2.200000E+01  2.820000E+02  8.862204E-02  2.616769E-03
   2.200000E+01  2.940000E+02  8.910622E-02  2.623918E-03
   2.200000E+01  3.060000E+02  8.622954E-02  2.580817E-03
   2.200000E+01  3.180000E+02  8.890498E-02  2.621445E-03
   2.200000E+01  3.300000E+02  8.993865E-02  2.636423E-03
   2.200000E+01  3.420000E+02  8.904005E-02  2.623017E-03
   2.200000E+01  3.540000E+02  8.824218E-02  2.611163E-03
    
   2.600000E+01  6.000001E+00  8.588474E-02  2.381099E-03
   2.600000E+01  1.800000E+01  8.616894E-02  2.385238E-03
   2.600000E+01  3.000000E+01  8.654908E-02  2.390856E-03
   2.600000E+01  4.200000E+01  8.537593E-02  2.374076E-03
   2.600000E+01  5.400001E+01  8.542505E-02  2.374620E-03
   2.600000E+01  6.600001E+01  8.561508E-02  2.377436E-03
   2.600000E+01  7.800001E+01  8.531380E-02  2.372827E-03
   2.600000E+01  9.000001E+01  8.439559E-02  2.360631E-03
   2.600000E+01  1.020000E+02  8.541331E-02  2.374606E-03
   2.600000E+01  1.140000E+02  8.740609E-02  2.402569E-03
   2.600000E+01  1.260000E+02  8.546866E-02  2.375952E-03
   2.600000E+01  1.380000E+02  8.576878E-02  2.379704E-03
   2.600000E+01  1.500000E+02  8.658284E-02  2.391187E-03
   2.600000E+01  1.620000E+02  8.580459E-02  2.380054E-03
   2.600000E+01  1.740000E+02  8.643386E-02  2.388995E-03
   2.600000E+01  1.860000E+02  8.409618E-02  2.356216E-03
   2.600000E+01  1.980000E+02  8.658966E-02  2.391178E-03
   2.600000E+01  2.100000E+02  8.544978E-02  2.375330E-03
   2.600000E+01  2.220000E+02  8.476969E-02  2.365277E-03
   2.600000E+01  2.340000E+02  8.542486E-02  2.375008E-03
   2.600000E+01  2.460000E+02  8.667490E-02  2.392498E-03
   2.600000E+01  2.580000E+02  8.615020E-02  2.385632E-03
   2.600000E+01  2.700000E+02  8.480932E-02  2.366310E-03
   2.600000E+01  2.820000E+02  8.498953E-02  2.368538E-03
   2.600000E+01  2.940000E+02  8.627708E-02  2.387206E-03
   2.600000E+01  3.060000E+02  8.556221E-02  2.376517E-03
   2.600000E+01  3.180000E+02  8.783529E-02  2.408959E-03
   2.600000E+01  3.300000E+02  8.629696E-02  2.387238E-03
   2.600000E+01  3.420000E+02  8.559310E-02  2.377122E-03
   2.600000E+01  3.540000E+02  8.493457E-02  2.368433E-03
    
   3.000000E+01  6.000001E+00  8.186483E-02  2.177018E-03
   3.000000E+01  1.800000E+01  8.243612E-02  2.184729E-03
   3.000000E+01  3.000000E+01  8.264500E-02  2.187263E-03
   3.000000E+01  4.200000E+01  8.309575E-02  2.193203E-03
   3.000000E+01  5.400001E+01  8.322994E-02  2.194615E-03
   3.000000E+01  6.600001E+01  8.222660E-02  2.181419E-03
   3.000000E+01  7.800001E+01  8.404606E-02  2.205804E-03
   3.000000E+01  9.000001E+01  8.281559E-02  2.189524E-03
   3.000000E+01  1.020000E+02  8.165856E-02  2.173965E-03
   3.000000E+01  1.140000E+02  8.256753E-02  2.186236E-03
   3.000000E+01  1.260000E+02  8.348599E-02  2.198488E-03
   3.000000E+01  1.380000E+02  8.265015E-02  2.187259E-03
   3.000000E+01  1.500000E+02  8.429046E-02  2.209241E-03
   3.000000E+01  1.620000E+02  8.227778E-02  2.182184E-03
   3.000000E+01  1.740000E+02  8.173165E-02  2.175015E-03
   3.000000E+01  1.860000E+02  8.146221E-02  2.171584E-03
   3.000000E+01  1.980000E+02  8.145635E-02  2.171242E-03
   3.000000E+01  2.100000E+02  8.347627E-02  2.199017E-03
   3.000000E+01  2.220000E+02  8.270691E-02  2.187971E-03
   3.000000E+01  2.340000E+02  8.308606E-02  2.193595E-03
   3.000000E+01  2.460000E+02  8.295154E-02  2.191509E-03
   3.000000E+01  2.580000E+02  8.210262E-02  2.180294E-03
   3.000000E+01  2.700000E+02  8.166485E-02  2.174033E-03
   3.000000E+01  2.820000E+02  8.255633E-02  2.186224E-03
   3.000000E+01  2.940000E+02  8.185567E-02  2.176415E-03
   3.000000E+01  3.060000E+02  8.353022E-02  2.199442E-03
   3.000000E+01  3.180000E+02  8.303034E-02  2.192243E-03
   3.000000E+01  3.300000E+02  8.310228E-02  2.193620E-03
   3.000000E+01  3.420000E+02  8.359426E-02  2.200135E-03
   3.000000E+01  3.540000E+02  8.222287E-02  2.181333E-03
    
   3.400000E+01  6.000001E+00  7.958495E-02  2.029859E-03
   3.400000E+01  1.800000E+01  7.807573E-02  2.010474E-03
   3.400000E+01  3.000000E+01  7.823425E-02  2.012432E-03
   3.400000E+01  4.200000E+01  7.929829E-02  2.026182E-03
   3.400000E+01  5.400001E+01  7.856630E-02  2.016989E-03
   3.400000E+01  6.600001E+01  7.919376E-02  2.024537E-03
   3.400000E+01  7.800001E+01  8.036676E-02  2.040192E-03
   3.400000E+01  9.000001E+01  7.833246E-02  2.013699E-03
   3.400000E+01  1.020000E+02  8.020437E-02  2.037508E-03
   3.400000E+01  1.140000E+02  7.891755E-02  2.021433E-03
   3.400000E+01  1.260000E+02  7.972109E-02  2.031825E-03
   3.400000E+01  1.380000E+02  8.026487E-02  2.038156E-03
   3.400000E+01  1.500000E+02  7.876554E-02  2.018730E-03
   3.400000E+01  1.620000E+02  7.853569E-02  2.015987E-03
   3.400000E+01  1.740000E+02  7.854884E-02  2.016725E-03
   3.400000E+01  1.860000E+02  8.001109E-02  2.035208E-03
   3.400000E+01  1.980000E+02  7.923846E-02  2.024919E-03
   3.400000E+01  2.100000E+02  7.853551E-02  2.016772E-03
   3.400000E+01  2.220000E+02  7.970422E-02  2.031423E-03
   3.400000E+01  2.340000E+02  7.913347E-02  2.023827E-03
   3.400000E+01  2.460000E+02  7.904753E-02  2.022629E-03
   3.400000E+01  2.580000E+02  7.823944E-02  2.012407E-03
   3.400000E+01  2.700000E+02  7.873046E-02  2.018971E-03
   3.400000E+01  2.820000E+02  7.929018E-02  2.026224E-03
   3.400000E+01  2.940000E+02  7.839236E-02  2.014766E-03
   3.400000E+01  3.060000E+02  7.987959E-02  2.033607E-03
   3.400000E+01  3.180000E+02  7.921679E-02  2.025633E-03
   3.400000E+01  3.300000E+02  7.924770E-02  2.025231E-03
   3.400000E+01  3.420000E+02  7.782996E-02  2.007216E-03
   3.400000E+01  3.540000E+02  7.996741E-02  2.034588E-03
    
   3.800000E+01  6.000001E+00  7.553493E-02  1.884886E-03
   3.800000E+01  1.800000E+01  7.486011E-02  1.876243E-03
   3.800000E+01  3.000000E+01  7.632964E-02  1.894809E-03
   3.800000E+01  4.200000E+01  7.428596E-02  1.869245E-03
   3.800000E+01  5.400001E+01  7.491507E-02  1.876794E-03
   3.800000E+01  6.600001E+01  7.500030E-02  1.877881E-03
   3.800000E+01  7.800001E+01  7.557973E-02  1.885001E-03
   3.800000E+01  9.000001E+01  7.454622E-02  1.872560E-03
   3.800000E+01  1.020000E+02  7.643077E-02  1.896249E-03
   3.800000E+01  1.140000E+02  7.447854E-02  1.871403E-03
   3.800000E+01  1.260000E+02  7.542793E-02  1.882950E-03
   3.800000E+01  1.380000E+02  7.343175E-02  1.857907E-03
   3.800000E+01  1.500000E+02  7.573644E-02  1.887357E-03
   3.800000E+01  1.620000E+02  7.499388E-02  1.877790E-03
   3.800000E+01  1.740000E+02  7.621776E-02  1.893532E-03
   3.800000E+01  1.860000E+02  7.468231E-02  1.874073E-03
   3.800000E+01  1.980000E+02  7.438949E-02  1.870010E-03
   3.800000E+01  2.100000E+02  7.571489E-02  1.887139E-03
   3.800000E+01  2.220000E+02  7.610666E-02  1.892082E-03
   3.800000E+01  2.340000E+02  7.520005E-02  1.880212E-03
   3.800000E+01  2.460000E+02  7.569937E-02  1.887010E-03
   3.800000E+01  2.580000E+02  7.506022E-02  1.878860E-03
   3.800000E+01  2.700000E+02  7.475633E-02  1.874754E-03
   3.800000E+01  2.820000E+02  7.385204E-02  1.863405E-03
   3.800000E+01  2.940000E+02  7.629680E-02  1.894460E-03
   3.800000E+01  3.060000E+02  7.348259E-02  1.858976E-03
   3.800000E+01  3.180000E+02  7.634888E-02  1.894675E-03
   3.800000E+01  3.300000E+02  7.477036E-02  1.875222E-03
   3.800000E+01  3.420000E+02  7.532541E-02  1.882062E-03
   3.800000E+01  3.540000E+02  7.408957E-02  1.866166E-03
    
   4.200000E+01  6.000001E+00  6.944932E-02  1.733516E-03
   4.200000E+01  1.800000E+01  7.201695E-02  1.765778E-03
   4.200000E+01  3.000000E+01  7.132201E-02  1.756496E-03
   4.200000E+01  4.200000E+01  7.151594E-02  1.759257E-03
   4.200000E+01  5.400001E+01  7.024953E-02  1.743275E-03
   4.200000E+01  6.600001E+01  7.040805E-02  1.745231E-03
   4.200000E+01  7.800001E+01  7.073745E-02  1.749565E-03
   4.200000E+01  9.000001E+01  7.064616E-02  1.748260E-03
   4.200000E+01  1.020000E+02  7.041543E-02  1.745406E-03
   4.200000E+01  1.140000E+02  7.000955E-02  1.740296E-03
   4.200000E+01  1.260000E+02  7.087794E-02  1.751619E-03
   4.200000E+01  1.380000E+02  7.076980E-02  1.749977E-03
   4.200000E+01  1.500000E+02  7.091434E-02  1.751843E-03
   4.200000E+01  1.620000E+02  7.039001E-02  1.745046E-03
   4.200000E+01  1.740000E+02  6.996940E-02  1.739838E-03
   4.200000E+01  1.860000E+02  7.057764E-02  1.747310E-03
   4.200000E+01  1.980000E+02  7.175450E-02  1.762068E-03
   4.200000E+01  2.100000E+02  7.005604E-02  1.741075E-03
   4.200000E+01  2.220000E+02  7.036620E-02  1.745045E-03
   4.200000E+01  2.340000E+02  7.169443E-02  1.761026E-03
   4.200000E+01  2.460000E+02  6.998575E-02  1.740035E-03
   4.200000E+01  2.580000E+02  7.210733E-02  1.766641E-03
   4.200000E+01  2.700000E+02  6.976367E-02  1.737268E-03
   4.200000E+01  2.820000E+02  7.021363E-02  1.743078E-03
   4.200000E+01  2.940000E+02  7.089756E-02  1.751307E-03
   4.200000E+01  3.060000E+02  7.054426E-02  1.746917E-03
   4.200000E+01  3.180000E+02  7.024406E-02  1.743504E-03
   4.200000E+01  3.300000E+02  7.045489E-02  1.745823E-03
   4.200000E+01  3.420000E+02  7.092299E-02  1.751797E-03
   4.200000E+01  3.540000E+02  7.075227E-02  1.749965E-03
    
   4.600000E+01  6.000001E+00  6.604235E-02  1.630486E-03
   4.600000E+01  1.800000E+01  6.493424E-02  1.616623E-03
   4.600000E+01  3.000000E+01  6.573484E-02  1.626582E-03
   4.600000E+01  4.200000E+01  6.487937E-02  1.616058E-03
   4.600000E+01  5.400001E+01  6.596584E-02  1.629629E-03
   4.600000E+01  6.600001E+01  6.479647E-02  1.615098E-03
   4.600000E+01  7.800001E+01  6.694818E-02  1.642027E-03
   4.600000E+01  9.000001E+01  6.479087E-02  1.614765E-03
   4.600000E+01  1.020000E+02  6.660815E-02  1.637636E-03
   4.600000E+01  1.140000E+02  6.722372E-02  1.644999E-03
   4.600000E+01  1.260000E+02  6.601143E-02  1.630216E-03
   4.600000E+01  1.380000E+02  6.634839E-02  1.634810E-03
   4.600000E+01  1.500000E+02  6.658016E-02  1.637143E-03
   4.600000E+01  1.620000E+02  6.465234E-02  1.613147E-03
   4.600000E+01  1.740000E+02  6.443989E-02  1.610192E-03
   4.600000E+01  1.860000E+02  6.578307E-02  1.627381E-03
   4.600000E+01  1.980000E+02  6.513578E-02  1.619183E-03
   4.600000E+01  2.100000E+02  6.622498E-02  1.632754E-03
   4.600000E+01  2.220000E+02  6.684990E-02  1.640335E-03
   4.600000E+01  2.340000E+02  6.553739E-02  1.624315E-03
   4.600000E+01  2.460000E+02  6.499457E-02  1.617330E-03
   4.600000E+01  2.580000E+02  6.580285E-02  1.627588E-03
   4.600000E+01  2.700000E+02  6.466574E-02  1.613086E-03
   4.600000E+01  2.820000E+02  6.574429E-02  1.627267E-03
   4.600000E+01  2.940000E+02  6.549359E-02  1.623677E-03
   4.600000E+01  3.060000E+02  6.569346E-02  1.626111E-03
   4.600000E+01  3.180000E+02  6.556294E-02  1.624537E-03
   4.600000E+01  3.300000E+02  6.584077E-02  1.627831E-03
   4.600000E+01  3.420000E+02  6.618310E-02  1.632288E-03
   4.600000E+01  3.540000E+02  6.517381E-02  1.619765E-03
    
   5.000001E+01  6.000001E+00  5.952392E-02  1.500058E-03
   5.000001E+01  1.800000E+01  5.974871E-02  1.502681E-03
   5.000001E+01  3.000000E+01  5.991198E-02  1.504832E-03
   5.000001E+01  4.200000E+01  6.034349E-02  1.510315E-03
   5.000001E+01  5.400001E+01  6.057450E-02  1.513342E-03
   5.000001E+01  6.600001E+01  5.992717E-02  1.505424E-03
   5.000001E+01  7.800001E+01  6.027014E-02  1.509399E-03
   5.000001E+01  9.000001E+01  6.000855E-02  1.506029E-03
   5.000001E+01  1.020000E+02  6.010397E-02  1.507466E-03
   5.000001E+01  1.140000E+02  5.941884E-02  1.498947E-03
   5.000001E+01  1.260000E+02  5.949547E-02  1.499590E-03
   5.000001E+01  1.380000E+02  6.024965E-02  1.509242E-03
   5.000001E+01  1.500000E+02  6.001940E-02  1.506458E-03
   5.000001E+01  1.620000E+02  6.025997E-02  1.509582E-03
   5.000001E+01  1.740000E+02  6.015120E-02  1.507907E-03
   5.000001E+01  1.860000E+02  5.959757E-02  1.500939E-03
   5.000001E+01  1.980000E+02  6.091351E-02  1.517624E-03
   5.000001E+01  2.100000E+02  6.036004E-02  1.510657E-03
   5.000001E+01  2.220000E+02  6.055990E-02  1.513036E-03
   5.000001E+01  2.340000E+02  6.048942E-02  1.512179E-03
   5.000001E+01  2.460000E+02  5.964071E-02  1.501428E-03
   5.000001E+01  2.580000E+02  5.974654E-02  1.502463E-03
   5.000001E+01  2.700000E+02  6.043066E-02  1.511396E-03
   5.000001E+01  2.820000E+02  6.056463E-02  1.513189E-03
   5.000001E+01  2.940000E+02  6.029958E-02  1.509703E-03
   5.000001E+01  3.060000E+02  6.097209E-02  1.518326E-03
   5.000001E+01  3.180000E+02  5.952892E-02  1.500132E-03
   5.000001E+01  3.300000E+02  6.027964E-02  1.509263E-03
   5.000001E+01  3.420000E+02  6.062216E-02  1.514040E-03
   5.000001E+01  3.540000E+02  5.956690E-02  1.500672E-03
    
   5.400001E+01  6.000001E+00  5.488956E-02  1.401824E-03
   5.400001E+01  1.800000E+01  5.455901E-02  1.397465E-03
   5.400001E+01  3.000000E+01  5.413912E-02  1.392363E-03
   5.400001E+01  4.200000E+01  5.444460E-02  1.396100E-03
   5.400001E+01  5.400001E+01  5.396997E-02  1.390076E-03
   5.400001E+01  6.600001E+01  5.402016E-02  1.390463E-03
   5.400001E+01  7.800001E+01  5.387532E-02  1.388470E-03
   5.400001E+01  9.000001E+01  5.478067E-02  1.400269E-03
   5.400001E+01  1.020000E+02  5.405886E-02  1.391100E-03
   5.400001E+01  1.140000E+02  5.472972E-02  1.399561E-03
   5.400001E+01  1.260000E+02  5.502327E-02  1.403607E-03
   5.400001E+01  1.380000E+02  5.400044E-02  1.390100E-03
   5.400001E+01  1.500000E+02  5.371440E-02  1.386315E-03
   5.400001E+01  1.620000E+02  5.392197E-02  1.389407E-03
   5.400001E+01  1.740000E+02  5.404910E-02  1.390975E-03
   5.400001E+01  1.860000E+02  5.483031E-02  1.401106E-03
   5.400001E+01  1.980000E+02  5.482499E-02  1.401060E-03
   5.400001E+01  2.100000E+02  5.349420E-02  1.383573E-03
   5.400001E+01  2.220000E+02  5.425891E-02  1.393802E-03
   5.400001E+01  2.340000E+02  5.423461E-02  1.393430E-03
   5.400001E+01  2.460000E+02  5.484024E-02  1.401357E-03
   5.400001E+01  2.580000E+02  5.381276E-02  1.387722E-03
   5.400001E+01  2.700000E+02  5.427558E-02  1.394033E-03
   5.400001E+01  2.820000E+02  5.491443E-02  1.402244E-03
   5.400001E+01  2.940000E+02  5.449290E-02  1.396614E-03
   5.400001E+01  3.060000E+02  5.435409E-02  1.394745E-03
   5.400001E+01  3.180000E+02  5.381784E-02  1.387981E-03
   5.400001E+01  3.300000E+02  5.427018E-02  1.394246E-03
   5.400001E+01  3.420000E+02  5.373521E-02  1.386575E-03
   5.400001E+01  3.540000E+02  5.424486E-02  1.393586E-03
    
   5.800001E+01  6.000001E+00  4.816346E-02  1.282657E-03
   5.800001E+01  1.800000E+01  4.833137E-02  1.284885E-03
   5.800001E+01  3.000000E+01  4.768763E-02  1.276233E-03
   5.800001E+01  4.200000E+01  4.820345E-02  1.282787E-03
   5.800001E+01  5.400001E+01  4.839036E-02  1.285884E-03
   5.800001E+01  6.600001E+01  4.838788E-02  1.285401E-03
   5.800001E+01  7.800001E+01  4.838613E-02  1.285653E-03
   5.800001E+01  9.000001E+01  4.794423E-02  1.279699E-03
   5.800001E+01  1.020000E+02  4.820984E-02  1.283339E-03
   5.800001E+01  1.140000E+02  4.770628E-02  1.276346E-03
   5.800001E+01  1.260000E+02  4.799593E-02  1.280284E-03
   5.800001E+01  1.380000E+02  4.830215E-02  1.284333E-03
   5.800001E+01  1.500000E+02  4.789674E-02  1.278983E-03
   5.800001E+01  1.620000E+02  4.757680E-02  1.274563E-03
   5.800001E+01  1.740000E+02  4.844644E-02  1.286194E-03
   5.800001E+01  1.860000E+02  4.875847E-02  1.290602E-03
   5.800001E+01  1.980000E+02  4.804675E-02  1.281312E-03
   5.800001E+01  2.100000E+02  4.858453E-02  1.288378E-03
   5.800001E+01  2.220000E+02  4.732804E-02  1.271335E-03
   5.800001E+01  2.340000E+02  4.913447E-02  1.295333E-03
   5.800001E+01  2.460000E+02  4.830088E-02  1.284372E-03
   5.800001E+01  2.580000E+02  4.834574E-02  1.284730E-03
   5.800001E+01  2.700000E+02  4.768727E-02  1.276218E-03
   5.800001E+01  2.820000E+02  4.894493E-02  1.293006E-03
   5.800001E+01  2.940000E+02  4.775034E-02  1.276961E-03
   5.800001E+01  3.060000E+02  4.886028E-02  1.291888E-03
   5.800001E+01  3.180000E+02  4.791098E-02  1.279099E-03
   5.800001E+01  3.300000E+02  4.807611E-02  1.281722E-03
   5.800001E+01  3.420000E+02  4.873899E-02  1.290344E-03
   5.800001E+01  3.540000E+02  4.758064E-02  1.274720E-03
    
   6.200001E+01  6.000001E+00  4.149820E-02  1.166326E-03
   6.200001E+01  1.800000E+01  4.171052E-02  1.169523E-03
   6.200001E+01  3.000000E+01  4.131561E-02  1.164158E-03
   6.200001E+01  4.200000E+01  4.130941E-02  1.163959E-03
   6.200001E+01  5.400001E+01  4.195078E-02  1.173121E-03
   6.200001E+01  6.600001E+01  4.164099E-02  1.169128E-03
   6.200001E+01  7.800001E+01  4.134450E-02  1.164846E-03
   6.200001E+01  9.000001E+01  4.128941E-02  1.163840E-03
   6.200001E+01  1.020000E+02  4.161792E-02  1.168449E-03
   6.200001E+01  1.140000E+02  4.056529E-02  1.153330E-03
   6.200001E+01  1.260000E+02  4.158013E-02  1.168196E-03
   6.200001E+01  1.380000E+02  4.115120E-02  1.161896E-03
   6.200001E+01  1.500000E+02  4.144649E-02  1.166051E-03
   6.200001E+01  1.620000E+02  4.174758E-02  1.170292E-03
   6.200001E+01  1.740000E+02  4.114612E-02  1.161691E-03
   6.200001E+01  1.860000E+02  4.147998E-02  1.166741E-03
   6.200001E+01  1.980000E+02  4.137044E-02  1.164989E-03
   6.200001E+01  2.100000E+02  4.214239E-02  1.175928E-03
   6.200001E+01  2.220000E+02  4.057667E-02  1.153690E-03
   6.200001E+01  2.340000E+02  4.152092E-02  1.166992E-03
   6.200001E+01  2.460000E+02  4.065266E-02  1.154724E-03
   6.200001E+01  2.580000E+02  4.157326E-02  1.167975E-03
   6.200001E+01  2.700000E+02  4.186615E-02  1.172127E-03
   6.200001E+01  2.820000E+02  4.187952E-02  1.172262E-03
   6.200001E+01  2.940000E+02  4.163847E-02  1.168726E-03
   6.200001E+01  3.060000E+02  4.232725E-02  1.178423E-03
   6.200001E+01  3.180000E+02  4.127729E-02  1.163624E-03
   6.200001E+01  3.300000E+02  4.183392E-02  1.171804E-03
   6.200001E+01  3.420000E+02  4.083428E-02  1.157346E-03
   6.200001E+01  3.540000E+02  4.115934E-02  1.162001E-03
    
   6.600001E+01  6.000001E+00  3.424271E-02  1.042028E-03
   6.600001E+01  1.800000E+01  3.494396E-02  1.052680E-03
   6.600001E+01  3.000000E+01  3.424996E-02  1.041938E-03
   6.600001E+01  4.200000E+01  3.474719E-02  1.049685E-03
   6.600001E+01  5.400001E+01  3.510735E-02  1.055348E-03
   6.600001E+01  6.600001E+01  3.438241E-02  1.044012E-03
   6.600001E+01  7.800001E+01  3.461038E-02  1.047782E-03
   6.600001E+01  9.000001E+01  3.501704E-02  1.053606E-03
   6.600001E+01  1.020000E+02  3.444892E-02  1.045258E-03
   6.600001E+01  1.140000E+02  3.452981E-02  1.046669E-03
   6.600001E+01  1.260000E+02  3.448937E-02  1.045589E-03
   6.600001E+01  1.380000E+02  3.529622E-02  1.058151E-03
   6.600001E+01  1.500000E+02  3.470755E-02  1.048923E-03
   6.600001E+01  1.620000E+02  3.446390E-02  1.045112E-03
   6.600001E+01  1.740000E+02  3.452750E-02  1.046522E-03
   6.600001E+01  1.860000E+02  3.536483E-02  1.058753E-03
   6.600001E+01  1.980000E+02  3.483506E-02  1.051150E-03
   6.600001E+01  2.100000E+02  3.481147E-02  1.050790E-03
   6.600001E+01  2.220000E+02  3.410858E-02  1.039783E-03
   6.600001E+01  2.340000E+02  3.462323E-02  1.047631E-03
   6.600001E+01  2.460000E+02  3.471011E-02  1.049301E-03
   6.600001E+01  2.580000E+02  3.433314E-02  1.043298E-03
   6.600001E+01  2.700000E+02  3.476117E-02  1.049789E-03
   6.600001E+01  2.820000E+02  3.464339E-02  1.048209E-03
   6.600001E+01  2.940000E+02  3.448892E-02  1.045848E-03
   6.600001E+01  3.060000E+02  3.432637E-02  1.043238E-03
   6.600001E+01  3.180000E+02  3.534349E-02  1.058578E-03
   6.600001E+01  3.300000E+02  3.486702E-02  1.051441E-03
   6.600001E+01  3.420000E+02  3.548115E-02  1.060857E-03
   6.600001E+01  3.540000E+02  3.481316E-02  1.050706E-03
    
   7.000001E+01  6.000001E+00  2.765182E-02  9.231268E-04
   7.000001E+01  1.800000E+01  2.766570E-02  9.234782E-04
   7.000001E+01  3.000000E+01  2.789935E-02  9.273188E-04
   7.000001E+01  4.200000E+01  2.739157E-02  9.187736E-04
   7.000001E+01  5.400001E+01  2.812186E-02  9.312221E-04
   7.000001E+01  6.600001E+01  2.742573E-02  9.193129E-04
   7.000001E+01  7.800001E+01  2.806871E-02  9.300141E-04
   7.000001E+01  9.000001E+01  2.755774E-02  9.215277E-04
   7.000001E+01  1.020000E+02  2.739020E-02  9.185458E-04
   7.000001E+01  1.140000E+02  2.802231E-02  9.294822E-04
   7.000001E+01  1.260000E+02  2.713822E-02  9.142982E-04
   7.000001E+01  1.380000E+02  2.755029E-02  9.213753E-04
   7.000001E+01  1.500000E+02  2.784785E-02  9.264611E-04
   7.000001E+01  1.620000E+02  2.791667E-02  9.274977E-04
   7.000001E+01  1.740000E+02  2.774791E-02  9.247515E-04
   7.000001E+01  1.860000E+02  2.782430E-02  9.261053E-04
   7.000001E+01  1.980000E+02  2.822464E-02  9.328452E-04
   7.000001E+01  2.100000E+02  2.735630E-02  9.182458E-04
   7.000001E+01  2.220000E+02  2.775472E-02  9.248204E-04
   7.000001E+01  2.340000E+02  2.793166E-02  9.278481E-04
   7.000001E+01  2.460000E+02  2.739704E-02  9.188419E-04
   7.000001E+01  2.580000E+02  2.795718E-02  9.283646E-04
   7.000001E+01  2.700000E+02  2.790408E-02  9.275591E-04
   7.000001E+01  2.820000E+02  2.757458E-02  9.220070E-04
   7.000001E+01  2.940000E+02  2.814054E-02  9.313369E-04
   7.000001E+01  3.060000E+02  2.799975E-02  9.290082E-04
   7.000001E+01  3.180000E+02  2.840364E-02  9.356809E-04
   7.000001E+01  3.300000E+02  2.793304E-02  9.279216E-04
   7.000001E+01  3.420000E+02  2.774543E-02  9.246459E-04
   7.000001E+01  3.540000E+02  2.733847E-02  9.180690E-04
    
   7.400001E+01  6.000001E+00  2.148789E-02  8.048326E-04
   7.400001E+01  1.800000E+01  2.143500E-02  8.036635E-04
   7.400001E+01  3.000000E+01  2.134168E-02  8.018676E-04
   7.400001E+01  4.200000E+01  2.076191E-02  7.908962E-04
   7.400001E+01  5.400001E+01  2.091959E-02  7.935777E-04
   7.400001E+01  6.600001E+01  2.135439E-02  8.021199E-04
   7.400001E+01  7.800001E+01  2.117006E-02  7.987634E-04
   7.400001E+01  9.000001E+01  2.054793E-02  7.867610E-04
   7.400001E+01  1.020000E+02  2.097178E-02  7.947472E-04
   7.400001E+01  1.140000E+02  2.101534E-02  7.959763E-04
   7.400001E+01  1.260000E+02  2.058224E-02  7.869744E-04
   7.400001E+01  1.380000E+02  2.094638E-02  7.944302E-04
   7.400001E+01  1.500000E+02  2.104829E-02  7.962929E-04
   7.400001E+01  1.620000E+02  2.144010E-02  8.038623E-04
   7.400001E+01  1.740000E+02  2.055145E-02  7.870402E-04
   7.400001E+01  1.860000E+02  2.084082E-02  7.924070E-04
   7.400001E+01  1.980000E+02  2.108181E-02  7.969504E-04
   7.400001E+01  2.100000E+02  2.102322E-02  7.958524E-04
   7.400001E+01  2.220000E+02  2.110164E-02  7.971515E-04
   7.400001E+01  2.340000E+02  2.166076E-02  8.080810E-04
   7.400001E+01  2.460000E+02  2.066761E-02  7.889349E-04
   7.400001E+01  2.580000E+02  2.092637E-02  7.937080E-04
   7.400001E+01  2.700000E+02  2.107917E-02  7.970069E-04
   7.400001E+01  2.820000E+02  2.142304E-02  8.035315E-04
   7.400001E+01  2.940000E+02  2.099977E-02  7.954508E-04
   7.400001E+01  3.060000E+02  2.094733E-02  7.942914E-04
   7.400001E+01  3.180000E+02  2.092712E-02  7.937664E-04
   7.400001E+01  3.300000E+02  2.092691E-02  7.941429E-04
   7.400001E+01  3.420000E+02  2.131954E-02  8.016570E-04
   7.400001E+01  3.540000E+02  2.108821E-02  7.969547E-04
    
   7.800001E+01  6.000001E+00  1.399010E-02  6.434475E-04
   7.800001E+01  1.800000E+01  1.455818E-02  6.564424E-04
   7.800001E+01  3.000000E+01  1.449730E-02  6.552190E-04
   7.800001E+01  4.200000E+01  1.404755E-02  6.447710E-04
   7.800001E+01  5.400001E+01  1.427366E-02  6.499482E-04
   7.800001E+01  6.600001E+01  1.441069E-02  6.530886E-04
   7.800001E+01  7.800001E+01  1.465359E-02  6.586421E-04
   7.800001E+01  9.000001E+01  1.456223E-02  6.566548E-04
   7.800001E+01  1.020000E+02  1.431697E-02  6.509293E-04
   7.800001E+01  1.140000E+02  1.428104E-02  6.501600E-04
   7.800001E+01  1.260000E+02  1.455875E-02  6.562229E-04
   7.800001E+01  1.380000E+02  1.444696E-02  6.538600E-04
   7.800001E+01  1.500000E+02  1.436011E-02  6.517250E-04
   7.800001E+01  1.620000E+02  1.392787E-02  6.418235E-04
   7.800001E+01  1.740000E+02  1.426365E-02  6.495533E-04
   7.800001E+01  1.860000E+02  1.417029E-02  6.475584E-04
   7.800001E+01  1.980000E+02  1.433707E-02  6.515368E-04
   7.800001E+01  2.100000E+02  1.433588E-02  6.514676E-04
   7.800001E+01  2.220000E+02  1.447740E-02  6.545306E-04
   7.800001E+01  2.340000E+02  1.466416E-02  6.587967E-04
   7.800001E+01  2.460000E+02  1.471400E-02  6.598426E-04
   7.800001E+01  2.580000E+02  1.420243E-02  6.484705E-04
   7.800001E+01  2.700000E+02  1.409499E-02  6.457159E-04
   7.800001E+01  2.820000E+02  1.381752E-02  6.395534E-04
   7.800001E+01  2.940000E+02  1.426534E-02  6.500046E-04
   7.800001E+01  3.060000E+02  1.430555E-02  6.507145E-04
   7.800001E+01  3.180000E+02  1.448858E-02  6.548337E-04
   7.800001E+01  3.300000E+02  1.446778E-02  6.543075E-04
   7.800001E+01  3.420000E+02  1.456495E-02  6.565902E-04
   7.800001E+01  3.540000E+02  1.423856E-02  6.489452E-04
    
   8.200001E+01  6.000001E+00  8.634892E-03  5.024713E-04
   8.200001E+01  1.800000E+01  8.521405E-03  4.990630E-04
   8.200001E+01  3.000000E+01  8.238493E-03  4.908878E-04
   8.200001E+01  4.200000E+01  8.564993E-03  5.003306E-04
   8.200001E+01  5.400001E+01  8.480509E-03  4.977880E-04
   8.200001E+01  6.600001E+01  8.463949E-03  4.972986E-04
   8.200001E+01  7.800001E+01  8.511540E-03  4.988713E-04
   8.200001E+01  9.000001E+01  8.490030E-03  4.979937E-04
   8.200001E+01  1.020000E+02  8.530225E-03  4.993475E-04
   8.200001E+01  1.140000E+02  8.379593E-03  4.948428E-04
   8.200001E+01  1.260000E+02  8.537731E-03  4.994494E-04
   8.200001E+01  1.380000E+02  8.612822E-03  5.017797E-04
   8.200001E+01  1.500000E+02  8.269262E-03  4.914943E-04
   8.200001E+01  1.620000E+02  8.490618E-03  4.980816E-04
   8.200001E+01  1.740000E+02  8.401917E-03  4.955371E-04
   8.200001E+01  1.860000E+02  8.842050E-03  5.085326E-04
   8.200001E+01  1.980000E+02  8.356673E-03  4.944595E-04
   8.200001E+01  2.100000E+02  8.364205E-03  4.943584E-04
   8.200001E+01  2.220000E+02  8.449258E-03  4.968106E-04
   8.200001E+01  2.340000E+02  8.500719E-03  4.983750E-04
   8.200001E+01  2.460000E+02  8.563924E-03  5.001419E-04
   8.200001E+01  2.580000E+02  8.404030E-03  4.955323E-04
   8.200001E+01  2.700000E+02  8.415771E-03  4.958360E-04
   8.200001E+01  2.820000E+02  8.333628E-03  4.932727E-04
   8.200001E+01  2.940000E+02  8.439618E-03  4.965238E-04
   8.200001E+01  3.060000E+02  8.635489E-03  5.023715E-04
   8.200001E+01  3.180000E+02  8.584371E-03  5.008130E-04
   8.200001E+01  3.300000E+02  8.350228E-03  4.940585E-04
   8.200001E+01  3.420000E+02  8.168912E-03  4.885328E-04
   8.200001E+01  3.540000E+02  8.414145E-03  4.960167E-04
    
   8.600001E+01  6.000001E+00  3.296446E-03  3.086657E-04
   8.600001E+01  1.800000E+01  3.481219E-03  3.175452E-04
   8.600001E+01  3.000000E+01  3.401912E-03  3.138957E-04
   8.600001E+01  4.200000E+01  3.282955E-03  3.084907E-04
   8.600001E+01  5.400001E+01  3.354920E-03  3.118944E-04
   8.600001E+01  6.600001E+01  3.387921E-03  3.134298E-04
   8.600001E+01  7.800001E+01  3.302304E-03  3.091229E-04
   8.600001E+01  9.000001E+01  3.393160E-03  3.134385E-04
   8.600001E+01  1.020000E+02  3.338342E-03  3.108260E-04
   8.600001E+01  1.140000E+02  3.303006E-03  3.092738E-04
   8.600001E+01  1.260000E+02  3.348152E-03  3.115861E-04
   8.600001E+01  1.380000E+02  3.433402E-03  3.154189E-04
   8.600001E+01  1.500000E+02  3.335200E-03  3.108207E-04
   8.600001E+01  1.620000E+02  3.541172E-03  3.204002E-04
   8.600001E+01  1.740000E+02  3.312214E-03  3.095884E-04
   8.600001E+01  1.860000E+02  3.457658E-03  3.164844E-04
   8.600001E+01  1.980000E+02  3.397939E-03  3.139000E-04
   8.600001E+01  2.100000E+02  3.351877E-03  3.115923E-04
   8.600001E+01  2.220000E+02  3.304654E-03  3.095757E-04
   8.600001E+01  2.340000E+02  3.322138E-03  3.102026E-04
   8.600001E+01  2.460000E+02  3.109048E-03  2.999885E-04
   8.600001E+01  2.580000E+02  3.469097E-03  3.170877E-04
   8.600001E+01  2.700000E+02  3.419407E-03  3.148082E-04
   8.600001E+01  2.820000E+02  3.164201E-03  3.023778E-04
   8.600001E+01  2.940000E+02  3.380572E-03  3.129742E-04
   8.600001E+01  3.060000E+02  3.354446E-03  3.117561E-04
   8.600001E+01  3.180000E+02  3.635883E-03  3.247147E-04
   8.600001E+01  3.300000E+02  3.365991E-03  3.123577E-04
   8.600001E+01  3.420000E+02  3.333437E-03  3.105198E-04
   8.600001E+01  3.540000E+02  3.263138E-03  3.077059E-04
    
   9.000001E+01  6.000001E+00  2.684148E-04  8.798722E-05
   9.000001E+01  1.800000E+01  3.313562E-04  9.776344E-05
   9.000001E+01  3.000000E+01  3.012239E-04  9.325866E-05
   9.000001E+01  4.200000E+01  2.977335E-04  9.274382E-05
   9.000001E+01  5.400001E+01  2.762060E-04  8.907368E-05
   9.000001E+01  6.600001E+01  2.978488E-04  9.274448E-05
   9.000001E+01  7.800001E+01  3.435749E-04  9.969411E-05
   9.000001E+01  9.000001E+01  2.376914E-04  8.239239E-05
   9.000001E+01  1.020000E+02  2.729480E-04  8.853588E-05
   9.000001E+01  1.140000E+02  2.877280E-04  9.118453E-05
   9.000001E+01  1.260000E+02  3.121582E-04  9.478895E-05
   9.000001E+01  1.380000E+02  2.834171E-04  9.014369E-05
   9.000001E+01  1.500000E+02  2.615503E-04  8.689275E-05
   9.000001E+01  1.620000E+02  3.405490E-04  9.921512E-05
   9.000001E+01  1.740000E+02  3.054104E-04  9.377455E-05
   9.000001E+01  1.860000E+02  2.649244E-04  8.744135E-05
   9.000001E+01  1.980000E+02  2.947074E-04  9.222874E-05
   9.000001E+01  2.100000E+02  2.628262E-04  8.690043E-05
   9.000001E+01  2.220000E+02  3.118082E-04  9.478703E-05
   9.000001E+01  2.340000E+02  2.880759E-04  9.118653E-05
   9.000001E+01  2.460000E+02  2.567743E-04  8.579704E-05
   9.000001E+01  2.580000E+02  2.948235E-04  9.222940E-05
   9.000001E+01  2.700000E+02  3.378715E-04  9.873564E-05
   9.000001E+01  2.820000E+02  3.211195E-04  9.628422E-05
   9.000001E+01  2.940000E+02  2.607376E-04  8.688787E-05
   9.000001E+01  3.060000E+02  2.656197E-04  8.744551E-05
   9.000001E+01  3.180000E+02  2.762068E-04  8.907368E-05
   9.000001E+01  3.300000E+02  2.880771E-04  9.118653E-05
   9.000001E+01  3.420000E+02  2.700386E-04  8.799686E-05
   9.000001E+01  3.540000E+02  2.467694E-04  8.410906E-05
    
   9.400001E+01  6.000001E+00  1.000000E-35  1.000000E-35
   9.400001E+01  1.800000E+01  1.000000E-35  1.000000E-35
   9.400001E+01  3.000000E+01  1.000000E-35  1.000000E-35
   9.400001E+01  4.200000E+01  1.000000E-35  1.000000E-35
   9.400001E+01  5.400001E+01  1.000000E-35  1.000000E-35
   9.400001E+01  6.600001E+01  1.000000E-35  1.000000E-35
   9.400001E+01  7.800001E+01  1.000000E-35  1.000000E-35
   9.400001E+01  9.000001E+01  1.000000E-35  1.000000E-35
   9.400001E+01  1.020000E+02  1.000000E-35  1.000000E-35
   9.400001E+01  1.140000E+02  1.000000E-35  1.000000E-35
   9.400001E+01  1.260000E+02  1.000000E-35  1.000000E-35
   9.400001E+01  1.380000E+02  1.000000E-35  1.000000E-35
   9.400001E+01  1.500000E+02  1.000000E-35  1.000000E-35
   9.400001E+01  1.620000E+02  1.000000E-35  1.000000E-35
   9.400001E+01  1.740000E+02  1.000000E-35  1.000000E-35
   9.400001E+01  1.860000E+02  1.000000E-35  1.000000E-35
   9.400001E+01  1.980000E+02  1.000000E-35  1.000000E-35
   9.400001E+01  2.100000E+02  1.000000E-35  1.000000E-35
   9.400001E+01  2.220000E+02  1.000000E-35  1.000000E-35
   9.400001E+01  2.340000E+02  1.000000E-35  1.000000E-35
   9.400001E+01  2.460000E+02  1.000000E-35  1.000000E-35
   9.400001E+01  2.580000E+02  1.000000E-35  1.000000E-35
   9.400001E+01  2.700000E+02  1.000000E-35  1.000000E-35
   9.400001E+01  2.820000E+02  1.000000E-35  1.000000E-35
   9.400001E+01  2.940000E+02  1.000000E-35  1.000000E-35
   9.400001E+01  3.060000E+02  1.000000E-35  1.000000E-35
   9.400001E+01  3.180000E+02  1.000000E-35  1.000000E-35
   9.400001E+01  3.300000E+02  1.000000E-35  1.000000E-35
   9.400001E+01  3.420000E+02  1.000000E-35  1.000000E-35
   9.400001E+01  3.540000E+02  1.000000E-35  1.000000E-35
    
   9.800001E+01  6.000001E+00  1.000000E-35  1.000000E-35
   9.800001E+01  1.800000E+01  1.000000E-35  1.000000E-35
   9.800001E+01  3.000000E+01  1.000000E-35  1.000000E-35
   9.800001E+01  4.200000E+01  1.000000E-35  1.000000E-35
   9.800001E+01  5.400001E+01  1.000000E-35  1.000000E-35
   9.800001E+01  6.600001E+01  1.000000E-35  1.000000E-35
   9.800001E+01  7.800001E+01  1.000000E-35  1.000000E-35
   9.800001E+01  9.000001E+01  1.000000E-35  1.000000E-35
   9.800001E+01  1.020000E+02  1.000000E-35  1.000000E-35
   9.800001E+01  1.140000E+02  1.000000E-35  1.000000E-35
   9.800001E+01  1.260000E+02  1.000000E-35  1.000000E-35
   9.800001E+01  1.380000E+02  1.000000E-35  1.000000E-35
   9.800001E+01  1.500000E+02  1.000000E-35  1.000000E-35
   9.800001E+01  1.620000E+02  1.000000E-35  1.000000E-35
   9.800001E+01  1.740000E+02  1.000000E-35  1.000000E-35
   9.800001E+01  1.860000E+02  1.000000E-35  1.000000E-35
   9.800001E+01  1.980000E+02  1.000000E-35  1.000000E-35
   9.800001E+01  2.100000E+02  1.000000E-35  1.000000E-35
   9.800001E+01  2.220000E+02  1.000000E-35  1.000000E-35
   9.800001E+01  2.340000E+02  1.000000E-35  1.000000E-35
   9.800001E+01  2.460000E+02  1.000000E-35  1.000000E-35
   9.800001E+01  2.580000E+02  1.000000E-35  1.000000E-35
   9.800001E+01  2.700000E+02  1.000000E-35  1.000000E-35
   9.800001E+01  2.820000E+02  1.000000E-35  1.000000E-35
   9.800001E+01  2.940000E+02  1.000000E-35  1.000000E-35
   9.800001E+01  3.060000E+02  1.000000E-35  1.000000E-35
   9.800001E+01  3.180000E+02  1.000000E-35  1.000000E-35
   9.800001E+01  3.300000E+02  1.000000E-35  1.000000E-35
   9.800001E+01  3.420000E+02  1.000000E-35  1.000000E-35
   9.800001E+01  3.540000E+02  1.000000E-35  1.000000E-35
    
   1.020000E+02  6.000001E+00  1.000000E-35  1.000000E-35
   1.020000E+02  1.800000E+01  1.000000E-35  1.000000E-35
   1.020000E+02  3.000000E+01  1.000000E-35  1.000000E-35
   1.020000E+02  4.200000E+01  1.000000E-35  1.000000E-35
   1.020000E+02  5.400001E+01  1.000000E-35  1.000000E-35
   1.020000E+02  6.600001E+01  1.000000E-35  1.000000E-35
   1.020000E+02  7.800001E+01  1.000000E-35  1.000000E-35
   1.020000E+02  9.000001E+01  1.000000E-35  1.000000E-35
   1.020000E+02  1.020000E+02  1.000000E-35  1.000000E-35
   1.020000E+02  1.140000E+02  1.000000E-35  1.000000E-35
   1.020000E+02  1.260000E+02  1.000000E-35  1.000000E-35
   1.020000E+02  1.380000E+02  1.000000E-35  1.000000E-35
   1.020000E+02  1.500000E+02  1.000000E-35  1.000000E-35
   1.020000E+02  1.620000E+02  1.000000E-35  1.000000E-35
   1.020000E+02  1.740000E+02  1.000000E-35  1.000000E-35
   1.020000E+02  1.860000E+02  1.000000E-35  1.000000E-35
   1.020000E+02  1.980000E+02  1.000000E-35  1.000000E-35
   1.020000E+02  2.100000E+02  1.000000E-35  1.000000E-35
   1.020000E+02  2.220000E+02  1.000000E-35  1.000000E-35
   1.020000E+02  2.340000E+02  1.000000E-35  1.000000E-35
   1.020000E+02  2.460000E+02  1.000000E-35  1.000000E-35
   1.020000E+02  2.580000E+02  1.000000E-35  1.000000E-35
   1.020000E+02  2.700000E+02  1.000000E-35  1.000000E-35
   1.020000E+02  2.820000E+02  1.000000E-35  1.000000E-35
   1.020000E+02  2.940000E+02  1.000000E-35  1.000000E-35
   1.020000E+02  3.060000E+02  1.000000E-35  1.000000E-35
   1.020000E+02  3.180000E+02  1.000000E-35  1.000000E-35
   1.020000E+02  3.300000E+02  1.000000E-35  1.000000E-35
   1.020000E+02  3.420000E+02  1.000000E-35  1.000000E-35
   1.020000E+02  3.540000E+02  1.000000E-35  1.000000E-35
    
   1.060000E+02  6.000001E+00  1.000000E-35  1.000000E-35
   1.060000E+02  1.800000E+01  1.000000E-35  1.000000E-35
   1.060000E+02  3.000000E+01  1.000000E-35  1.000000E-35
   1.060000E+02  4.200000E+01  1.000000E-35  1.000000E-35
   1.060000E+02  5.400001E+01  1.000000E-35  1.000000E-35
   1.060000E+02  6.600001E+01  1.000000E-35  1.000000E-35
   1.060000E+02  7.800001E+01  1.000000E-35  1.000000E-35
   1.060000E+02  9.000001E+01  1.000000E-35  1.000000E-35
   1.060000E+02  1.020000E+02  1.000000E-35  1.000000E-35
   1.060000E+02  1.140000E+02  1.000000E-35  1.000000E-35
   1.060000E+02  1.260000E+02  1.000000E-35  1.000000E-35
   1.060000E+02  1.380000E+02  1.000000E-35  1.000000E-35
   1.060000E+02  1.500000E+02  1.000000E-35  1.000000E-35
   1.060000E+02  1.620000E+02  1.000000E-35  1.000000E-35
   1.060000E+02  1.740000E+02  1.000000E-35  1.000000E-35
   1.060000E+02  1.860000E+02  1.000000E-35  1.000000E-35
   1.060000E+02  1.980000E+02  1.000000E-35  1.000000E-35
   1.060000E+02  2.100000E+02  1.000000E-35  1.000000E-35
   1.060000E+02  2.220000E+02  1.000000E-35  1.000000E-35
   1.060000E+02  2.340000E+02  1.000000E-35  1.000000E-35
   1.060000E+02  2.460000E+02  1.000000E-35  1.000000E-35
   1.060000E+02  2.580000E+02  1.000000E-35  1.000000E-35
   1.060000E+02  2.700000E+02  1.000000E-35  1.000000E-35
   1.060000E+02  2.820000E+02  1.000000E-35  1.000000E-35
   1.060000E+02  2.940000E+02  1.000000E-35  1.000000E-35
   1.060000E+02  3.060000E+02  1.000000E-35  1.000000E-35
   1.060000E+02  3.180000E+02  1.000000E-35  1.000000E-35
   1.060000E+02  3.300000E+02  1.000000E-35  1.000000E-35
   1.060000E+02  3.420000E+02  1.000000E-35  1.000000E-35
   1.060000E+02  3.540000E+02  1.000000E-35  1.000000E-35
    
   1.100000E+02  6.000001E+00  1.000000E-35  1.000000E-35
   1.100000E+02  1.800000E+01  1.000000E-35  1.000000E-35
   1.100000E+02  3.000000E+01  1.000000E-35  1.000000E-35
   1.100000E+02  4.200000E+01  1.000000E-35  1.000000E-35
   1.100000E+02  5.400001E+01  1.000000E-35  1.000000E-35
   1.100000E+02  6.600001E+01  1.000000E-35  1.000000E-35
   1.100000E+02  7.800001E+01  1.000000E-35  1.000000E-35
   1.100000E+02  9.000001E+01  1.000000E-35  1.000000E-35
   1.100000E+02  1.020000E+02  1.000000E-35  1.000000E-35
   1.100000E+02  1.140000E+02  1.000000E-35  1.000000E-35
   1.100000E+02  1.260000E+02  1.000000E-35  1.000000E-35
   1.100000E+02  1.380000E+02  1.000000E-35  1.000000E-35
   1.100000E+02  1.500000E+02  1.000000E-35  1.000000E-35
   1.100000E+02  1.620000E+02  1.000000E-35  1.000000E-35
   1.100000E+02  1.740000E+02  1.000000E-35  1.000000E-35
   1.100000E+02  1.860000E+02  1.000000E-35  1.000000E-35
   1.100000E+02  1.980000E+02  1.000000E-35  1.000000E-35
   1.100000E+02  2.100000E+02  1.000000E-35  1.000000E-35
   1.100000E+02  2.220000E+02  1.000000E-35  1.000000E-35
   1.100000E+02  2.340000E+02  1.000000E-35  1.000000E-35
   1.100000E+02  2.460000E+02  1.000000E-35  1.000000E-35
   1.100000E+02  2.580000E+02  1.000000E-35  1.000000E-35
   1.100000E+02  2.700000E+02  1.000000E-35  1.000000E-35
   1.100000E+02  2.820000E+02  1.000000E-35  1.000000E-35
   1.100000E+02  2.940000E+02  1.000000E-35  1.000000E-35
   1.100000E+02  3.060000E+02  1.000000E-35  1.000000E-35
   1.100000E+02  3.180000E+02  1.000000E-35  1.000000E-35
   1.100000E+02  3.300000E+02  1.000000E-35  1.000000E-35
   1.100000E+02  3.420000E+02  1.000000E-35  1.000000E-35
   1.100000E+02  3.540000E+02  1.000000E-35  1.000000E-35
    
   1.140000E+02  6.000001E+00  1.000000E-35  1.000000E-35
   1.140000E+02  1.800000E+01  1.000000E-35  1.000000E-35
   1.140000E+02  3.000000E+01  1.000000E-35  1.000000E-35
   1.140000E+02  4.200000E+01  1.000000E-35  1.000000E-35
   1.140000E+02  5.400001E+01  1.000000E-35  1.000000E-35
   1.140000E+02  6.600001E+01  1.000000E-35  1.000000E-35
   1.140000E+02  7.800001E+01  1.000000E-35  1.000000E-35
   1.140000E+02  9.000001E+01  1.000000E-35  1.000000E-35
   1.140000E+02  1.020000E+02  1.000000E-35  1.000000E-35
   1.140000E+02  1.140000E+02  1.000000E-35  1.000000E-35
   1.140000E+02  1.260000E+02  1.000000E-35  1.000000E-35
   1.140000E+02  1.380000E+02  1.000000E-35  1.000000E-35
   1.140000E+02  1.500000E+02  1.000000E-35  1.000000E-35
   1.140000E+02  1.620000E+02  1.000000E-35  1.000000E-35
   1.140000E+02  1.740000E+02  1.000000E-35  1.000000E-35
   1.140000E+02  1.860000E+02  1.000000E-35  1.000000E-35
   1.140000E+02  1.980000E+02  1.000000E-35  1.000000E-35
   1.140000E+02  2.100000E+02  1.000000E-35  1.000000E-35
   1.140000E+02  2.220000E+02  1.000000E-35  1.000000E-35
   1.140000E+02  2.340000E+02  1.000000E-35  1.000000E-35
   1.140000E+02  2.460000E+02  1.000000E-35  1.000000E-35
   1.140000E+02  2.580000E+02  1.000000E-35  1.000000E-35
   1.140000E+02  2.700000E+02  1.000000E-35  1.000000E-35
   1.140000E+02  2.820000E+02  1.000000E-35  1.000000E-35
   1.140000E+02  2.940000E+02  1.000000E-35  1.000000E-35
   1.140000E+02  3.060000E+02  1.000000E-35  1.000000E-35
   1.140000E+02  3.180000E+02  1.000000E-35  1.000000E-35
   1.140000E+02  3.300000E+02  1.000000E-35  1.000000E-35
   1.140000E+02  3.420000E+02  1.000000E-35  1.000000E-35
   1.140000E+02  3.540000E+02  1.000000E-35  1.000000E-35
    
   1.180000E+02  6.000001E+00  1.000000E-35  1.000000E-35
   1.180000E+02  1.800000E+01  1.000000E-35  1.000000E-35
   1.180000E+02  3.000000E+01  1.000000E-35  1.000000E-35
   1.180000E+02  4.200000E+01  1.000000E-35  1.000000E-35
   1.180000E+02  5.400001E+01  1.000000E-35  1.000000E-35
   1.180000E+02  6.600001E+01  1.000000E-35  1.000000E-35
   1.180000E+02  7.800001E+01  1.000000E-35  1.000000E-35
   1.180000E+02  9.000001E+01  1.000000E-35  1.000000E-35
   1.180000E+02  1.020000E+02  1.000000E-35  1.000000E-35
   1.180000E+02  1.140000E+02  1.000000E-35  1.000000E-35
   1.180000E+02  1.260000E+02  1.000000E-35  1.000000E-35
   1.180000E+02  1.380000E+02  1.000000E-35  1.000000E-35
   1.180000E+02  1.500000E+02  1.000000E-35  1.000000E-35
   1.180000E+02  1.620000E+02  1.000000E-35  1.000000E-35
   1.180000E+02  1.740000E+02  1.000000E-35  1.000000E-35
   1.180000E+02  1.860000E+02  1.000000E-35  1.000000E-35
   1.180000E+02  1.980000E+02  1.000000E-35  1.000000E-35
   1.180000E+02  2.100000E+02  1.000000E-35  1.000000E-35
   1.180000E+02  2.220000E+02  1.000000E-35  1.000000E-35
   1.180000E+02  2.340000E+02  1.000000E-35  1.000000E-35
   1.180000E+02  2.460000E+02  1.000000E-35  1.000000E-35
   1.180000E+02  2.580000E+02  1.000000E-35  1.000000E-35
   1.180000E+02  2.700000E+02  1.000000E-35  1.000000E-35
   1.180000E+02  2.820000E+02  1.000000E-35  1.000000E-35
   1.180000E+02  2.940000E+02  1.000000E-35  1.000000E-35
   1.180000E+02  3.060000E+02  1.000000E-35  1.000000E-35
   1.180000E+02  3.180000E+02  1.000000E-35  1.000000E-35
   1.180000E+02  3.300000E+02  1.000000E-35  1.000000E-35
   1.180000E+02  3.420000E+02  1.000000E-35  1.000000E-35
   1.180000E+02  3.540000E+02  1.000000E-35  1.000000E-35
    
   1.220000E+02  6.000001E+00  1.000000E-35  1.000000E-35
   1.220000E+02  1.800000E+01  1.000000E-35  1.000000E-35
   1.220000E+02  3.000000E+01  1.000000E-35  1.000000E-35
   1.220000E+02  4.200000E+01  1.000000E-35  1.000000E-35
   1.220000E+02  5.400001E+01  1.000000E-35  1.000000E-35
   1.220000E+02  6.600001E+01  1.000000E-35  1.000000E-35
   1.220000E+02  7.800001E+01  1.000000E-35  1.000000E-35
   1.220000E+02  9.000001E+01  1.000000E-35  1.000000E-35
   1.220000E+02  1.020000E+02  1.000000E-35  1.000000E-35
   1.220000E+02  1.140000E+02  1.000000E-35  1.000000E-35
   1.220000E+02  1.260000E+02  1.000000E-35  1.000000E-35
   1.220000E+02  1.380000E+02  1.000000E-35  1.000000E-35
   1.220000E+02  1.500000E+02  1.000000E-35  1.000000E-35
   1.220000E+02  1.620000E+02  1.000000E-35  1.000000E-35
   1.220000E+02  1.740000E+02  1.000000E-35  1.000000E-35
   1.220000E+02  1.860000E+02  1.000000E-35  1.000000E-35
   1.220000E+02  1.980000E+02  1.000000E-35  1.000000E-35
   1.220000E+02  2.100000E+02  1.000000E-35  1.000000E-35
   1.220000E+02  2.220000E+02  1.000000E-35  1.000000E-35
   1.220000E+02  2.340000E+02  1.000000E-35  1.000000E-35
   1.220000E+02  2.460000E+02  1.000000E-35  1.000000E-35
   1.220000E+02  2.580000E+02  1.000000E-35  1.000000E-35
   1.220000E+02  2.700000E+02  1.000000E-35  1.000000E-35
   1.220000E+02  2.820000E+02  1.000000E-35  1.000000E-35
   1.220000E+02  2.940000E+02  1.000000E-35  1.000000E-35
   1.220000E+02  3.060000E+02  1.000000E-35  1.000000E-35
   1.220000E+02  3.180000E+02  1.000000E-35  1.000000E-35
   1.220000E+02  3.300000E+02  1.000000E-35  1.000000E-35
   1.220000E+02  3.420000E+02  1.000000E-35  1.000000E-35
   1.220000E+02  3.540000E+02  1.000000E-35  1.000000E-35
    
   1.260000E+02  6.000001E+00  1.000000E-35  1.000000E-35
   1.260000E+02  1.800000E+01  1.000000E-35  1.000000E-35
   1.260000E+02  3.000000E+01  1.000000E-35  1.000000E-35
   1.260000E+02  4.200000E+01  1.000000E-35  1.000000E-35
   1.260000E+02  5.400001E+01  1.000000E-35  1.000000E-35
   1.260000E+02  6.600001E+01  1.000000E-35  1.000000E-35
   1.260000E+02  7.800001E+01  1.000000E-35  1.000000E-35
   1.260000E+02  9.000001E+01  1.000000E-35  1.000000E-35
   1.260000E+02  1.020000E+02  1.000000E-35  1.000000E-35
   1.260000E+02  1.140000E+02  1.000000E-35  1.000000E-35
   1.260000E+02  1.260000E+02  1.000000E-35  1.000000E-35
   1.260000E+02  1.380000E+02  1.000000E-35  1.000000E-35
   1.260000E+02  1.500000E+02  1.000000E-35  1.000000E-35
   1.260000E+02  1.620000E+02  1.000000E-35  1.000000E-35
   1.260000E+02  1.740000E+02  1.000000E-35  1.000000E-35
   1.260000E+02  1.860000E+02  1.000000E-35  1.000000E-35
   1.260000E+02  1.980000E+02  1.000000E-35  1.000000E-35
   1.260000E+02  2.100000E+02  1.000000E-35  1.000000E-35
   1.260000E+02  2.220000E+02  1.000000E-35  1.000000E-35
   1.260000E+02  2.340000E+02  1.000000E-35  1.000000E-35
   1.260000E+02  2.460000E+02  1.000000E-35  1.000000E-35
   1.260000E+02  2.580000E+02  1.000000E-35  1.000000E-35
   1.260000E+02  2.700000E+02  1.000000E-35  1.000000E-35
   1.260000E+02  2.820000E+02  1.000000E-35  1.000000E-35
   1.260000E+02  2.940000E+02  1.000000E-35  1.000000E-35
   1.260000E+02  3.060000E+02  1.000000E-35  1.000000E-35
   1.260000E+02  3.180000E+02  1.000000E-35  1.000000E-35
   1.260000E+02  3.300000E+02  1.000000E-35  1.000000E-35
   1.260000E+02  3.420000E+02  1.000000E-35  1.000000E-35
   1.260000E+02  3.540000E+02  1.000000E-35  1.000000E-35
    
   1.300000E+02  6.000001E+00  1.000000E-35  1.000000E-35
   1.300000E+02  1.800000E+01  1.000000E-35  1.000000E-35
   1.300000E+02  3.000000E+01  1.000000E-35  1.000000E-35
   1.300000E+02  4.200000E+01  1.000000E-35  1.000000E-35
   1.300000E+02  5.400001E+01  1.000000E-35  1.000000E-35
   1.300000E+02  6.600001E+01  1.000000E-35  1.000000E-35
   1.300000E+02  7.800001E+01  1.000000E-35  1.000000E-35
   1.300000E+02  9.000001E+01  1.000000E-35  1.000000E-35
   1.300000E+02  1.020000E+02  1.000000E-35  1.000000E-35
   1.300000E+02  1.140000E+02  1.000000E-35  1.000000E-35
   1.300000E+02  1.260000E+02  1.000000E-35  1.000000E-35
   1.300000E+02  1.380000E+02  1.000000E-35  1.000000E-35
   1.300000E+02  1.500000E+02  1.000000E-35  1.000000E-35
   1.300000E+02  1.620000E+02  1.000000E-35  1.000000E-35
   1.300000E+02  1.740000E+02  1.000000E-35  1.000000E-35
   1.300000E+02  1.860000E+02  1.000000E-35  1.000000E-35
   1.300000E+02  1.980000E+02  1.000000E-35  1.000000E-35
   1.300000E+02  2.100000E+02  1.000000E-35  1.000000E-35
   1.300000E+02  2.220000E+02  1.000000E-35  1.000000E-35
   1.300000E+02  2.340000E+02  1.000000E-35  1.000000E-35
   1.300000E+02  2.460000E+02  1.000000E-35  1.000000E-35
   1.300000E+02  2.580000E+02  1.000000E-35  1.000000E-35
   1.300000E+02  2.700000E+02  1.000000E-35  1.000000E-35
   1.300000E+02  2.820000E+02  1.000000E-35  1.000000E-35
   1.300000E+02  2.940000E+02  1.000000E-35  1.000000E-35
   1.300000E+02  3.060000E+02  1.000000E-35  1.000000E-35
   1.300000E+02  3.180000E+02  1.000000E-35  1.000000E-35
   1.300000E+02  3.300000E+02  1.000000E-35  1.000000E-35
   1.300000E+02  3.420000E+02  1.000000E-35  1.000000E-35
   1.300000E+02  3.540000E+02  1.000000E-35  1.000000E-35
    
   1.340000E+02  6.000001E+00  1.000000E-35  1.000000E-35
   1.340000E+02  1.800000E+01  1.000000E-35  1.000000E-35
   1.340000E+02  3.000000E+01  1.000000E-35  1.000000E-35
   1.340000E+02  4.200000E+01  1.000000E-35  1.000000E-35
   1.340000E+02  5.400001E+01  1.000000E-35  1.000000E-35
   1.340000E+02  6.600001E+01  1.000000E-35  1.000000E-35
   1.340000E+02  7.800001E+01  1.000000E-35  1.000000E-35
   1.340000E+02  9.000001E+01  1.000000E-35  1.000000E-35
   1.340000E+02  1.020000E+02  1.000000E-35  1.000000E-35
   1.340000E+02  1.140000E+02  1.000000E-35  1.000000E-35
   1.340000E+02  1.260000E+02  1.000000E-35  1.000000E-35
   1.340000E+02  1.380000E+02  1.000000E-35  1.000000E-35
   1.340000E+02  1.500000E+02  1.000000E-35  1.000000E-35
   1.340000E+02  1.620000E+02  1.000000E-35  1.000000E-35
   1.340000E+02  1.740000E+02  1.000000E-35  1.000000E-35
   1.340000E+02  1.860000E+02  1.000000E-35  1.000000E-35
   1.340000E+02  1.980000E+02  1.000000E-35  1.000000E-35
   1.340000E+02  2.100000E+02  1.000000E-35  1.000000E-35
   1.340000E+02  2.220000E+02  1.000000E-35  1.000000E-35
   1.340000E+02  2.340000E+02  1.000000E-35  1.000000E-35
   1.340000E+02  2.460000E+02  1.000000E-35  1.000000E-35
   1.340000E+02  2.580000E+02  1.000000E-35  1.000000E-35
   1.340000E+02  2.700000E+02  1.000000E-35  1.000000E-35
   1.340000E+02  2.820000E+02  1.000000E-35  1.000000E-35
   1.340000E+02  2.940000E+02  1.000000E-35  1.000000E-35
   1.340000E+02  3.060000E+02  1.000000E-35  1.000000E-35
   1.340000E+02  3.180000E+02  1.000000E-35  1.000000E-35
   1.340000E+02  3.300000E+02  1.000000E-35  1.000000E-35
   1.340000E+02  3.420000E+02  1.000000E-35  1.000000E-35
   1.340000E+02  3.540000E+02  1.000000E-35  1.000000E-35
    
   1.380000E+02  6.000001E+00  1.000000E-35  1.000000E-35
   1.380000E+02  1.800000E+01  1.000000E-35  1.000000E-35
   1.380000E+02  3.000000E+01  1.000000E-35  1.000000E-35
   1.380000E+02  4.200000E+01  1.000000E-35  1.000000E-35
   1.380000E+02  5.400001E+01  1.000000E-35  1.000000E-35
   1.380000E+02  6.600001E+01  1.000000E-35  1.000000E-35
   1.380000E+02  7.800001E+01  1.000000E-35  1.000000E-35
   1.380000E+02  9.000001E+01  1.000000E-35  1.000000E-35
   1.380000E+02  1.020000E+02  1.000000E-35  1.000000E-35
   1.380000E+02  1.140000E+02  1.000000E-35  1.000000E-35
   1.380000E+02  1.260000E+02  1.000000E-35  1.000000E-35
   1.380000E+02  1.380000E+02  1.000000E-35  1.000000E-35
   1.380000E+02  1.500000E+02  1.000000E-35  1.000000E-35
   1.380000E+02  1.620000E+02  1.000000E-35  1.000000E-35
   1.380000E+02  1.740000E+02  1.000000E-35  1.000000E-35
   1.380000E+02  1.860000E+02  1.000000E-35  1.000000E-35
   1.380000E+02  1.980000E+02  1.000000E-35  1.000000E-35
   1.380000E+02  2.100000E+02  1.000000E-35  1.000000E-35
   1.380000E+02  2.220000E+02  1.000000E-35  1.000000E-35
   1.380000E+02  2.340000E+02  1.000000E-35  1.000000E-35
   1.380000E+02  2.460000E+02  1.000000E-35  1.000000E-35
   1.380000E+02  2.580000E+02  1.000000E-35  1.000000E-35
   1.380000E+02  2.700000E+02  1.000000E-35  1.000000E-35
   1.380000E+02  2.820000E+02  1.000000E-35  1.000000E-35
   1.380000E+02  2.940000E+02  1.000000E-35  1.000000E-35
   1.380000E+02  3.060000E+02  1.000000E-35  1.000000E-35
   1.380000E+02  3.180000E+02  1.000000E-35  1.000000E-35
   1.380000E+02  3.300000E+02  1.000000E-35  1.000000E-35
   1.380000E+02  3.420000E+02  1.000000E-35  1.000000E-35
   1.380000E+02  3.540000E+02  1.000000E-35  1.000000E-35
    
   1.420000E+02  6.000001E+00  1.000000E-35  1.000000E-35
   1.420000E+02  1.800000E+01  1.000000E-35  1.000000E-35
   1.420000E+02  3.000000E+01  1.000000E-35  1.000000E-35
   1.420000E+02  4.200000E+01  1.000000E-35  1.000000E-35
   1.420000E+02  5.400001E+01  1.000000E-35  1.000000E-35
   1.420000E+02  6.600001E+01  1.000000E-35  1.000000E-35
   1.420000E+02  7.800001E+01  1.000000E-35  1.000000E-35
   1.420000E+02  9.000001E+01  1.000000E-35  1.000000E-35
   1.420000E+02  1.020000E+02  1.000000E-35  1.000000E-35
   1.420000E+02  1.140000E+02  1.000000E-35  1.000000E-35
   1.420000E+02  1.260000E+02  1.000000E-35  1.000000E-35
   1.420000E+02  1.380000E+02  1.000000E-35  1.000000E-35
   1.420000E+02  1.500000E+02  1.000000E-35  1.000000E-35
   1.420000E+02  1.620000E+02  1.000000E-35  1.000000E-35
   1.420000E+02  1.740000E+02  1.000000E-35  1.000000E-35
   1.420000E+02  1.860000E+02  1.000000E-35  1.000000E-35
   1.420000E+02  1.980000E+02  1.000000E-35  1.000000E-35
   1.420000E+02  2.100000E+02  1.000000E-35  1.000000E-35
   1.420000E+02  2.220000E+02  1.000000E-35  1.000000E-35
   1.420000E+02  2.340000E+02  1.000000E-35  1.000000E-35
   1.420000E+02  2.460000E+02  1.000000E-35  1.000000E-35
   1.420000E+02  2.580000E+02  1.000000E-35  1.000000E-35
   1.420000E+02  2.700000E+02  1.000000E-35  1.000000E-35
   1.420000E+02  2.820000E+02  1.000000E-35  1.000000E-35
   1.420000E+02  2.940000E+02  1.000000E-35  1.000000E-35
   1.420000E+02  3.060000E+02  1.000000E-35  1.000000E-35
   1.420000E+02  3.180000E+02  1.000000E-35  1.000000E-35
   1.420000E+02  3.300000E+02  1.000000E-35  1.000000E-35
   1.420000E+02  3.420000E+02  1.000000E-35  1.000000E-35
   1.420000E+02  3.540000E+02  1.000000E-35  1.000000E-35
    
   1.460000E+02  6.000001E+00  1.000000E-35  1.000000E-35
   1.460000E+02  1.800000E+01  1.000000E-35  1.000000E-35
   1.460000E+02  3.000000E+01  1.000000E-35  1.000000E-35
   1.460000E+02  4.200000E+01  1.000000E-35  1.000000E-35
   1.460000E+02  5.400001E+01  1.000000E-35  1.000000E-35
   1.460000E+02  6.600001E+01  1.000000E-35  1.000000E-35
   1.460000E+02  7.800001E+01  1.000000E-35  1.000000E-35
   1.460000E+02  9.000001E+01  1.000000E-35  1.000000E-35
   1.460000E+02  1.020000E+02  1.000000E-35  1.000000E-35
   1.460000E+02  1.140000E+02  1.000000E-35  1.000000E-35
   1.460000E+02  1.260000E+02  1.000000E-35  1.000000E-35
   1.460000E+02  1.380000E+02  1.000000E-35  1.000000E-35
   1.460000E+02  1.500000E+02  1.000000E-35  1.000000E-35
   1.460000E+02  1.620000E+02  1.000000E-35  1.000000E-35
   1.460000E+02  1.740000E+02  1.000000E-35  1.000000E-35
   1.460000E+02  1.860000E+02  1.000000E-35  1.000000E-35
   1.460000E+02  1.980000E+02  1.000000E-35  1.000000E-35
   1.460000E+02  2.100000E+02  1.000000E-35  1.000000E-35
   1.460000E+02  2.220000E+02  1.000000E-35  1.000000E-35
   1.460000E+02  2.340000E+02  1.000000E-35  1.000000E-35
   1.460000E+02  2.460000E+02  1.000000E-35  1.000000E-35
   1.460000E+02  2.580000E+02  1.000000E-35  1.000000E-35
   1.460000E+02  2.700000E+02  1.000000E-35  1.000000E-35
   1.460000E+02  2.820000E+02  1.000000E-35  1.000000E-35
   1.460000E+02  2.940000E+02  1.000000E-35  1.000000E-35
   1.460000E+02  3.060000E+02  1.000000E-35  1.000000E-35
   1.460000E+02  3.180000E+02  1.000000E-35  1.000000E-35
   1.460000E+02  3.300000E+02  1.000000E-35  1.000000E-35
   1.460000E+02  3.420000E+02  1.000000E-35  1.000000E-35
   1.460000E+02  3.540000E+02  1.000000E-35  1.000000E-35
    
   1.500000E+02  6.000001E+00  1.000000E-35  1.000000E-35
   1.500000E+02  1.800000E+01  1.000000E-35  1.000000E-35
   1.500000E+02  3.000000E+01  1.000000E-35  1.000000E-35
   1.500000E+02  4.200000E+01  1.000000E-35  1.000000E-35
   1.500000E+02  5.400001E+01  1.000000E-35  1.000000E-35
   1.500000E+02  6.600001E+01  1.000000E-35  1.000000E-35
   1.500000E+02  7.800001E+01  1.000000E-35  1.000000E-35
   1.500000E+02  9.000001E+01  1.000000E-35  1.000000E-35
   1.500000E+02  1.020000E+02  1.000000E-35  1.000000E-35
   1.500000E+02  1.140000E+02  1.000000E-35  1.000000E-35
   1.500000E+02  1.260000E+02  1.000000E-35  1.000000E-35
   1.500000E+02  1.380000E+02  1.000000E-35  1.000000E-35
   1.500000E+02  1.500000E+02  1.000000E-35  1.000000E-35
   1.500000E+02  1.620000E+02  1.000000E-35  1.000000E-35
   1.500000E+02  1.740000E+02  1.000000E-35  1.000000E-35
   1.500000E+02  1.860000E+02  1.000000E-35  1.000000E-35
   1.500000E+02  1.980000E+02  1.000000E-35  1.000000E-35
   1.500000E+02  2.100000E+02  1.000000E-35  1.000000E-35
   1.500000E+02  2.220000E+02  1.000000E-35  1.000000E-35
   1.500000E+02  2.340000E+02  1.000000E-35  1.000000E-35
   1.500000E+02  2.460000E+02  1.000000E-35  1.000000E-35
   1.500000E+02  2.580000E+02  1.000000E-35  1.000000E-35
   1.500000E+02  2.700000E+02  1.000000E-35  1.000000E-35
   1.500000E+02  2.820000E+02  1.000000E-35  1.000000E-35
   1.500000E+02  2.940000E+02  1.000000E-35  1.000000E-35
   1.500000E+02  3.060000E+02  1.000000E-35  1.000000E-35
   1.500000E+02  3.180000E+02  1.000000E-35  1.000000E-35
   1.500000E+02  3.300000E+02  1.000000E-35  1.000000E-35
   1.500000E+02  3.420000E+02  1.000000E-35  1.000000E-35
   1.500000E+02  3.540000E+02  1.000000E-35  1.000000E-35
    
   1.540000E+02  6.000001E+00  1.000000E-35  1.000000E-35
   1.540000E+02  1.800000E+01  1.000000E-35  1.000000E-35
   1.540000E+02  3.000000E+01  1.000000E-35  1.000000E-35
   1.540000E+02  4.200000E+01  1.000000E-35  1.000000E-35
   1.540000E+02  5.400001E+01  1.000000E-35  1.000000E-35
   1.540000E+02  6.600001E+01  1.000000E-35  1.000000E-35
   1.540000E+02  7.800001E+01  1.000000E-35  1.000000E-35
   1.540000E+02  9.000001E+01  1.000000E-35  1.000000E-35
   1.540000E+02  1.020000E+02  1.000000E-35  1.000000E-35
   1.540000E+02  1.140000E+02  1.000000E-35  1.000000E-35
   1.540000E+02  1.260000E+02  1.000000E-35  1.000000E-35
   1.540000E+02  1.380000E+02  1.000000E-35  1.000000E-35
   1.540000E+02  1.500000E+02  1.000000E-35  1.000000E-35
   1.540000E+02  1.620000E+02  1.000000E-35  1.000000E-35
   1.540000E+02  1.740000E+02  1.000000E-35  1.000000E-35
   1.540000E+02  1.860000E+02  1.000000E-35  1.000000E-35
   1.540000E+02  1.980000E+02  1.000000E-35  1.000000E-35
   1.540000E+02  2.100000E+02  1.000000E-35  1.000000E-35
   1.540000E+02  2.220000E+02  1.000000E-35  1.000000E-35
   1.540000E+02  2.340000E+02  1.000000E-35  1.000000E-35
   1.540000E+02  2.460000E+02  1.000000E-35  1.000000E-35
   1.540000E+02  2.580000E+02  1.000000E-35  1.000000E-35
   1.540000E+02  2.700000E+02  1.000000E-35  1.000000E-35
   1.540000E+02  2.820000E+02  1.000000E-35  1.000000E-35
   1.540000E+02  2.940000E+02  1.000000E-35  1.000000E-35
   1.540000E+02  3.060000E+02  1.000000E-35  1.000000E-35
   1.540000E+02  3.180000E+02  1.000000E-35  1.000000E-35
   1.540000E+02  3.300000E+02  1.000000E-35  1.000000E-35
   1.540000E+02  3.420000E+02  1.000000E-35  1.000000E-35
   1.540000E+02  3.540000E+02  1.000000E-35  1.000000E-35
    
   1.580000E+02  6.000001E+00  1.000000E-35  1.000000E-35
   1.580000E+02  1.800000E+01  1.000000E-35  1.000000E-35
   1.580000E+02  3.000000E+01  1.000000E-35  1.000000E-35
   1.580000E+02  4.200000E+01  1.000000E-35  1.000000E-35
   1.580000E+02  5.400001E+01  1.000000E-35  1.000000E-35
   1.580000E+02  6.600001E+01  1.000000E-35  1.000000E-35
   1.580000E+02  7.800001E+01  1.000000E-35  1.000000E-35
   1.580000E+02  9.000001E+01  1.000000E-35  1.000000E-35
   1.580000E+02  1.020000E+02  1.000000E-35  1.000000E-35
   1.580000E+02  1.140000E+02  1.000000E-35  1.000000E-35
   1.580000E+02  1.260000E+02  1.000000E-35  1.000000E-35
   1.580000E+02  1.380000E+02  1.000000E-35  1.000000E-35
   1.580000E+02  1.500000E+02  1.000000E-35  1.000000E-35
   1.580000E+02  1.620000E+02  1.000000E-35  1.000000E-35
   1.580000E+02  1.740000E+02  1.000000E-35  1.000000E-35
   1.580000E+02  1.860000E+02  1.000000E-35  1.000000E-35
   1.580000E+02  1.980000E+02  1.000000E-35  1.000000E-35
   1.580000E+02  2.100000E+02  1.000000E-35  1.000000E-35
   1.580000E+02  2.220000E+02  1.000000E-35  1.000000E-35
   1.580000E+02  2.340000E+02  1.000000E-35  1.000000E-35
   1.580000E+02  2.460000E+02  1.000000E-35  1.000000E-35
   1.580000E+02  2.580000E+02  1.000000E-35  1.000000E-35
   1.580000E+02  2.700000E+02  1.000000E-35  1.000000E-35
   1.580000E+02  2.820000E+02  1.000000E-35  1.000000E-35
   1.580000E+02  2.940000E+02  1.000000E-35  1.000000E-35
   1.580000E+02  3.060000E+02  1.000000E-35  1.000000E-35
   1.580000E+02  3.180000E+02  1.000000E-35  1.000000E-35
   1.580000E+02  3.300000E+02  1.000000E-35  1.000000E-35
   1.580000E+02  3.420000E+02  1.000000E-35  1.000000E-35
   1.580000E+02  3.540000E+02  1.000000E-35  1.000000E-35
    
   1.620000E+02  6.000001E+00  1.000000E-35  1.000000E-35
   1.620000E+02  1.800000E+01  1.000000E-35  1.000000E-35
   1.620000E+02  3.000000E+01  1.000000E-35  1.000000E-35
   1.620000E+02  4.200000E+01  1.000000E-35  1.000000E-35
   1.620000E+02  5.400001E+01  1.000000E-35  1.000000E-35
   1.620000E+02  6.600001E+01  1.000000E-35  1.000000E-35
   1.620000E+02  7.800001E+01  1.000000E-35  1.000000E-35
   1.620000E+02  9.000001E+01  1.000000E-35  1.000000E-35
   1.620000E+02  1.020000E+02  1.000000E-35  1.000000E-35
   1.620000E+02  1.140000E+02  1.000000E-35  1.000000E-35
   1.620000E+02  1.260000E+02  1.000000E-35  1.000000E-35
   1.620000E+02  1.380000E+02  1.000000E-35  1.000000E-35
   1.620000E+02  1.500000E+02  1.000000E-35  1.000000E-35
   1.620000E+02  1.620000E+02  1.000000E-35  1.000000E-35
   1.620000E+02  1.740000E+02  1.000000E-35  1.000000E-35
   1.620000E+02  1.860000E+02  1.000000E-35  1.000000E-35
   1.620000E+02  1.980000E+02  1.000000E-35  1.000000E-35
   1.620000E+02  2.100000E+02  1.000000E-35  1.000000E-35
   1.620000E+02  2.220000E+02  1.000000E-35  1.000000E-35
   1.620000E+02  2.340000E+02  1.000000E-35  1.000000E-35
   1.620000E+02  2.460000E+02  1.000000E-35  1.000000E-35
   1.620000E+02  2.580000E+02  1.000000E-35  1.000000E-35
   1.620000E+02  2.700000E+02  1.000000E-35  1.000000E-35
   1.620000E+02  2.820000E+02  1.000000E-35  1.000000E-35
   1.620000E+02  2.940000E+02  1.000000E-35  1.000000E-35
   1.620000E+02  3.060000E+02  1.000000E-35  1.000000E-35
   1.620000E+02  3.180000E+02  1.000000E-35  1.000000E-35
   1.620000E+02  3.300000E+02  1.000000E-35  1.000000E-35
   1.620000E+02  3.420000E+02  1.000000E-35  1.000000E-35
   1.620000E+02  3.540000E+02  1.000000E-35  1.000000E-35
    
   1.660000E+02  6.000001E+00  1.000000E-35  1.000000E-35
   1.660000E+02  1.800000E+01  1.000000E-35  1.000000E-35
   1.660000E+02  3.000000E+01  1.000000E-35  1.000000E-35
   1.660000E+02  4.200000E+01  1.000000E-35  1.000000E-35
   1.660000E+02  5.400001E+01  1.000000E-35  1.000000E-35
   1.660000E+02  6.600001E+01  1.000000E-35  1.000000E-35
   1.660000E+02  7.800001E+01  1.000000E-35  1.000000E-35
   1.660000E+02  9.000001E+01  1.000000E-35  1.000000E-35
   1.660000E+02  1.020000E+02  1.000000E-35  1.000000E-35
   1.660000E+02  1.140000E+02  1.000000E-35  1.000000E-35
   1.660000E+02  1.260000E+02  1.000000E-35  1.000000E-35
   1.660000E+02  1.380000E+02  1.000000E-35  1.000000E-35
   1.660000E+02  1.500000E+02  1.000000E-35  1.000000E-35
   1.660000E+02  1.620000E+02  1.000000E-35  1.000000E-35
   1.660000E+02  1.740000E+02  1.000000E-35  1.000000E-35
   1.660000E+02  1.860000E+02  1.000000E-35  1.000000E-35
   1.660000E+02  1.980000E+02  1.000000E-35  1.000000E-35
   1.660000E+02  2.100000E+02  1.000000E-35  1.000000E-35
   1.660000E+02  2.220000E+02  1.000000E-35  1.000000E-35
   1.660000E+02  2.340000E+02  1.000000E-35  1.000000E-35
   1.660000E+02  2.460000E+02  1.000000E-35  1.000000E-35
   1.660000E+02  2.580000E+02  1.000000E-35  1.000000E-35
   1.660000E+02  2.700000E+02  1.000000E-35  1.000000E-35
   1.660000E+02  2.820000E+02  1.000000E-35  1.000000E-35
   1.660000E+02  2.940000E+02  1.000000E-35  1.000000E-35
   1.660000E+02  3.060000E+02  1.000000E-35  1.000000E-35
   1.660000E+02  3.180000E+02  1.000000E-35  1.000000E-35
   1.660000E+02  3.300000E+02  1.000000E-35  1.000000E-35
   1.660000E+02  3.420000E+02  1.000000E-35  1.000000E-35
   1.660000E+02  3.540000E+02  1.000000E-35  1.000000E-35
    
   1.700000E+02  6.000001E+00  1.000000E-35  1.000000E-35
   1.700000E+02  1.800000E+01  1.000000E-35  1.000000E-35
   1.700000E+02  3.000000E+01  1.000000E-35  1.000000E-35
   1.700000E+02  4.200000E+01  1.000000E-35  1.000000E-35
   1.700000E+02  5.400001E+01  1.000000E-35  1.000000E-35
   1.700000E+02  6.600001E+01  1.000000E-35  1.000000E-35
   1.700000E+02  7.800001E+01  1.000000E-35  1.000000E-35
   1.700000E+02  9.000001E+01  1.000000E-35  1.000000E-35
   1.700000E+02  1.020000E+02  1.000000E-35  1.000000E-35
   1.700000E+02  1.140000E+02  1.000000E-35  1.000000E-35
   1.700000E+02  1.260000E+02  1.000000E-35  1.000000E-35
   1.700000E+02  1.380000E+02  1.000000E-35  1.000000E-35
   1.700000E+02  1.500000E+02  1.000000E-35  1.000000E-35
   1.700000E+02  1.620000E+02  1.000000E-35  1.000000E-35
   1.700000E+02  1.740000E+02  1.000000E-35  1.000000E-35
   1.700000E+02  1.860000E+02  1.000000E-35  1.000000E-35
   1.700000E+02  1.980000E+02  1.000000E-35  1.000000E-35
   1.700000E+02  2.100000E+02  1.000000E-35  1.000000E-35
   1.700000E+02  2.220000E+02  1.000000E-35  1.000000E-35
   1.700000E+02  2.340000E+02  1.000000E-35  1.000000E-35
   1.700000E+02  2.460000E+02  1.000000E-35  1.000000E-35
   1.700000E+02  2.580000E+02  1.000000E-35  1.000000E-35
   1.700000E+02  2.700000E+02  1.000000E-35  1.000000E-35
   1.700000E+02  2.820000E+02  1.000000E-35  1.000000E-35
   1.700000E+02  2.940000E+02  1.000000E-35  1.000000E-35
   1.700000E+02  3.060000E+02  1.000000E-35  1.000000E-35
   1.700000E+02  3.180000E+02  1.000000E-35  1.000000E-35
   1.700000E+02  3.300000E+02  1.000000E-35  1.000000E-35
   1.700000E+02  3.420000E+02  1.000000E-35  1.000000E-35
   1.700000E+02  3.540000E+02  1.000000E-35  1.000000E-35
    
   1.740000E+02  6.000001E+00  1.000000E-35  1.000000E-35
   1.740000E+02  1.800000E+01  1.000000E-35  1.000000E-35
   1.740000E+02  3.000000E+01  1.000000E-35  1.000000E-35
   1.740000E+02  4.200000E+01  1.000000E-35  1.000000E-35
   1.740000E+02  5.400001E+01  1.000000E-35  1.000000E-35
   1.740000E+02  6.600001E+01  1.000000E-35  1.000000E-35
   1.740000E+02  7.800001E+01  1.000000E-35  1.000000E-35
   1.740000E+02  9.000001E+01  1.000000E-35  1.000000E-35
   1.740000E+02  1.020000E+02  1.000000E-35  1.000000E-35
   1.740000E+02  1.140000E+02  1.000000E-35  1.000000E-35
   1.740000E+02  1.260000E+02  1.000000E-35  1.000000E-35
   1.740000E+02  1.380000E+02  1.000000E-35  1.000000E-35
   1.740000E+02  1.500000E+02  1.000000E-35  1.000000E-35
   1.740000E+02  1.620000E+02  1.000000E-35  1.000000E-35
   1.740000E+02  1.740000E+02  1.000000E-35  1.000000E-35
   1.740000E+02  1.860000E+02  1.000000E-35  1.000000E-35
   1.740000E+02  1.980000E+02  1.000000E-35  1.000000E-35
   1.740000E+02  2.100000E+02  1.000000E-35  1.000000E-35
   1.740000E+02  2.220000E+02  1.000000E-35  1.000000E-35
   1.740000E+02  2.340000E+02  1.000000E-35  1.000000E-35
   1.740000E+02  2.460000E+02  1.000000E-35  1.000000E-35
   1.740000E+02  2.580000E+02  1.000000E-35  1.000000E-35
   1.740000E+02  2.700000E+02  1.000000E-35  1.000000E-35
   1.740000E+02  2.820000E+02  1.000000E-35  1.000000E-35
   1.740000E+02  2.940000E+02  1.000000E-35  1.000000E-35
   1.740000E+02  3.060000E+02  1.000000E-35  1.000000E-35
   1.740000E+02  3.180000E+02  1.000000E-35  1.000000E-35
   1.740000E+02  3.300000E+02  1.000000E-35  1.000000E-35
   1.740000E+02  3.420000E+02  1.000000E-35  1.000000E-35
   1.740000E+02  3.540000E+02  1.000000E-35  1.000000E-35
    
   1.780000E+02  6.000001E+00  1.000000E-35  1.000000E-35
   1.780000E+02  1.800000E+01  1.000000E-35  1.000000E-35
   1.780000E+02  3.000000E+01  1.000000E-35  1.000000E-35
   1.780000E+02  4.200000E+01  1.000000E-35  1.000000E-35
   1.780000E+02  5.400001E+01  1.000000E-35  1.000000E-35
   1.780000E+02  6.600001E+01  1.000000E-35  1.000000E-35
   1.780000E+02  7.800001E+01  1.000000E-35  1.000000E-35
   1.780000E+02  9.000001E+01  1.000000E-35  1.000000E-35
   1.780000E+02  1.020000E+02  1.000000E-35  1.000000E-35
   1.780000E+02  1.140000E+02  1.000000E-35  1.000000E-35
   1.780000E+02  1.260000E+02  1.000000E-35  1.000000E-35
   1.780000E+02  1.380000E+02  1.000000E-35  1.000000E-35
   1.780000E+02  1.500000E+02  1.000000E-35  1.000000E-35
   1.780000E+02  1.620000E+02  1.000000E-35  1.000000E-35
   1.780000E+02  1.740000E+02  1.000000E-35  1.000000E-35
   1.780000E+02  1.860000E+02  1.000000E-35  1.000000E-35
   1.780000E+02  1.980000E+02  1.000000E-35  1.000000E-35
   1.780000E+02  2.100000E+02  1.000000E-35  1.000000E-35
   1.780000E+02  2.220000E+02  1.000000E-35  1.000000E-35
   1.780000E+02  2.340000E+02  1.000000E-35  1.000000E-35
   1.780000E+02  2.460000E+02  1.000000E-35  1.000000E-35
   1.780000E+02  2.580000E+02  1.000000E-35  1.000000E-35
   1.780000E+02  2.700000E+02  1.000000E-35  1.000000E-35
   1.780000E+02  2.820000E+02  1.000000E-35  1.000000E-35
   1.780000E+02  2.940000E+02  1.000000E-35  1.000000E-35
   1.780000E+02  3.060000E+02  1.000000E-35  1.000000E-35
   1.780000E+02  3.180000E+02  1.000000E-35  1.000000E-35
   1.780000E+02  3.300000E+02  1.000000E-35  1.000000E-35
   1.780000E+02  3.420000E+02  1.000000E-35  1.000000E-35
   1.780000E+02  3.540000E+02  1.000000E-35  1.000000E-35
    
