 #  Results from PENEPMA.
 #  Energy distribution of backscattered electrons.
 #  1st column: E (eV).
 #  2nd and 3rd columns: probability density and STU (1/(eV*particle)).

   2.500000E+00  1.000000E-35  1.000000E-35
   7.500001E+00  1.000000E-35  1.000000E-35
   1.250000E+01  1.000000E-35  1.000000E-35
   1.750000E+01  1.000000E-35  1.000000E-35
   2.250000E+01  1.000000E-35  1.000000E-35
   2.750000E+01  1.000000E-35  1.000000E-35
   3.250000E+01  1.000000E-35  1.000000E-35
   3.750000E+01  1.000000E-35  1.000000E-35
   4.250000E+01  1.000000E-35  1.000000E-35
   4.750000E+01  1.000000E-35  1.000000E-35
   5.250001E+01  2.071002E-04  4.092142E-06
   5.750001E+01  2.502839E-04  3.811404E-06
   6.250001E+01  1.788409E-04  3.450872E-06
   6.750001E+01  1.252643E-04  3.131971E-06
   7.250001E+01  9.514799E-05  2.803419E-06
   7.750001E+01  7.449751E-05  2.476622E-06
   8.250001E+01  6.522839E-05  2.313059E-06
   8.750001E+01  6.273568E-05  2.264250E-06
   9.250001E+01  6.089022E-05  2.233724E-06
   9.750001E+01  5.690739E-05  2.159860E-06
   1.025000E+02  5.446463E-05  2.074795E-06
   1.075000E+02  5.041714E-05  2.030252E-06
   1.125000E+02  4.959213E-05  1.971049E-06
   1.175000E+02  4.429589E-05  1.899975E-06
   1.225000E+02  4.066392E-05  1.820965E-06
   1.275000E+02  3.989854E-05  1.804504E-06
   1.325000E+02  3.720480E-05  1.740458E-06
   1.375000E+02  3.716779E-05  1.741588E-06
   1.425000E+02  3.505352E-05  1.673924E-06
   1.475000E+02  3.398875E-05  1.659728E-06
   1.525000E+02  3.288073E-05  1.633436E-06
   1.575000E+02  3.237308E-05  1.620418E-06
   1.625000E+02  3.050811E-05  1.569236E-06
   1.675000E+02  2.941495E-05  1.540514E-06
   1.725000E+02  3.023310E-05  1.562433E-06
   1.775000E+02  2.920410E-05  1.533407E-06
   1.825000E+02  2.900477E-05  1.526778E-06
   1.875000E+02  2.777286E-05  1.491898E-06
   1.925000E+02  2.785689E-05  1.494086E-06
   1.975000E+02  2.667841E-05  1.458683E-06
   2.025000E+02  2.728320E-05  1.476518E-06
   2.075000E+02  2.645631E-05  1.450102E-06
   2.125000E+02  2.674412E-05  1.458544E-06
   2.175000E+02  2.575849E-05  1.428521E-06
   2.225000E+02  2.628297E-05  1.443366E-06
   2.275000E+02  2.605258E-05  1.436013E-06
   2.325000E+02  2.543579E-05  1.417421E-06
   2.375000E+02  2.503915E-05  1.405582E-06
   2.425000E+02  2.521255E-05  1.409945E-06
   2.475000E+02  2.510220E-05  1.405368E-06
   2.525000E+02  2.367742E-05  1.359644E-06
   2.575000E+02  2.364897E-05  1.356671E-06
   2.625000E+02  2.427413E-05  1.375810E-06
   2.675000E+02  2.386291E-05  1.364207E-06
   2.725000E+02  2.394474E-05  1.366975E-06
   2.775000E+02  2.361678E-05  1.354019E-06
   2.825000E+02  2.338706E-05  1.345302E-06
   2.875000E+02  2.173537E-05  1.290544E-06
   2.925000E+02  2.221870E-05  1.306895E-06
   2.975000E+02  2.137033E-05  1.278133E-06
   3.025000E+02  2.242682E-05  1.309615E-06
   3.075000E+02  2.229520E-05  1.305802E-06
   3.125000E+02  2.290484E-05  1.325082E-06
   3.175000E+02  2.146842E-05  1.274857E-06
   3.225000E+02  2.147226E-05  1.272480E-06
   3.275000E+02  2.169685E-05  1.281029E-06
   3.325000E+02  2.177226E-05  1.282942E-06
   3.375000E+02  2.082238E-05  1.248224E-06
   3.425000E+02  2.099657E-05  1.255693E-06
   3.475000E+02  2.116512E-05  1.258354E-06
   3.525000E+02  2.098323E-05  1.249414E-06
   3.575000E+02  2.028564E-05  1.226245E-06
   3.625000E+02  2.059937E-05  1.234313E-06
   3.675000E+02  2.054045E-05  1.231711E-06
   3.725000E+02  2.068885E-05  1.233761E-06
   3.775000E+02  2.105961E-05  1.244996E-06
   3.825000E+02  2.017343E-05  1.214817E-06
   3.875000E+02  2.047008E-05  1.220036E-06
   3.925000E+02  2.010365E-05  1.207881E-06
   3.975000E+02  2.011687E-05  1.207598E-06
   4.025000E+02  2.081918E-05  1.229491E-06
   4.075000E+02  1.988009E-05  1.193851E-06
   4.125000E+02  1.996313E-05  1.196236E-06
   4.175000E+02  2.077215E-05  1.221700E-06
   4.225000E+02  2.028316E-05  1.201570E-06
   4.275000E+02  1.972189E-05  1.177399E-06
   4.325000E+02  1.963915E-05  1.174911E-06
   4.375000E+02  2.028385E-05  1.196667E-06
   4.425000E+02  1.939445E-05  1.163192E-06
   4.475000E+02  1.961424E-05  1.176209E-06
   4.525000E+02  1.939106E-05  1.164875E-06
   4.575000E+02  1.959168E-05  1.170577E-06
   4.625000E+02  1.954781E-05  1.180539E-06
   4.675000E+02  1.930506E-05  1.168103E-06
   4.725000E+02  1.961322E-05  1.183882E-06
   4.775000E+02  2.222815E-05  1.171602E-06
   4.825000E+02  1.915496E-05  1.178983E-06
   4.875000E+02  1.849372E-05  1.155814E-06
   4.925000E+02  2.460551E-05  1.160233E-06
   4.975000E+02  1.755912E-05  1.136743E-06
   5.025001E+02  1.900095E-05  1.187081E-06
   5.075001E+02  2.648179E-05  1.160990E-06
   5.125001E+02  1.756204E-05  1.158331E-06
   5.175001E+02  1.745482E-05  1.153106E-06
   5.225001E+02  1.702837E-05  1.134615E-06
   5.275001E+02  1.778830E-05  1.163042E-06
   5.325001E+02  1.684823E-05  1.125349E-06
   5.375001E+02  1.728358E-05  1.141555E-06
   5.425001E+02  1.753296E-05  1.152566E-06
   5.475001E+02  1.698772E-05  1.131438E-06
   5.525001E+02  1.708269E-05  1.130542E-06
   5.575001E+02  1.736314E-05  1.143041E-06
   5.625001E+02  1.712548E-05  1.130599E-06
   5.675001E+02  1.752626E-05  1.147062E-06
   5.725001E+02  1.643048E-05  1.104312E-06
   5.775001E+02  1.771084E-05  1.151026E-06
   5.825001E+02  1.794620E-05  1.159879E-06
   5.875001E+02  1.734205E-05  1.136897E-06
   5.925001E+02  1.780106E-05  1.151907E-06
   5.975001E+02  1.801677E-05  1.158638E-06
   6.025001E+02  1.754244E-05  1.140525E-06
   6.075001E+02  1.749919E-05  1.137353E-06
   6.125001E+02  1.709444E-05  1.122169E-06
   6.175001E+02  1.741910E-05  1.131692E-06
   6.225001E+02  1.871279E-05  1.179414E-06
   6.275001E+02  1.783158E-05  1.145726E-06
   6.325001E+02  1.803449E-05  1.154897E-06
   6.375001E+02  1.779603E-05  1.146049E-06
   6.425001E+02  1.781144E-05  1.143297E-06
   6.475001E+02  1.712321E-05  1.115875E-06
   6.525001E+02  1.790832E-05  1.146223E-06
   6.575001E+02  1.835990E-05  1.161166E-06
   6.625001E+02  1.791949E-05  1.145182E-06
   6.675001E+02  1.776313E-05  1.136693E-06
   6.725001E+02  1.819516E-05  1.152033E-06
   6.775001E+02  1.848713E-05  1.159555E-06
   6.825001E+02  1.784935E-05  1.135423E-06
   6.875001E+02  1.860538E-05  1.166133E-06
   6.925001E+02  1.854829E-05  1.160654E-06
   6.975001E+02  1.838236E-05  1.149886E-06
   7.025001E+02  1.926213E-05  1.182836E-06
   7.075001E+02  1.820276E-05  1.143122E-06
   7.125001E+02  1.905823E-05  1.173192E-06
   7.175001E+02  1.866741E-05  1.159183E-06
   7.225001E+02  1.862889E-05  1.157010E-06
   7.275001E+02  1.902326E-05  1.168113E-06
   7.325001E+02  1.927515E-05  1.178779E-06
   7.375001E+02  1.890436E-05  1.160480E-06
   7.425001E+02  1.906152E-05  1.166735E-06
   7.475001E+02  1.929263E-05  1.171093E-06
   7.525001E+02  1.947425E-05  1.178038E-06
   7.575001E+02  1.877447E-05  1.151092E-06
   7.625001E+02  1.937040E-05  1.172202E-06
   7.675001E+02  1.987084E-05  1.190511E-06
   7.725001E+02  1.926385E-05  1.166679E-06
   7.775001E+02  1.948168E-05  1.173028E-06
   7.825001E+02  1.946946E-05  1.172000E-06
   7.875001E+02  1.966084E-05  1.175627E-06
   7.925001E+02  1.921724E-05  1.158810E-06
   7.975001E+02  2.073327E-05  1.168978E-06
   8.025001E+02  1.988075E-05  1.192173E-06
   8.075001E+02  1.943219E-05  1.173292E-06
   8.125001E+02  2.029438E-05  1.202009E-06
   8.175001E+02  2.059817E-05  1.194388E-06
   8.225001E+02  2.037695E-05  1.208524E-06
   8.275001E+02  1.993895E-05  1.196236E-06
   8.325001E+02  1.982434E-05  1.192154E-06
   8.375001E+02  2.020650E-05  1.203741E-06
   8.425001E+02  2.591066E-05  1.208042E-06
   8.475001E+02  2.035913E-05  1.224061E-06
   8.525001E+02  1.981791E-05  1.200657E-06
   8.575001E+02  2.043435E-05  1.222223E-06
   8.625001E+02  2.050224E-05  1.203782E-06
   8.675001E+02  2.219574E-05  1.218315E-06
   8.725001E+02  1.971742E-05  1.200573E-06
   8.775001E+02  1.985790E-05  1.210825E-06
   8.825001E+02  2.003185E-05  1.218473E-06
   8.875001E+02  1.976303E-05  1.208099E-06
   8.925001E+02  1.993608E-05  1.219347E-06
   8.975001E+02  1.974027E-05  1.208399E-06
   9.025001E+02  2.025782E-05  1.229713E-06
   9.075001E+02  1.996778E-05  1.220998E-06
   9.125001E+02  1.978382E-05  1.215599E-06
   9.175001E+02  2.816750E-05  1.248974E-06
   9.225001E+02  1.978588E-05  1.233925E-06
   9.275001E+02  2.049065E-05  1.253130E-06
   9.325001E+02  1.980117E-05  1.229766E-06
   9.375001E+02  2.012861E-05  1.214411E-06
   9.425001E+02  2.268583E-05  1.252399E-06
   9.475001E+02  2.006174E-05  1.255432E-06
   9.525001E+02  2.066387E-05  1.272066E-06
   9.575001E+02  1.994365E-05  1.245211E-06
   9.625001E+02  1.974011E-05  1.248168E-06
   9.675001E+02  1.965251E-05  1.248645E-06
   9.725001E+02  1.942403E-05  1.243018E-06
   9.775001E+02  1.954994E-05  1.249830E-06
   9.825001E+02  2.011062E-05  1.268905E-06
   9.875001E+02  2.009175E-05  1.271051E-06
   9.925001E+02  2.945454E-05  1.274576E-06
   9.975001E+02  1.870000E-05  1.250324E-06
   1.002500E+03  1.848186E-05  1.241843E-06
   1.007500E+03  1.933543E-05  1.273267E-06
   1.012500E+03  1.874665E-05  1.253211E-06
   1.017500E+03  2.314080E-05  1.264794E-06
   1.022500E+03  1.922871E-05  1.281131E-06
   1.027500E+03  1.903986E-05  1.274436E-06
   1.032500E+03  1.944640E-05  1.277081E-06
   1.037500E+03  1.929639E-05  1.283974E-06
   1.042500E+03  1.857147E-05  1.259893E-06
   1.047500E+03  1.955392E-05  1.293466E-06
   1.052500E+03  1.948724E-05  1.290622E-06
   1.057500E+03  1.882932E-05  1.268611E-06
   1.062500E+03  1.876268E-05  1.266668E-06
   1.067500E+03  1.943720E-05  1.289060E-06
   1.072500E+03  1.913979E-05  1.277332E-06
   1.077500E+03  1.984661E-05  1.300491E-06
   1.082500E+03  1.975629E-05  1.299450E-06
   1.087500E+03  1.989675E-05  1.303853E-06
   1.092500E+03  1.928379E-05  1.283959E-06
   1.097500E+03  1.919196E-05  1.281088E-06
   1.102500E+03  1.981926E-05  1.302875E-06
   1.107500E+03  1.993663E-05  1.306007E-06
   1.112500E+03  2.009515E-05  1.311306E-06
   1.117500E+03  2.013691E-05  1.312559E-06
   1.122500E+03  2.055129E-05  1.326161E-06
   1.127500E+03  2.087582E-05  1.336587E-06
   1.132500E+03  2.025603E-05  1.316585E-06
   1.137500E+03  2.003630E-05  1.310359E-06
   1.142500E+03  2.073502E-05  1.332295E-06
   1.147500E+03  2.114050E-05  1.346007E-06
   1.152500E+03  2.150383E-05  1.347585E-06
   1.157500E+03  2.063910E-05  1.329227E-06
   1.162500E+03  2.057448E-05  1.327968E-06
   1.167500E+03  2.131880E-05  1.352336E-06
   1.172500E+03  2.042210E-05  1.323041E-06
   1.177500E+03  2.111872E-05  1.345987E-06
   1.182500E+03  2.105072E-05  1.344464E-06
   1.187500E+03  2.147935E-05  1.356854E-06
   1.192500E+03  2.146029E-05  1.356252E-06
   1.197500E+03  2.149838E-05  1.357455E-06
   1.202500E+03  2.065066E-05  1.330425E-06
   1.207500E+03  2.147933E-05  1.356854E-06
   1.212500E+03  2.179365E-05  1.366745E-06
   1.217500E+03  2.179366E-05  1.366745E-06
   1.222500E+03  2.126979E-05  1.350219E-06
   1.227500E+03  2.176505E-05  1.366446E-06
   1.232500E+03  2.176508E-05  1.365849E-06
   1.237500E+03  2.094592E-05  1.339902E-06
   1.242500E+03  2.139360E-05  1.354144E-06
   1.247500E+03  2.177459E-05  1.366147E-06
   1.252500E+03  2.177458E-05  1.366147E-06
   1.257500E+03  2.268898E-05  1.394535E-06
   1.262500E+03  2.208890E-05  1.376565E-06
   1.267500E+03  2.248896E-05  1.388963E-06
   1.272500E+03  2.340336E-05  1.416316E-06
   1.277500E+03  2.219500E-05  1.379237E-06
   1.282500E+03  2.214606E-05  1.378343E-06
   1.287500E+03  2.290801E-05  1.401250E-06
   1.292500E+03  2.231748E-05  1.383663E-06
   1.297500E+03  2.283185E-05  1.398918E-06
   1.302500E+03  2.362242E-05  1.422929E-06
   1.307500E+03  2.414627E-05  1.438619E-06
   1.312500E+03  2.335571E-05  1.414875E-06
   1.317500E+03  2.266990E-05  1.394535E-06
   1.322500E+03  2.299374E-05  1.403870E-06
   1.327500E+03  2.338426E-05  1.415740E-06
   1.332500E+03  2.354617E-05  1.420633E-06
   1.337500E+03  2.378431E-05  1.428369E-06
   1.342500E+03  2.402243E-05  1.434926E-06
   1.347500E+03  2.357474E-05  1.421494E-06
   1.352500E+03  2.321280E-05  1.410541E-06
   1.357500E+03  2.382238E-05  1.428940E-06
   1.362500E+03  2.323184E-05  1.411119E-06
   1.367500E+03  2.408909E-05  1.436916E-06
   1.372500E+03  2.422243E-05  1.440887E-06
   1.377500E+03  2.420339E-05  1.440321E-06
   1.382500E+03  2.399387E-05  1.434073E-06
   1.387500E+03  2.494633E-05  1.462257E-06
   1.392500E+03  2.470820E-05  1.455262E-06
   1.397500E+03  2.539399E-05  1.475318E-06
   1.402500E+03  2.425099E-05  1.441737E-06
   1.407500E+03  2.505110E-05  1.465324E-06
   1.412500E+03  2.469868E-05  1.454982E-06
   1.417500E+03  2.434624E-05  1.444565E-06
   1.422500E+03  2.547016E-05  1.477529E-06
   1.427500E+03  2.442243E-05  1.446824E-06
   1.432500E+03  2.569877E-05  1.484144E-06
   1.437500E+03  2.410811E-05  1.437484E-06
   1.442500E+03  2.585119E-05  1.488538E-06
   1.447500E+03  2.551778E-05  1.478910E-06
   1.452500E+03  2.549874E-05  1.478910E-06
   1.457500E+03  2.558447E-05  1.480841E-06
   1.462500E+03  2.579400E-05  1.486892E-06
   1.467500E+03  2.626072E-05  1.500282E-06
   1.472500E+03  2.669886E-05  1.513284E-06
   1.477500E+03  2.589878E-05  1.489908E-06
   1.482500E+03  2.675602E-05  1.514902E-06
   1.487500E+03  2.606072E-05  1.494558E-06
   1.492500E+03  2.562254E-05  1.481943E-06
   1.497500E+03  2.680363E-05  1.515710E-06
   1.502500E+03  2.724180E-05  1.528046E-06
   1.507500E+03  2.673698E-05  1.513824E-06
   1.512500E+03  2.727036E-05  1.528847E-06
   1.517500E+03  2.628929E-05  1.501098E-06
   1.522500E+03  2.599402E-05  1.492645E-06
   1.527500E+03  2.718462E-05  1.526443E-06
   1.532500E+03  2.628928E-05  1.501098E-06
   1.537500E+03  2.699414E-05  1.521623E-06
   1.542500E+03  2.767990E-05  1.540284E-06
   1.547500E+03  2.704174E-05  1.522427E-06
   1.552500E+03  2.811805E-05  1.552425E-06
   1.557500E+03  2.607020E-05  1.494831E-06
   1.562500E+03  2.679409E-05  1.515440E-06
   1.567500E+03  2.707030E-05  1.523231E-06
   1.572500E+03  2.739416E-05  1.532314E-06
   1.577500E+03  2.818472E-05  1.555315E-06
   1.582500E+03  2.834666E-05  1.558722E-06
   1.587500E+03  2.782275E-05  1.544782E-06
   1.592500E+03  2.868000E-05  1.567860E-06
   1.597500E+03  2.798602E-05  1.548745E-06
   1.602500E+03  2.814662E-05  1.553214E-06
   1.607500E+03  2.838473E-05  1.559769E-06
   1.612500E+03  2.914672E-05  1.580564E-06
   1.617500E+03  2.822279E-05  1.555315E-06
   1.622500E+03  2.803230E-05  1.550057E-06
   1.627500E+03  3.036591E-05  1.613278E-06
   1.632500E+03  2.936581E-05  1.586492E-06
   1.637500E+03  2.984206E-05  1.599304E-06
   1.642500E+03  2.874669E-05  1.570201E-06
   1.647500E+03  2.974678E-05  1.596750E-06
   1.652500E+03  2.976581E-05  1.597261E-06
   1.657500E+03  2.918480E-05  1.582113E-06
   1.662500E+03  3.016587E-05  1.607957E-06
   1.667500E+03  3.031828E-05  1.612013E-06
   1.672500E+03  2.934674E-05  1.585978E-06
   1.677500E+03  2.998490E-05  1.603636E-06
   1.682500E+03  2.944197E-05  1.588549E-06
   1.687500E+03  2.977536E-05  1.598027E-06
   1.692500E+03  3.024206E-05  1.609986E-06
   1.697500E+03  2.980390E-05  1.598282E-06
   1.702500E+03  3.061353E-05  1.619843E-06
   1.707500E+03  3.045159E-05  1.615554E-06
   1.712500E+03  3.109929E-05  1.632642E-06
   1.717500E+03  3.065161E-05  1.620850E-06
   1.722500E+03  3.145171E-05  1.641865E-06
   1.727500E+03  3.053732E-05  1.617826E-06
   1.732500E+03  3.084210E-05  1.626380E-06
   1.737500E+03  3.120408E-05  1.635389E-06
   1.742500E+03  3.217560E-05  1.661141E-06
   1.747500E+03  3.208036E-05  1.658190E-06
   1.752500E+03  3.196605E-05  1.655234E-06
   1.757500E+03  3.181365E-05  1.651778E-06
   1.762500E+03  3.249943E-05  1.668985E-06
   1.767500E+03  3.249943E-05  1.668985E-06
   1.772500E+03  3.114689E-05  1.633891E-06
   1.777500E+03  3.220417E-05  1.661387E-06
   1.782500E+03  3.169934E-05  1.648315E-06
   1.787500E+03  3.241370E-05  1.666782E-06
   1.792500E+03  3.227084E-05  1.663105E-06
   1.797500E+03  3.340430E-05  1.692056E-06
   1.802500E+03  3.327092E-05  1.688676E-06
   1.807500E+03  3.402340E-05  1.707662E-06
   1.812500E+03  3.331857E-05  1.689884E-06
   1.817500E+03  3.269945E-05  1.674112E-06
   1.822500E+03  3.254705E-05  1.670696E-06
   1.827500E+03  3.324236E-05  1.687951E-06
   1.832500E+03  3.262325E-05  1.672161E-06
   1.837500E+03  3.296614E-05  1.681895E-06
   1.842500E+03  3.330903E-05  1.689642E-06
   1.847500E+03  3.426153E-05  1.713626E-06
   1.852500E+03  3.268991E-05  1.673868E-06
   1.857500E+03  3.396626E-05  1.706706E-06
   1.862500E+03  3.439487E-05  1.716957E-06
   1.867500E+03  3.403291E-05  1.707901E-06
   1.872500E+03  3.380434E-05  1.702156E-06
   1.877500E+03  3.435677E-05  1.716006E-06
   1.882500E+03  3.445201E-05  1.718383E-06
   1.887500E+03  3.410912E-05  1.709811E-06
   1.892500E+03  3.497589E-05  1.731396E-06
   1.897500E+03  3.339474E-05  1.691815E-06
   1.902500E+03  3.513781E-05  1.735399E-06
   1.907500E+03  3.474727E-05  1.726203E-06
   1.912500E+03  3.525210E-05  1.738218E-06
   1.917500E+03  3.562356E-05  1.747351E-06
   1.922500E+03  3.522353E-05  1.737514E-06
   1.927500E+03  3.423294E-05  1.712912E-06
   1.932500E+03  3.608076E-05  1.758526E-06
   1.937500E+03  3.573787E-05  1.750618E-06
   1.942500E+03  3.587122E-05  1.753413E-06
   1.947500E+03  3.570929E-05  1.749452E-06
   1.952500E+03  3.510922E-05  1.734693E-06
   1.957500E+03  3.585216E-05  1.752948E-06
   1.962500E+03  3.565214E-05  1.748052E-06
   1.967500E+03  3.651888E-05  1.769170E-06
   1.972500E+03  3.524258E-05  1.737984E-06
   1.977500E+03  3.533781E-05  1.740330E-06
   1.982500E+03  3.661416E-05  1.771475E-06
   1.987500E+03  3.617599E-05  1.760846E-06
   1.992500E+03  3.733804E-05  1.788898E-06
   1.997500E+03  3.619505E-05  1.761309E-06
   2.002500E+03  3.727136E-05  1.787300E-06
   2.007500E+03  3.764283E-05  1.796183E-06
   2.012500E+03  3.768094E-05  1.797546E-06
   2.017500E+03  3.784284E-05  1.800948E-06
   2.022500E+03  3.821432E-05  1.809765E-06
   2.027500E+03  3.790952E-05  1.802534E-06
   2.032500E+03  3.762377E-05  1.796184E-06
   2.037500E+03  3.823336E-05  1.810215E-06
   2.042500E+03  3.730945E-05  1.788214E-06
   2.047500E+03  3.898583E-05  1.827939E-06
   2.052500E+03  3.867151E-05  1.820556E-06
   2.057500E+03  3.841434E-05  1.814494E-06
   2.062500E+03  3.738564E-05  1.790038E-06
   2.067500E+03  3.870008E-05  1.821229E-06
   2.072500E+03  3.850958E-05  1.816742E-06
   2.077500E+03  3.808097E-05  1.806605E-06
   2.082500E+03  3.865246E-05  1.820108E-06
   2.087500E+03  3.943350E-05  1.838402E-06
   2.092500E+03  3.931918E-05  1.835736E-06
   2.097500E+03  3.868102E-05  1.820780E-06
   2.102500E+03  3.895725E-05  1.827269E-06
   2.107500E+03  4.027167E-05  1.857834E-06
   2.112500E+03  4.058599E-05  1.865069E-06
   2.117500E+03  3.950015E-05  1.839955E-06
   2.122500E+03  4.014786E-05  1.854976E-06
   2.127500E+03  4.013832E-05  1.854756E-06
   2.132500E+03  4.058599E-05  1.865506E-06
   2.137500E+03  3.967159E-05  1.843943E-06
   2.142500E+03  4.089079E-05  1.872057E-06
   2.147500E+03  4.015736E-05  1.855196E-06
   2.152500E+03  4.101460E-05  1.874889E-06
   2.157500E+03  4.065267E-05  1.866600E-06
   2.162500E+03  4.079554E-05  1.869876E-06
   2.167500E+03  4.157657E-05  1.887687E-06
   2.172500E+03  4.195758E-05  1.896315E-06
   2.177500E+03  4.111938E-05  1.877282E-06
   2.182500E+03  4.248145E-05  1.908114E-06
   2.187500E+03  4.147180E-05  1.885308E-06
   2.192500E+03  4.177660E-05  1.892222E-06
   2.197500E+03  4.127177E-05  1.880757E-06
   2.202500E+03  4.238618E-05  1.905974E-06
   2.207500E+03  4.214807E-05  1.900614E-06
   2.212500E+03  4.323390E-05  1.924936E-06
   2.217500E+03  4.202423E-05  1.897821E-06
   2.222500E+03  4.201472E-05  1.897606E-06
   2.227500E+03  4.236714E-05  1.905546E-06
   2.232500E+03  4.253859E-05  1.909397E-06
   2.237500E+03  4.289100E-05  1.917289E-06
   2.242500E+03  4.305292E-05  1.920904E-06
   2.247500E+03  4.340535E-05  1.928748E-06
   2.252500E+03  4.403398E-05  1.942662E-06
   2.257500E+03  4.421496E-05  1.946649E-06
   2.262500E+03  4.320531E-05  1.924300E-06
   2.267500E+03  4.487220E-05  1.961060E-06
   2.272500E+03  4.283384E-05  1.916437E-06
   2.277500E+03  4.437687E-05  1.950210E-06
   2.282500E+03  4.364346E-05  1.934030E-06
   2.287500E+03  4.360535E-05  1.933186E-06
   2.292500E+03  4.410066E-05  1.944132E-06
   2.297500E+03  4.436734E-05  1.950000E-06
   2.302500E+03  4.456737E-05  1.954390E-06
   2.307500E+03  4.452929E-05  1.953555E-06
   2.312500E+03  4.455784E-05  1.954181E-06
   2.317500E+03  4.530080E-05  1.970402E-06
   2.322500E+03  4.526269E-05  1.969573E-06
   2.327500E+03  4.427211E-05  1.947906E-06
   2.332500E+03  4.571036E-05  1.979287E-06
   2.337500E+03  4.540556E-05  1.973093E-06
   2.342500E+03  4.609134E-05  1.987517E-06
   2.347500E+03  4.568178E-05  1.978669E-06
   2.352500E+03  4.546270E-05  1.973920E-06
   2.357500E+03  4.573893E-05  1.979906E-06
   2.362500E+03  4.599612E-05  1.985463E-06
   2.367500E+03  4.628185E-05  1.991619E-06
   2.372500E+03  4.748198E-05  2.017270E-06
   2.377500E+03  4.679620E-05  2.002653E-06
   2.382500E+03  4.719623E-05  2.011193E-06
   2.387500E+03  4.552937E-05  1.975366E-06
   2.392500E+03  4.660570E-05  1.998573E-06
   2.397500E+03  4.676762E-05  2.002041E-06
   2.402500E+03  4.774868E-05  2.022926E-06
   2.407500E+03  4.728196E-05  2.013018E-06
   2.412500E+03  4.639612E-05  1.994076E-06
   2.417500E+03  4.775818E-05  2.023128E-06
   2.422500E+03  4.851066E-05  2.039000E-06
   2.427500E+03  4.888215E-05  2.046790E-06
   2.432500E+03  4.802489E-05  2.028768E-06
   2.437500E+03  4.849161E-05  2.038600E-06
   2.442500E+03  4.739625E-05  2.015449E-06
   2.447500E+03  4.898692E-05  2.048982E-06
   2.452500E+03  4.870116E-05  2.042999E-06
   2.457500E+03  4.919646E-05  2.053359E-06
   2.462500E+03  4.787249E-05  2.025547E-06
   2.467500E+03  4.980604E-05  2.066038E-06
   2.472500E+03  4.966318E-05  2.063073E-06
   2.477500E+03  4.997750E-05  2.069590E-06
   2.482500E+03  4.816775E-05  2.031783E-06
   2.487500E+03  4.903452E-05  2.049978E-06
   2.492500E+03  4.893928E-05  2.047986E-06
   2.497500E+03  4.981558E-05  2.066236E-06
   2.502500E+03  5.017752E-05  2.073727E-06
   2.507500E+03  5.100619E-05  2.090776E-06
   2.512500E+03  4.995844E-05  2.069196E-06
   2.517500E+03  4.940599E-05  2.057726E-06
   2.522500E+03  4.982509E-05  2.066433E-06
   2.527500E+03  4.939646E-05  2.057528E-06
   2.532500E+03  4.889164E-05  2.046990E-06
   2.537500E+03  5.221583E-05  2.115417E-06
   2.542500E+03  4.976793E-05  2.065248E-06
   2.547500E+03  5.027276E-05  2.075693E-06
   2.552500E+03  5.161577E-05  2.103229E-06
   2.557500E+03  5.267303E-05  2.124655E-06
   2.562500E+03  5.152052E-05  2.101288E-06
   2.567500E+03  5.092997E-05  2.089214E-06
   2.572500E+03  5.222535E-05  2.115610E-06
   2.577500E+03  5.172054E-05  2.105362E-06
   2.582500E+03  5.281590E-05  2.127534E-06
   2.587500E+03  5.081567E-05  2.086869E-06
   2.592500E+03  5.182531E-05  2.107493E-06
   2.597500E+03  5.175863E-05  2.106137E-06
   2.602500E+03  5.138716E-05  2.098568E-06
   2.607500E+03  5.231108E-05  2.117345E-06
   2.612500E+03  5.325404E-05  2.136338E-06
   2.617500E+03  5.379697E-05  2.147198E-06
   2.622500E+03  5.213010E-05  2.113680E-06
   2.627500E+03  5.314926E-05  2.134236E-06
   2.632500E+03  5.206342E-05  2.112328E-06
   2.637500E+03  5.314928E-05  2.134236E-06
   2.642500E+03  5.391126E-05  2.149477E-06
   2.647500E+03  5.326357E-05  2.136529E-06
   2.652500E+03  5.355883E-05  2.142442E-06
   2.657500E+03  5.589245E-05  2.188605E-06
   2.662500E+03  5.374934E-05  2.146247E-06
   2.667500E+03  5.319690E-05  2.135192E-06
   2.672500E+03  5.577814E-05  2.186367E-06
   2.677500E+03  5.635917E-05  2.197722E-06
   2.682500E+03  5.477802E-05  2.166683E-06
   2.687500E+03  5.678779E-05  2.206061E-06
   2.692500E+03  5.435892E-05  2.158380E-06
   2.697500E+03  5.513044E-05  2.173639E-06
   2.702500E+03  5.434939E-05  2.158191E-06
   2.707500E+03  5.586387E-05  2.188046E-06
   2.712500E+03  5.588291E-05  2.188419E-06
   2.717500E+03  5.650203E-05  2.200505E-06
   2.722500E+03  5.514948E-05  2.174015E-06
   2.727500E+03  5.658776E-05  2.202173E-06
   2.732500E+03  5.783551E-05  2.226313E-06
   2.737500E+03  5.548286E-05  2.180574E-06
   2.742500E+03  5.728307E-05  2.215657E-06
   2.747500E+03  5.768312E-05  2.223378E-06
   2.752500E+03  5.807364E-05  2.230890E-06
   2.757500E+03  5.716877E-05  2.213446E-06
   2.762500E+03  5.735927E-05  2.217130E-06
   2.767500E+03  5.651154E-05  2.200690E-06
   2.772500E+03  5.681634E-05  2.206615E-06
   2.777500E+03  5.772122E-05  2.224112E-06
   2.782500E+03  5.781646E-05  2.225946E-06
   2.787500E+03  5.709256E-05  2.211971E-06
   2.792500E+03  5.805459E-05  2.230524E-06
   2.797500E+03  5.674967E-05  2.205321E-06
   2.802500E+03  5.649249E-05  2.200319E-06
   2.807500E+03  5.683538E-05  2.206985E-06
   2.812500E+03  5.825459E-05  2.234362E-06
   2.817500E+03  5.887373E-05  2.246201E-06
   2.822500E+03  5.874037E-05  2.243656E-06
   2.827500E+03  5.922613E-05  2.252912E-06
   2.832500E+03  5.852130E-05  2.239470E-06
   2.837500E+03  5.862607E-05  2.241473E-06
   2.842500E+03  5.977858E-05  2.263391E-06
   2.847500E+03  5.985478E-05  2.264833E-06
   2.852500E+03  5.987384E-05  2.265193E-06
   2.857500E+03  5.999766E-05  2.267534E-06
   2.862500E+03  5.989287E-05  2.265554E-06
   2.867500E+03  5.957856E-05  2.259603E-06
   2.872500E+03  6.015006E-05  2.270411E-06
   2.877500E+03  6.018815E-05  2.271130E-06
   2.882500E+03  6.195978E-05  2.304302E-06
   2.887500E+03  5.972143E-05  2.262310E-06
   2.892500E+03  6.125494E-05  2.291162E-06
   2.897500E+03  6.092157E-05  2.284921E-06
   2.902500E+03  6.227410E-05  2.310138E-06
   2.907500E+03  6.196931E-05  2.304479E-06
   2.912500E+03  6.148353E-05  2.295432E-06
   2.917500E+03  6.005480E-05  2.268613E-06
   2.922500E+03  6.142639E-05  2.294365E-06
   2.927500E+03  6.075964E-05  2.281883E-06
   2.932500E+03  6.195026E-05  2.304125E-06
   2.937500E+03  6.320754E-05  2.327382E-06
   2.942500E+03  6.264557E-05  2.317016E-06
   2.947500E+03  6.267415E-05  2.317544E-06
   2.952500E+03  6.243603E-05  2.313139E-06
   2.957500E+03  6.316945E-05  2.326681E-06
   2.962500E+03  6.155973E-05  2.296854E-06
   2.967500E+03  6.347424E-05  2.332285E-06
   2.972500E+03  6.252175E-05  2.314725E-06
   2.977500E+03  6.276939E-05  2.319304E-06
   2.982500E+03  6.382666E-05  2.338749E-06
   2.987500E+03  6.335040E-05  2.330010E-06
   2.992500E+03  6.316943E-05  2.326681E-06
   2.997500E+03  6.494107E-05  2.359071E-06
   3.002500E+03  6.451245E-05  2.351276E-06
   3.007500E+03  6.358854E-05  2.334384E-06
   3.012500E+03  6.385523E-05  2.339272E-06
   3.017500E+03  6.438862E-05  2.349019E-06
   3.022500E+03  6.476009E-05  2.355783E-06
   3.027500E+03  6.424575E-05  2.346412E-06
   3.032500E+03  6.581736E-05  2.374929E-06
   3.037500E+03  6.680796E-05  2.392729E-06
   3.042500E+03  6.563639E-05  2.371663E-06
   3.047500E+03  6.543636E-05  2.368048E-06
   3.052500E+03  6.645553E-05  2.386411E-06
   3.057500E+03  6.575068E-05  2.373726E-06
   3.062500E+03  6.687462E-05  2.393922E-06
   3.067500E+03  6.607453E-05  2.379563E-06
   3.072500E+03  6.653172E-05  2.387779E-06
   3.077500E+03  6.693177E-05  2.394944E-06
   3.082500E+03  6.806524E-05  2.415131E-06
   3.087500E+03  6.719848E-05  2.399709E-06
   3.092500E+03  6.791284E-05  2.412427E-06
   3.097500E+03  6.686509E-05  2.393751E-06
   3.102500E+03  6.816049E-05  2.416820E-06
   3.107500E+03  6.755089E-05  2.405992E-06
   3.112500E+03  6.730324E-05  2.401579E-06
   3.117500E+03  6.724609E-05  2.400559E-06
   3.122500E+03  6.737944E-05  2.402937E-06
   3.127500E+03  6.744611E-05  2.404126E-06
   3.132500E+03  6.792236E-05  2.412596E-06
   3.137500E+03  6.825574E-05  2.418507E-06
   3.142500E+03  6.904630E-05  2.432468E-06
   3.147500E+03  6.737944E-05  2.402937E-06
   3.152500E+03  6.922727E-05  2.435653E-06
   3.157500E+03  6.770328E-05  2.408703E-06
   3.162500E+03  6.881770E-05  2.428440E-06
   3.167500E+03  6.783663E-05  2.411073E-06
   3.172500E+03  6.888437E-05  2.429615E-06
   3.177500E+03  6.909392E-05  2.433307E-06
   3.182500E+03  7.000831E-05  2.449349E-06
   3.187500E+03  6.925584E-05  2.436155E-06
   3.192500E+03  7.093223E-05  2.465453E-06
   3.197500E+03  6.906534E-05  2.432804E-06
   3.202500E+03  7.025595E-05  2.453676E-06
   3.207500E+03  6.992259E-05  2.447850E-06
   3.212500E+03  7.036073E-05  2.455505E-06
   3.217500E+03  7.082744E-05  2.463632E-06
   3.222500E+03  6.985591E-05  2.446683E-06
   3.227500E+03  7.166565E-05  2.478162E-06
   3.232500E+03  7.155136E-05  2.476186E-06
   3.237500E+03  6.972256E-05  2.444347E-06
   3.242500E+03  7.077030E-05  2.462638E-06
   3.247500E+03  7.168469E-05  2.478491E-06
   3.252500E+03  7.082745E-05  2.463632E-06
   3.257500E+03  7.196091E-05  2.483260E-06
   3.262500E+03  7.217046E-05  2.486872E-06
   3.267500E+03  7.199902E-05  2.483917E-06
   3.272500E+03  7.270386E-05  2.496041E-06
   3.277500E+03  7.201807E-05  2.484246E-06
   3.282500E+03  7.366588E-05  2.512495E-06
   3.287500E+03  7.151325E-05  2.475526E-06
   3.292500E+03  7.385638E-05  2.515740E-06
   3.297500E+03  7.111319E-05  2.468595E-06
   3.302500E+03  7.348490E-05  2.509408E-06
   3.307500E+03  7.497079E-05  2.534642E-06
   3.312500E+03  7.223713E-05  2.488020E-06
   3.317500E+03  7.480886E-05  2.531904E-06
   3.322500E+03  7.397067E-05  2.517685E-06
   3.327500E+03  7.357062E-05  2.510871E-06
   3.332500E+03  7.364682E-05  2.512170E-06
   3.337500E+03  7.429452E-05  2.523189E-06
   3.342500E+03  7.414212E-05  2.520600E-06
   3.347500E+03  7.558038E-05  2.544922E-06
   3.352500E+03  7.400876E-05  2.518333E-06
   3.357500E+03  7.596138E-05  2.551326E-06
   3.362500E+03  7.638048E-05  2.558352E-06
   3.367500E+03  7.588517E-05  2.550047E-06
   3.372500E+03  7.451359E-05  2.526905E-06
   3.377500E+03  7.463741E-05  2.529003E-06
   3.382500E+03  7.640905E-05  2.558830E-06
   3.387500E+03  7.588518E-05  2.550047E-06
   3.392500E+03  7.641857E-05  2.558990E-06
   3.397500E+03  7.568516E-05  2.546685E-06
   3.402500E+03  7.631379E-05  2.557235E-06
   3.407500E+03  7.774254E-05  2.581053E-06
   3.412500E+03  7.793303E-05  2.584212E-06
   3.417500E+03  7.681861E-05  2.565676E-06
   3.422500E+03  7.658050E-05  2.561698E-06
   3.427500E+03  7.595184E-05  2.551166E-06
   3.432500E+03  7.803780E-05  2.585948E-06
   3.437500E+03  7.747583E-05  2.576624E-06
   3.442500E+03  7.659954E-05  2.562017E-06
   3.447500E+03  7.739011E-05  2.575199E-06
   3.452500E+03  7.877122E-05  2.598067E-06
   3.457500E+03  7.822830E-05  2.589101E-06
   3.462500E+03  7.754250E-05  2.577732E-06
   3.467500E+03  7.758060E-05  2.578365E-06
   3.472500E+03  7.817115E-05  2.588156E-06
   3.477500E+03  7.890457E-05  2.600264E-06
   3.482500E+03  7.815210E-05  2.587841E-06
   3.487500E+03  7.686624E-05  2.566471E-06
   3.492500E+03  7.788541E-05  2.583423E-06
   3.497500E+03  7.802827E-05  2.585791E-06
   3.502500E+03  8.071430E-05  2.629903E-06
   3.507500E+03  7.762822E-05  2.579156E-06
   3.512500E+03  7.966656E-05  2.612785E-06
   3.517500E+03  7.998088E-05  2.617932E-06
   3.522500E+03  8.047618E-05  2.626022E-06
   3.527500E+03  7.967609E-05  2.612941E-06
   3.532500E+03  8.055238E-05  2.627264E-06
   3.537500E+03  8.058095E-05  2.627730E-06
   3.542500E+03  7.900934E-05  2.601989E-06
   3.547500E+03  8.062858E-05  2.628506E-06
   3.552500E+03  8.026662E-05  2.622602E-06
   3.557500E+03  8.094290E-05  2.633623E-06
   3.562500E+03  8.088575E-05  2.632693E-06
   3.567500E+03  8.200969E-05  2.650914E-06
   3.572500E+03  8.061905E-05  2.628351E-06
   3.577500E+03  8.250499E-05  2.658904E-06
   3.582500E+03  8.198111E-05  2.650452E-06
   3.587500E+03  8.055237E-05  2.627264E-06
   3.592500E+03  8.146677E-05  2.642128E-06
   3.597500E+03  8.160964E-05  2.644443E-06
   3.602500E+03  8.256213E-05  2.659824E-06
   3.607500E+03  8.141914E-05  2.641356E-06
   3.612500E+03  8.279073E-05  2.663502E-06
   3.617500E+03  8.498146E-05  2.698497E-06
   3.622500E+03  8.325745E-05  2.670996E-06
   3.627500E+03  8.433377E-05  2.688198E-06
   3.632500E+03  8.413374E-05  2.685010E-06
   3.637500E+03  8.254308E-05  2.659517E-06
   3.642500E+03  8.354320E-05  2.675574E-06
   3.647500E+03  8.379085E-05  2.679535E-06
   3.652500E+03  8.274310E-05  2.662736E-06
   3.657500E+03  8.335270E-05  2.672523E-06
   3.662500E+03  8.278120E-05  2.663349E-06
   3.667500E+03  8.201920E-05  2.651068E-06
   3.672500E+03  8.541961E-05  2.705441E-06
   3.677500E+03  8.402897E-05  2.683338E-06
   3.682500E+03  8.476239E-05  2.695018E-06
   3.687500E+03  8.338127E-05  2.672981E-06
   3.692500E+03  8.349557E-05  2.674811E-06
   3.697500E+03  8.521958E-05  2.702273E-06
   3.702500E+03  8.603873E-05  2.715224E-06
   3.707500E+03  8.629590E-05  2.719277E-06
   3.712500E+03  8.535293E-05  2.704386E-06
   3.717500E+03  8.583870E-05  2.712067E-06
   3.722500E+03  8.516243E-05  2.701367E-06
   3.727500E+03  8.528625E-05  2.703330E-06
   3.732500E+03  8.610540E-05  2.716275E-06
   3.737500E+03  8.398134E-05  2.682578E-06
   3.742500E+03  8.528625E-05  2.703330E-06
   3.747500E+03  8.456236E-05  2.691837E-06
   3.752500E+03  8.624827E-05  2.718527E-06
   3.757500E+03  8.601015E-05  2.714773E-06
   3.762500E+03  8.835328E-05  2.751487E-06
   3.767500E+03  8.628637E-05  2.719127E-06
   3.772500E+03  8.710551E-05  2.731998E-06
   3.777500E+03  8.810563E-05  2.747630E-06
   3.782500E+03  8.563867E-05  2.708907E-06
   3.787500E+03  8.701979E-05  2.730654E-06
   3.792500E+03  8.763891E-05  2.740346E-06
   3.797500E+03  8.703884E-05  2.730953E-06
   3.802500E+03  8.766748E-05  2.740793E-06
   3.807500E+03  8.781988E-05  2.743173E-06
   3.812500E+03  8.864855E-05  2.756079E-06
   3.817500E+03  8.818183E-05  2.748818E-06
   3.822500E+03  8.773416E-05  2.741834E-06
   3.827500E+03  8.744841E-05  2.737368E-06
   3.832500E+03  8.954389E-05  2.769956E-06
   3.837500E+03  8.797228E-05  2.745551E-06
   3.842500E+03  8.735316E-05  2.735877E-06
   3.847500E+03  8.709598E-05  2.731849E-06
   3.852500E+03  8.928672E-05  2.765977E-06
   3.857500E+03  8.814373E-05  2.748224E-06
   3.862500E+03  8.922957E-05  2.765092E-06
   3.867500E+03  9.122981E-05  2.795899E-06
   3.872500E+03  9.102978E-05  2.792833E-06
   3.877500E+03  8.754366E-05  2.738857E-06
   3.882500E+03  8.801990E-05  2.746294E-06
   3.887500E+03  9.015349E-05  2.779364E-06
   3.892500E+03  9.016301E-05  2.779511E-06
   3.897500E+03  8.927720E-05  2.765830E-06
   3.902500E+03  9.110598E-05  2.794002E-06
   3.907500E+03  8.962961E-05  2.771281E-06
   3.912500E+03  9.021064E-05  2.780245E-06
   3.917500E+03  8.930577E-05  2.766272E-06
   3.922500E+03  9.059163E-05  2.786107E-06
   3.927500E+03  8.842947E-05  2.752673E-06
   3.932500E+03  9.039161E-05  2.783031E-06
   3.937500E+03  9.091548E-05  2.791080E-06
   3.942500E+03  9.131552E-05  2.797211E-06
   3.947500E+03  9.055353E-05  2.785521E-06
   3.952500E+03  9.115360E-05  2.794731E-06
   3.957500E+03  9.070593E-05  2.787863E-06
   3.962500E+03  9.270616E-05  2.818420E-06
   3.967500E+03  9.012491E-05  2.778924E-06
   3.972500E+03  9.134410E-05  2.797649E-06
   3.977500E+03  9.206800E-05  2.808707E-06
   3.982500E+03  9.301096E-05  2.823048E-06
   3.987500E+03  9.156317E-05  2.801000E-06
   3.992500E+03  9.168700E-05  2.802893E-06
   3.997500E+03  9.161080E-05  2.801728E-06
   4.002500E+03  9.360151E-05  2.831991E-06
   4.007500E+03  9.164890E-05  2.802310E-06
   4.012500E+03  9.446828E-05  2.845067E-06
   4.017500E+03  9.312526E-05  2.824781E-06
   4.022500E+03  9.229659E-05  2.812191E-06
   4.027500E+03  9.523027E-05  2.856513E-06
   4.032500E+03  9.263949E-05  2.817407E-06
   4.037500E+03  9.215372E-05  2.810014E-06
   4.042500E+03  9.383963E-05  2.835590E-06
   4.047500E+03  9.279189E-05  2.819723E-06
   4.052500E+03  9.473497E-05  2.849079E-06
   4.057500E+03  9.364913E-05  2.832711E-06
   4.062500E+03  9.284904E-05  2.820590E-06
   4.067500E+03  9.261092E-05  2.816973E-06
   4.072500E+03  9.332528E-05  2.827812E-06
   4.077500E+03  9.300144E-05  2.822903E-06
   4.082500E+03  9.371581E-05  2.833719E-06
   4.087500E+03  9.375391E-05  2.834295E-06
   4.092500E+03  9.497310E-05  2.852655E-06
   4.097500E+03  9.477307E-05  2.849651E-06
   4.102500E+03  9.418253E-05  2.840763E-06
   4.107500E+03  9.539219E-05  2.858940E-06
   4.112500E+03  9.299191E-05  2.822759E-06
   4.117500E+03  9.505882E-05  2.853942E-06
   4.122500E+03  9.570652E-05  2.863644E-06
   4.127500E+03  9.503977E-05  2.853656E-06
   4.132500E+03  9.589701E-05  2.866491E-06
   4.137500E+03  9.412538E-05  2.839902E-06
   4.142500E+03  9.760198E-05  2.891848E-06
   4.147500E+03  9.517312E-05  2.855656E-06
   4.152500E+03  9.495405E-05  2.852369E-06
   4.157500E+03  9.511597E-05  2.854799E-06
   4.162500E+03  9.443970E-05  2.844637E-06
   4.167500E+03  9.638278E-05  2.873738E-06
   4.172500E+03  9.613514E-05  2.870046E-06
   4.177500E+03  9.583986E-05  2.865637E-06
   4.182500E+03  9.620181E-05  2.871040E-06
   4.187500E+03  9.583986E-05  2.865637E-06
   4.192500E+03  9.643041E-05  2.874448E-06
   4.197500E+03  9.443017E-05  2.844494E-06
   4.202500E+03  9.633516E-05  2.873029E-06
   4.207500E+03  9.606846E-05  2.869051E-06
   4.212500E+03  9.667806E-05  2.878135E-06
   4.217500E+03  9.566842E-05  2.863074E-06
   4.222500E+03  9.627801E-05  2.872177E-06
   4.227500E+03  9.589701E-05  2.866491E-06
   4.232500E+03  9.598274E-05  2.867771E-06
   4.237500E+03  9.524932E-05  2.856799E-06
   4.242500E+03  9.715430E-05  2.885212E-06
   4.247500E+03  9.724003E-05  2.886484E-06
   4.252500E+03  9.668758E-05  2.878276E-06
   4.257500E+03  9.577319E-05  2.864641E-06
   4.262500E+03  9.691618E-05  2.881675E-06
   4.267500E+03  9.762102E-05  2.892130E-06
   4.272500E+03  9.689713E-05  2.881392E-06
   4.277500E+03  9.629706E-05  2.872461E-06
   4.282500E+03  9.879259E-05  2.909424E-06
   4.287500E+03  9.751625E-05  2.890578E-06
   4.292500E+03  9.518264E-05  2.855799E-06
   4.297500E+03  9.988796E-05  2.925501E-06
   4.302500E+03  9.674473E-05  2.879127E-06
   4.307500E+03  9.807822E-05  2.898891E-06
   4.312500E+03  9.846874E-05  2.904654E-06
   4.317500E+03  9.861162E-05  2.906760E-06
   4.322500E+03  9.786867E-05  2.895794E-06
   4.327500E+03  9.724002E-05  2.886484E-06
   4.332500E+03  9.830682E-05  2.902266E-06
   4.337500E+03  9.698285E-05  2.882666E-06
   4.342500E+03  9.760197E-05  2.891848E-06
   4.347500E+03  9.791630E-05  2.896499E-06
   4.352500E+03  9.821157E-05  2.900860E-06
   4.357500E+03  9.864019E-05  2.907181E-06
   4.362500E+03  1.005166E-04  2.934688E-06
   4.367500E+03  9.818300E-05  2.900439E-06
   4.372500E+03  9.707810E-05  2.884081E-06
   4.377500E+03  9.811632E-05  2.899454E-06
   4.382500E+03  9.744958E-05  2.889591E-06
   4.387500E+03  1.011071E-04  2.943292E-06
   4.392500E+03  9.689713E-05  2.881392E-06
   4.397500E+03  9.762102E-05  2.892130E-06
   4.402500E+03  9.989748E-05  2.925640E-06
   4.407500E+03  1.000785E-04  2.928288E-06
   4.412500E+03  9.679235E-05  2.879835E-06
   4.417500E+03  9.767817E-05  2.892976E-06
   4.422500E+03  9.867829E-05  2.907742E-06
   4.427500E+03  9.807822E-05  2.898891E-06
   4.432500E+03  1.002023E-04  2.930098E-06
   4.437500E+03  9.847827E-05  2.904795E-06
   4.442500E+03  9.722098E-05  2.886201E-06
   4.447500E+03  9.844969E-05  2.904373E-06
   4.452500E+03  9.625896E-05  2.871893E-06
   4.457500E+03  9.878306E-05  2.909284E-06
   4.462500E+03  1.003642E-04  2.932463E-06
   4.467500E+03  9.732575E-05  2.887755E-06
   4.472500E+03  9.779247E-05  2.894667E-06
   4.477500E+03  9.784962E-05  2.895513E-06
   4.482500E+03  9.681140E-05  2.880118E-06
   4.487500E+03  9.777342E-05  2.894386E-06
   4.492500E+03  9.958316E-05  2.921036E-06
   4.497500E+03  9.814489E-05  2.899876E-06
   4.502500E+03  9.984033E-05  2.924804E-06
   4.507500E+03  9.743052E-05  2.889308E-06
   4.512500E+03  9.782104E-05  2.895090E-06
   4.517500E+03  9.933551E-05  2.917404E-06
   4.522500E+03  9.788772E-05  2.896076E-06
   4.527500E+03  9.924026E-05  2.916006E-06
   4.532500E+03  1.008881E-04  2.940103E-06
   4.537500E+03  9.936408E-05  2.917823E-06
   4.542500E+03  9.892594E-05  2.911386E-06
   4.547500E+03  1.001451E-04  2.929263E-06
   4.552500E+03  1.002975E-04  2.931490E-06
   4.557500E+03  9.744005E-05  2.889449E-06
   4.562500E+03  9.974508E-05  2.923409E-06
   4.567500E+03  9.959268E-05  2.921176E-06
   4.572500E+03  9.966888E-05  2.922293E-06
   4.577500E+03  9.798297E-05  2.897484E-06
   4.582500E+03  9.864019E-05  2.907181E-06
   4.587500E+03  9.829729E-05  2.902126E-06
   4.592500E+03  9.933551E-05  2.917404E-06
   4.597500E+03  9.768770E-05  2.893117E-06
   4.602500E+03  9.844017E-05  2.904233E-06
   4.607500E+03  1.000594E-04  2.928009E-06
   4.612500E+03  9.798297E-05  2.897484E-06
   4.617500E+03  9.952601E-05  2.920199E-06
   4.622500E+03  9.776389E-05  2.894245E-06
   4.627500E+03  9.958316E-05  2.921036E-06
   4.632500E+03  9.766865E-05  2.892835E-06
   4.637500E+03  9.880211E-05  2.909565E-06
   4.642500E+03  9.749720E-05  2.890296E-06
   4.647500E+03  9.885926E-05  2.910405E-06
   4.652500E+03  9.876401E-05  2.909004E-06
   4.657500E+03  9.869734E-05  2.908022E-06
   4.662500E+03  9.928788E-05  2.916705E-06
   4.667500E+03  9.904976E-05  2.913207E-06
   4.672500E+03  9.819252E-05  2.900579E-06
   4.677500E+03  9.876401E-05  2.909004E-06
   4.682500E+03  9.954506E-05  2.920478E-06
   4.687500E+03  9.924026E-05  2.916006E-06
   4.692500E+03  9.973555E-05  2.923270E-06
   4.697500E+03  1.004594E-04  2.933854E-06
   4.702500E+03  1.005928E-04  2.935799E-06
   4.707500E+03  9.994510E-05  2.926337E-06
   4.712500E+03  9.944028E-05  2.918941E-06
   4.717500E+03  1.006214E-04  2.936216E-06
   4.722500E+03  9.839254E-05  2.903531E-06
   4.727500E+03  1.011357E-04  2.943707E-06
   4.732500E+03  1.006214E-04  2.936216E-06
   4.737500E+03  9.777342E-05  2.894386E-06
   4.742500E+03  9.843064E-05  2.904092E-06
   4.747500E+03  9.995463E-05  2.926477E-06
   4.752500E+03  9.892594E-05  2.911386E-06
   4.757500E+03  9.952601E-05  2.920199E-06
   4.762500E+03  9.974508E-05  2.923409E-06
   4.767500E+03  9.924978E-05  2.916145E-06
   4.772500E+03  9.964983E-05  2.922014E-06
   4.777500E+03  9.965936E-05  2.922153E-06
   4.782500E+03  9.945933E-05  2.919221E-06
   4.787500E+03  1.014119E-04  2.947722E-06
   4.792500E+03  1.007357E-04  2.937882E-06
   4.797500E+03  9.922121E-05  2.915726E-06
   4.802500E+03  9.979270E-05  2.924107E-06
   4.807500E+03  1.001356E-04  2.929124E-06
   4.812500E+03  1.003166E-04  2.931768E-06
   4.817500E+03  9.893546E-05  2.911526E-06
   4.822500E+03  9.846874E-05  2.904654E-06
   4.827500E+03  1.015072E-04  2.949106E-06
   4.832500E+03  1.004880E-04  2.934271E-06
   4.837500E+03  1.010309E-04  2.942183E-06
   4.842500E+03  1.012119E-04  2.944815E-06
   4.847500E+03  9.989748E-05  2.925640E-06
   4.852500E+03  1.009262E-04  2.940658E-06
   4.857500E+03  1.014596E-04  2.948414E-06
   4.862500E+03  1.007452E-04  2.938021E-06
   4.867500E+03  1.031074E-04  2.972248E-06
   4.872500E+03  1.029740E-04  2.970327E-06
   4.877500E+03  1.030598E-04  2.971562E-06
   4.882500E+03  1.046980E-04  2.995075E-06
   4.887500E+03  1.051457E-04  3.001468E-06
   4.892500E+03  1.030502E-04  2.971425E-06
   4.897500E+03  1.044028E-04  2.990851E-06
   4.902500E+03  1.040694E-04  2.986075E-06
   4.907500E+03  1.031264E-04  2.972523E-06
   4.912500E+03  1.036503E-04  2.980059E-06
   4.917500E+03  1.049552E-04  2.998750E-06
   4.922500E+03  1.055077E-04  3.006627E-06
   4.927500E+03  1.098320E-04  3.067590E-06
   4.932500E+03  1.143087E-04  3.129448E-06
   4.937500E+03  1.144706E-04  3.131662E-06
   4.942500E+03  1.214238E-04  3.225316E-06
   4.947500E+03  1.279389E-04  3.310659E-06
   4.952500E+03  1.076698E-04  3.037262E-06
   4.957500E+03  1.156327E-04  3.147508E-06
   4.962500E+03  1.112798E-04  3.087731E-06
   4.967500E+03  1.054315E-04  3.005542E-06
   4.972500E+03  9.744957E-05  2.889591E-06
   4.977500E+03  9.326813E-05  2.826946E-06
   4.982500E+03  8.633398E-05  2.719877E-06
   4.987500E+03  8.122861E-05  2.638265E-06
   4.992500E+03  7.726624E-05  2.573139E-06
   4.997500E+03  9.709048E-04  9.100888E-06
