 #  Results from PENEPMA.
 #  Energy distribution of backscattered photons.
 #  1st column: E (eV).
 #  2nd and 3rd columns: probability density and STU (1/(eV*particle)).

   2.500000E+00  1.000000E-35  1.000000E-35
   7.500001E+00  1.000000E-35  1.000000E-35
   1.250000E+01  1.000000E-35  1.000000E-35
   1.750000E+01  1.000000E-35  1.000000E-35
   2.250000E+01  1.000000E-35  1.000000E-35
   2.750000E+01  1.000000E-35  1.000000E-35
   3.250000E+01  1.000000E-35  1.000000E-35
   3.750000E+01  1.000000E-35  1.000000E-35
   4.250000E+01  1.000000E-35  1.000000E-35
   4.750000E+01  1.000000E-35  1.000000E-35
   5.250001E+01  2.427264E-07  5.804458E-09
   5.750001E+01  2.210350E-07  4.825500E-09
   6.250001E+01  2.052698E-07  3.591023E-09
   6.750001E+01  1.964596E-07  3.865629E-09
   7.250001E+01  4.476485E-07  2.829355E-08
   7.750001E+01  3.118716E-07  1.995980E-08
   8.250001E+01  2.004623E-07  8.294885E-09
   8.750001E+01  2.025041E-07  8.955827E-09
   9.250001E+01  1.776424E-07  1.038011E-08
   9.750001E+01  1.685253E-07  7.614227E-09
   1.025000E+02  1.665786E-07  3.988526E-09
   1.075000E+02  1.659911E-07  3.429702E-09
   1.125000E+02  1.669175E-07  3.719879E-09
   1.175000E+02  1.668574E-07  3.719647E-09
   1.225000E+02  1.649708E-07  2.565551E-09
   1.275000E+02  1.673237E-07  3.719724E-09
   1.325000E+02  1.724874E-07  5.324299E-09
   1.375000E+02  1.630893E-07  2.759124E-09
   1.425000E+02  1.601233E-07  2.563235E-09
   1.475000E+02  1.627106E-07  4.928949E-09
   1.525000E+02  1.645564E-07  4.115389E-09
   1.575000E+02  1.916331E-07  1.045398E-08
   1.625000E+02  1.627615E-07  2.758864E-09
   1.675000E+02  1.679140E-07  4.703467E-09
   1.725000E+02  1.649965E-07  3.429042E-09
   1.775000E+02  1.662921E-07  3.577255E-09
   1.825000E+02  1.681032E-07  3.988392E-09
   1.875000E+02  1.666853E-07  3.112922E-09
   1.925000E+02  1.670624E-07  2.941966E-09
   1.975000E+02  1.676656E-07  3.113667E-09
   2.025000E+02  1.682774E-07  2.942879E-09
   2.075000E+02  1.697938E-07  3.430591E-09
   2.125000E+02  1.711449E-07  3.720402E-09
   2.175000E+02  1.711275E-07  3.276534E-09
   2.225000E+02  1.736050E-07  3.989720E-09
   2.275000E+02  1.751453E-07  4.479402E-09
   2.325000E+02  1.726753E-07  3.114953E-09
   2.375000E+02  1.752333E-07  3.858112E-09
   2.425000E+02  1.756197E-07  3.858789E-09
   2.475000E+02  1.748372E-07  3.277386E-09
   2.525000E+02  1.755688E-07  3.431957E-09
   2.575000E+02  1.750844E-07  2.944519E-09
   2.625000E+02  1.781340E-07  4.118623E-09
   2.675000E+02  1.781731E-07  3.858775E-09
   2.725000E+02  1.781931E-07  3.580940E-09
   2.775000E+02  1.773260E-07  3.116020E-09
   2.825000E+02  1.763790E-07  2.359011E-09
   2.875000E+02  1.757779E-07  1.868661E-09
   2.925000E+02  1.779915E-07  3.116159E-09
   2.975000E+02  1.770191E-07  2.569614E-09
   3.025000E+02  1.771988E-07  2.359401E-09
   3.075000E+02  1.797368E-07  3.722570E-09
   3.125000E+02  1.784702E-07  3.116238E-09
   3.175000E+02  1.791504E-07  3.432680E-09
   3.225000E+02  1.795388E-07  3.432794E-09
   3.275000E+02  1.781656E-07  2.763685E-09
   3.325000E+02  1.773199E-07  2.359006E-09
   3.375000E+02  1.789600E-07  3.278164E-09
   3.425000E+02  1.795075E-07  3.580297E-09
   3.475000E+02  1.771699E-07  2.568919E-09
   3.525000E+02  1.788099E-07  3.277998E-09
   3.575000E+02  1.774372E-07  2.944705E-09
   3.625000E+02  1.776773E-07  3.115830E-09
   3.675000E+02  1.806377E-07  4.242620E-09
   3.725000E+02  1.758759E-07  2.358005E-09
   3.775000E+02  1.754391E-07  2.126849E-09
   3.825000E+02  1.765146E-07  2.944454E-09
   3.875000E+02  1.753066E-07  2.567876E-09
   3.925000E+02  1.747687E-07  2.357641E-09
   3.975000E+02  1.753847E-07  2.762445E-09
   4.025000E+02  1.750668E-07  2.943585E-09
   4.075000E+02  1.738002E-07  2.126146E-09
   4.125000E+02  1.730587E-07  2.125341E-09
   4.175000E+02  1.724504E-07  1.865541E-09
   4.225000E+02  1.736863E-07  3.113947E-09
   4.275000E+02  1.706580E-07  1.562082E-09
   4.325000E+02  1.721785E-07  2.761201E-09
   4.375000E+02  1.706520E-07  2.124051E-09
   4.425000E+02  1.698236E-07  1.863788E-09
   4.475000E+02  1.707770E-07  2.941790E-09
   4.525000E+02  1.702194E-07  2.941796E-09
   4.575000E+02  1.696856E-07  2.759668E-09
   4.625000E+02  1.681180E-07  2.353918E-09
   4.675000E+02  1.684293E-07  2.564604E-09
   4.725000E+02  1.671527E-07  2.121973E-09
   4.775000E+02  1.661560E-07  2.121906E-09
   4.825000E+02  1.673164E-07  3.111499E-09
   4.875000E+02  1.651635E-07  2.120987E-09
   4.925000E+02  1.640241E-07  1.557085E-09
   4.975000E+02  1.632994E-07  2.119950E-09
   5.025001E+02  1.633790E-07  2.351572E-09
   5.075001E+02  1.620333E-07  1.555675E-09
   5.125001E+02  1.644533E-07  3.272668E-09
   5.175001E+02  1.607947E-07  1.554677E-09
   5.225001E+02  2.547448E-05  2.780648E-07
   5.275001E+02  1.600135E-07  2.118162E-09
   5.325001E+02  1.588392E-07  1.553261E-09
   5.375001E+02  1.446426E-07  1.848838E-09
   5.425001E+02  1.323418E-07  2.104274E-09
   5.475001E+02  1.321990E-07  2.104204E-09
   5.525001E+02  1.304224E-07  5.301253E-10
   5.575001E+02  1.300476E-07  1.533457E-09
   5.625001E+02  1.305841E-07  2.103270E-09
   5.675001E+02  1.299822E-07  1.840322E-09
   5.725001E+02  1.302430E-07  2.548416E-09
   5.775001E+02  1.288189E-07  1.532481E-09
   5.825001E+02  1.284302E-07  1.532205E-09
   5.875001E+02  1.276608E-07  1.531666E-09
   5.925001E+02  1.270349E-07  1.144138E-09
   5.975001E+02  1.270123E-07  1.144045E-09
   6.025001E+02  1.262259E-07  5.209232E-10
   6.075001E+02  1.278292E-07  2.547314E-09
   6.125001E+02  1.274023E-07  2.334958E-09
   6.175001E+02  1.255964E-07  1.142579E-09
   6.225001E+02  1.258399E-07  1.837747E-09
   6.275001E+02  1.248821E-07  1.141852E-09
   6.325001E+02  1.256559E-07  1.837638E-09
   6.375001E+02  1.242541E-07  1.141192E-09
   6.425001E+02  1.243530E-07  1.529107E-09
   6.475001E+02  1.241856E-07  1.529007E-09
   6.525001E+02  1.236955E-07  1.140671E-09
   6.575001E+02  1.231347E-07  1.140204E-09
   6.625001E+02  1.236037E-07  1.836307E-09
   6.675001E+02  1.245487E-07  2.924462E-09
   6.725001E+02  1.223621E-07  1.139357E-09
   6.775001E+02  1.221489E-07  1.527493E-09
   6.825001E+02  1.223264E-07  2.098758E-09
   6.875001E+02  1.207297E-07  5.087193E-10
   6.925001E+02  1.206332E-07  1.137620E-09
   6.975001E+02  1.201980E-07  1.526097E-09
   7.025001E+02  1.194055E-07  5.057959E-10
   7.075001E+02  1.192372E-07  1.136272E-09
   7.125001E+02  1.196742E-07  1.833942E-09
   7.175001E+02  1.190260E-07  1.525203E-09
   7.225001E+02  1.186824E-07  1.524942E-09
   7.275001E+02  1.175980E-07  1.134692E-09
   7.325001E+02  1.176769E-07  1.524262E-09
   7.375001E+02  1.182325E-07  2.096613E-09
   7.425001E+02  1.164156E-07  4.991232E-10
   7.475001E+02  1.173290E-07  2.096122E-09
   7.525001E+02  1.157167E-07  1.132825E-09
   7.575001E+02  1.159537E-07  1.831722E-09
   7.625001E+02  1.149322E-07  1.132013E-09
   7.675001E+02  1.150023E-07  1.522324E-09
   7.725001E+02  1.145831E-07  1.522032E-09
   7.775001E+02  1.135517E-07  1.130764E-09
   7.825001E+02  1.133025E-07  1.130519E-09
   7.875001E+02  1.129924E-07  1.130185E-09
   7.925001E+02  1.123353E-07  1.129523E-09
   7.975001E+02  1.125392E-07  1.520494E-09
   8.025001E+02  1.131124E-07  2.328127E-09
   8.075001E+02  1.109121E-07  4.869416E-10
   8.125001E+02  1.102745E-07  4.854446E-10
   8.175001E+02  1.103100E-07  1.128241E-09
   8.225001E+02  1.099493E-07  1.518660E-09
   8.275001E+02  1.091898E-07  4.830168E-10
   8.325001E+02  1.093863E-07  1.126734E-09
   8.375001E+02  1.094297E-07  1.827763E-09
   8.425001E+02  1.082098E-07  1.126262E-09
   8.475001E+02  1.077920E-07  1.125175E-09
   8.525001E+02  1.074828E-07  1.124858E-09
   8.575001E+02  1.064300E-07  4.768205E-10
   8.625001E+02  1.062724E-07  4.765333E-10
   8.675001E+02  1.063699E-07  1.123794E-09
   8.725001E+02  1.057263E-07  4.751954E-10
   8.775001E+02  1.053746E-07  1.122767E-09
   8.825001E+02  1.775110E-05  2.321602E-07
   8.875001E+02  1.040800E-07  4.713219E-10
   8.925001E+02  1.043159E-07  1.121777E-09
   8.975001E+02  1.035787E-07  1.121112E-09
   9.025001E+02  1.038020E-07  1.514259E-09
   9.075001E+02  8.594094E-06  1.609860E-07
   9.125001E+02  1.028102E-07  1.120344E-09
   9.175001E+02  1.021736E-07  1.120358E-09
   9.225001E+02  1.016093E-07  1.119149E-09
   9.275001E+02  1.014029E-07  1.512567E-09
   9.325001E+02  1.793940E-07  1.551323E-08
   9.375001E+02  1.002383E-07  4.625262E-10
   9.425001E+02  9.972138E-08  4.612872E-10
   9.475001E+02  9.954192E-08  1.117178E-09
   9.525001E+02  9.930469E-08  1.116927E-09
   9.575001E+02  1.283358E-07  9.561173E-09
   9.625001E+02  9.787608E-08  4.571041E-10
   9.675001E+02  9.809990E-08  4.574634E-10
   9.725001E+02  9.748135E-08  4.561676E-10
   9.775001E+02  9.694713E-08  4.547821E-10
   9.825001E+02  9.640965E-08  4.534466E-10
   9.875001E+02  9.645320E-08  4.536490E-10
   9.925001E+02  9.589995E-08  4.523336E-10
   9.975001E+02  9.529062E-08  4.507334E-10
   1.002500E+03  9.505408E-08  4.504010E-10
   1.007500E+03  9.482169E-08  1.112562E-09
   1.012500E+03  2.474519E-05  2.743371E-07
   1.017500E+03  5.824864E-07  3.863374E-08
   1.022500E+03  9.347128E-08  4.466432E-10
   1.027500E+03  8.403909E-08  4.238548E-10
   1.032500E+03  9.614580E-06  1.706834E-07
   1.037500E+03  7.314822E-08  3.959005E-10
   1.042500E+03  2.848830E-07  2.553523E-08
   1.047500E+03  6.963105E-08  3.865641E-10
   1.052500E+03  6.645489E-08  3.778393E-10
   1.057500E+03  6.390628E-08  3.706530E-10
   1.062500E+03  6.280585E-08  3.675495E-10
   1.067500E+03  6.218855E-08  3.656260E-10
   1.072500E+03  6.135890E-08  3.633021E-10
   1.077500E+03  6.142394E-08  3.634850E-10
   1.082500E+03  6.099653E-08  3.621551E-10
   1.087500E+03  6.079785E-08  3.616258E-10
   1.092500E+03  6.087497E-08  3.617563E-10
   1.097500E+03  6.082165E-08  3.616372E-10
   1.102500E+03  6.077375E-08  3.615048E-10
   1.107500E+03  1.562346E-06  6.773084E-08
   1.112500E+03  6.051461E-08  3.605677E-10
   1.117500E+03  6.047417E-08  3.605997E-10
   1.122500E+03  6.060275E-08  3.608493E-10
   1.127500E+03  6.020653E-08  3.597016E-10
   1.132500E+03  6.024487E-08  3.598516E-10
   1.137500E+03  6.016461E-08  3.596233E-10
   1.142500E+03  5.993522E-08  3.588443E-10
   1.147500E+03  5.995564E-08  3.587817E-10
   1.152500E+03  6.001669E-08  3.591869E-10
   1.157500E+03  5.966787E-08  3.580289E-10
   1.162500E+03  5.978399E-08  3.584292E-10
   1.167500E+03  5.952740E-08  3.576220E-10
   1.172500E+03  5.957852E-08  3.577294E-10
   1.177500E+03  5.944648E-08  3.572554E-10
   1.182500E+03  5.936628E-08  3.570478E-10
   1.187500E+03  6.314797E-08  4.333361E-09
   1.192500E+03  5.684287E-08  3.495306E-10
   1.197500E+03  5.677154E-08  3.493199E-10
   1.202500E+03  5.671320E-08  3.490628E-10
   1.207500E+03  5.671369E-08  3.490823E-10
   1.212500E+03  5.649588E-08  3.484862E-10
   1.217500E+03  5.641434E-08  3.482929E-10
   1.222500E+03  5.628156E-08  3.476831E-10
   1.227500E+03  5.645365E-08  3.481989E-10
   1.232500E+03  5.619691E-08  3.475123E-10
   1.237500E+03  5.625662E-08  3.476610E-10
   1.242500E+03  5.621378E-08  3.474754E-10
   1.247500E+03  5.588862E-08  3.465262E-10
   1.252500E+03  5.574985E-08  3.461525E-10
   1.257500E+03  5.552386E-08  3.454187E-10
   1.262500E+03  5.563671E-08  3.457188E-10
   1.267500E+03  5.534892E-08  3.448302E-10
   1.272500E+03  5.541811E-08  3.450393E-10
   1.277500E+03  5.522653E-08  3.443696E-10
   1.282500E+03  5.526435E-08  3.445129E-10
   1.287500E+03  5.502637E-08  3.437831E-10
   1.292500E+03  5.479934E-08  3.430106E-10
   1.297500E+03  5.470667E-08  3.426994E-10
   1.302500E+03  5.486777E-08  3.431846E-10
   1.307500E+03  5.471413E-08  3.426819E-10
   1.312500E+03  5.429393E-08  3.414122E-10
   1.317500E+03  5.437188E-08  3.416152E-10
   1.322500E+03  5.409192E-08  3.408286E-10
   1.327500E+03  5.394429E-08  3.403049E-10
   1.332500E+03  5.400912E-08  3.405540E-10
   1.337500E+03  5.405651E-08  3.406470E-10
   1.342500E+03  5.381076E-08  3.398775E-10
   1.347500E+03  5.369795E-08  3.395024E-10
   1.352500E+03  5.345678E-08  3.386622E-10
   1.357500E+03  5.315499E-08  3.376491E-10
   1.362500E+03  5.329022E-08  3.382311E-10
   1.367500E+03  5.309109E-08  3.375546E-10
   1.372500E+03  5.304970E-08  3.374323E-10
   1.377500E+03  5.304909E-08  3.374547E-10
   1.382500E+03  5.277971E-08  3.366566E-10
   1.387500E+03  5.293335E-08  3.370594E-10
   1.392500E+03  5.267843E-08  3.361865E-10
   1.397500E+03  5.238606E-08  3.352334E-10
   1.402500E+03  5.259363E-08  3.359368E-10
   1.407500E+03  5.232916E-08  3.350615E-10
   1.412500E+03  5.232258E-08  3.350350E-10
   1.417500E+03  5.199740E-08  3.339606E-10
   1.422500E+03  5.191446E-08  3.336611E-10
   1.427500E+03  5.162693E-08  3.327782E-10
   1.432500E+03  5.173779E-08  3.332118E-10
   1.437500E+03  5.146150E-08  3.323412E-10
   1.442500E+03  5.143926E-08  3.322528E-10
   1.447500E+03  5.120912E-08  3.314909E-10
   1.452500E+03  5.135044E-08  3.318415E-10
   1.457500E+03  5.105988E-08  3.309165E-10
   1.462500E+03  5.098420E-08  3.307680E-10
   1.467500E+03  5.094443E-08  3.306049E-10
   1.472500E+03  5.058978E-08  3.295169E-10
   1.477500E+03  5.051237E-08  3.292188E-10
   1.482500E+03  5.046394E-08  3.290144E-10
   1.487500E+03  5.055167E-08  3.294372E-10
   1.492500E+03  5.025242E-08  3.283713E-10
   1.497500E+03  5.013064E-08  3.279313E-10
   1.502500E+03  4.983226E-08  3.270462E-10
   1.507500E+03  4.972951E-08  3.266223E-10
   1.512500E+03  4.995579E-08  3.273593E-10
   1.517500E+03  4.941863E-08  3.256421E-10
   1.522500E+03  4.942154E-08  3.254832E-10
   1.527500E+03  4.926322E-08  3.250599E-10
   1.532500E+03  4.897034E-08  3.240067E-10
   1.537500E+03  4.923495E-08  3.249989E-10
   1.542500E+03  4.913108E-08  3.245997E-10
   1.547500E+03  4.897574E-08  3.241399E-10
   1.552500E+03  4.865837E-08  3.230098E-10
   1.557500E+03  4.887296E-08  3.237582E-10
   1.562500E+03  4.860347E-08  3.227918E-10
   1.567500E+03  4.823665E-08  3.216521E-10
   1.572500E+03  4.828617E-08  3.217822E-10
   1.577500E+03  4.812068E-08  3.212725E-10
   1.582500E+03  4.804636E-08  3.211166E-10
   1.587500E+03  4.784989E-08  3.203091E-10
   1.592500E+03  4.769850E-08  3.197686E-10
   1.597500E+03  4.758654E-08  3.194863E-10
   1.602500E+03  4.731265E-08  3.185702E-10
   1.607500E+03  4.749370E-08  3.191681E-10
   1.612500E+03  4.730758E-08  3.186624E-10
   1.617500E+03  4.728165E-08  3.185915E-10
   1.622500E+03  4.701152E-08  3.176428E-10
   1.627500E+03  4.706494E-08  3.177383E-10
   1.632500E+03  4.688975E-08  3.171733E-10
   1.637500E+03  4.672727E-08  3.165775E-10
   1.642500E+03  4.657931E-08  3.161333E-10
   1.647500E+03  4.645083E-08  3.156832E-10
   1.652500E+03  4.640603E-08  3.154424E-10
   1.657500E+03  4.636142E-08  3.154031E-10
   1.662500E+03  4.606183E-08  3.143778E-10
   1.667500E+03  4.601333E-08  3.141365E-10
   1.672500E+03  4.578238E-08  3.133205E-10
   1.677500E+03  4.549290E-08  3.123566E-10
   1.682500E+03  4.564381E-08  3.128934E-10
   1.687500E+03  4.544297E-08  3.122849E-10
   1.692500E+03  4.512371E-08  3.110927E-10
   1.697500E+03  4.514440E-08  3.111809E-10
   1.702500E+03  4.524886E-08  3.116079E-10
   1.707500E+03  4.497343E-08  3.106633E-10
   1.712500E+03  4.502255E-08  3.108764E-10
   1.717500E+03  4.461172E-08  3.093258E-10
   1.722500E+03  4.457534E-08  3.092401E-10
   1.727500E+03  4.421277E-08  3.080021E-10
   1.732500E+03  4.454198E-08  3.091558E-10
   1.737500E+03  3.746645E-06  2.060839E-07
   1.742500E+03  4.417691E-08  3.078050E-10
   1.747500E+03  4.402860E-08  3.073910E-10
   1.752500E+03  4.375051E-08  3.063695E-10
   1.757500E+03  4.382280E-08  3.067042E-10
   1.762500E+03  4.383222E-08  3.067905E-10
   1.767500E+03  4.354621E-08  3.057200E-10
   1.772500E+03  4.343039E-08  3.053417E-10
   1.777500E+03  4.325767E-08  3.047991E-10
   1.782500E+03  4.319912E-08  3.045235E-10
   1.787500E+03  4.300380E-08  3.037253E-10
   1.792500E+03  4.290365E-08  3.034636E-10
   1.797500E+03  4.267031E-08  3.025480E-10
   1.802500E+03  4.257422E-08  3.022926E-10
   1.807500E+03  4.274938E-08  3.029999E-10
   1.812500E+03  4.256262E-08  3.021924E-10
   1.817500E+03  4.232337E-08  3.013525E-10
   1.822500E+03  4.222171E-08  3.010469E-10
   1.827500E+03  4.222132E-08  3.011004E-10
   1.832500E+03  4.168506E-08  2.993698E-10
   1.837500E+03  1.138819E-07  2.907257E-08
   1.842500E+03  4.131595E-08  2.981026E-10
   1.847500E+03  4.115590E-08  2.974850E-10
   1.852500E+03  4.131496E-08  2.980962E-10
   1.857500E+03  4.120032E-08  2.976571E-10
   1.862500E+03  4.127195E-08  2.980065E-10
   1.867500E+03  4.093182E-08  2.967987E-10
   1.872500E+03  4.074969E-08  2.960246E-10
   1.877500E+03  4.066090E-08  2.957567E-10
   1.882500E+03  4.061549E-08  2.954911E-10
   1.887500E+03  4.050179E-08  2.951719E-10
   1.892500E+03  4.034476E-08  2.945603E-10
   1.897500E+03  4.024433E-08  2.941756E-10
   1.902500E+03  4.016445E-08  2.939474E-10
   1.907500E+03  4.014060E-08  2.938590E-10
   1.912500E+03  3.997220E-08  2.932693E-10
   1.917500E+03  3.966653E-08  2.920865E-10
   1.922500E+03  3.961712E-08  2.919507E-10
   1.927500E+03  3.951268E-08  2.915672E-10
   1.932500E+03  3.934140E-08  2.909353E-10
   1.937500E+03  3.936908E-08  2.910020E-10
   1.942500E+03  3.908673E-08  2.899959E-10
   1.947500E+03  3.885033E-08  2.890827E-10
   1.952500E+03  3.901399E-08  2.898217E-10
   1.957500E+03  3.900997E-08  2.896431E-10
   1.962500E+03  3.898346E-08  2.896832E-10
   1.967500E+03  3.875775E-08  2.887360E-10
   1.972500E+03  3.853042E-08  2.879902E-10
   1.977500E+03  3.834052E-08  2.872219E-10
   1.982500E+03  3.849112E-08  2.877762E-10
   1.987500E+03  3.829714E-08  2.870312E-10
   1.992500E+03  3.811950E-08  2.864498E-10
   1.997500E+03  3.790905E-08  2.856225E-10
   2.002500E+03  3.798894E-08  2.858741E-10
   2.007500E+03  3.785856E-08  2.854231E-10
   2.012500E+03  3.778108E-08  2.851882E-10
   2.017500E+03  3.752266E-08  2.842158E-10
   2.022500E+03  3.747128E-08  2.839886E-10
   2.027500E+03  3.722230E-08  2.830077E-10
   2.032500E+03  3.719108E-08  2.828760E-10
   2.037500E+03  3.698033E-08  2.821157E-10
   2.042500E+03  3.698131E-08  2.821570E-10
   2.047500E+03  3.686831E-08  2.816977E-10
   2.052500E+03  3.671357E-08  2.810046E-10
   2.057500E+03  3.680189E-08  2.814111E-10
   2.062500E+03  3.663862E-08  2.808170E-10
   2.067500E+03  3.660024E-08  2.806189E-10
   2.072500E+03  3.642658E-08  2.799968E-10
   2.077500E+03  3.620399E-08  2.791717E-10
   2.082500E+03  3.638924E-08  2.798411E-10
   2.087500E+03  3.632642E-08  2.797142E-10
   2.092500E+03  3.606837E-08  2.786292E-10
   2.097500E+03  3.588317E-08  2.779549E-10
   2.102500E+03  3.575134E-08  2.774499E-10
   2.107500E+03  3.568820E-08  2.771715E-10
   2.112500E+03  3.547168E-08  2.763706E-10
   2.117500E+03  3.547262E-08  2.763315E-10
   2.122500E+03  3.543854E-08  2.762483E-10
   2.127500E+03  3.521715E-08  2.753473E-10
   2.132500E+03  3.507225E-08  2.746812E-10
   2.137500E+03  3.502961E-08  2.747553E-10
   2.142500E+03  3.483335E-08  2.739347E-10
   2.147500E+03  3.495073E-08  2.743392E-10
   2.152500E+03  3.468127E-08  2.733239E-10
   2.157500E+03  3.473001E-08  2.734526E-10
   2.162500E+03  3.451097E-08  2.725860E-10
   2.167500E+03  3.443374E-08  2.722791E-10
   2.172500E+03  3.441607E-08  2.722502E-10
   2.177500E+03  3.417330E-08  2.712475E-10
   2.182500E+03  3.415859E-08  2.713337E-10
   2.187500E+03  3.404691E-08  2.707927E-10
   2.192500E+03  3.395657E-08  2.705043E-10
   2.197500E+03  3.396392E-08  2.704648E-10
   2.202500E+03  3.373446E-08  2.696062E-10
   2.207500E+03  3.381235E-08  2.699131E-10
   2.212500E+03  3.360921E-08  2.690886E-10
   2.217500E+03  3.350061E-08  2.687098E-10
   2.222500E+03  3.331115E-08  2.679027E-10
   2.227500E+03  3.340611E-08  2.683070E-10
   2.232500E+03  3.312649E-08  2.671305E-10
   2.237500E+03  3.296047E-08  2.665704E-10
   2.242500E+03  3.309271E-08  2.670088E-10
   2.247500E+03  3.279674E-08  2.658097E-10
   2.252500E+03  3.270819E-08  2.654137E-10
   2.257500E+03  3.258354E-08  2.649641E-10
   2.262500E+03  3.246777E-08  2.645428E-10
   2.267500E+03  3.255053E-08  2.648982E-10
   2.272500E+03  3.235919E-08  2.640201E-10
   2.277500E+03  3.230988E-08  2.639255E-10
   2.282500E+03  3.217765E-08  2.634087E-10
   2.287500E+03  3.207488E-08  2.629083E-10
   2.292500E+03  3.192033E-08  2.622809E-10
   2.297500E+03  3.193665E-08  2.623274E-10
   2.302500E+03  3.181008E-08  2.619165E-10
   2.307500E+03  3.170864E-08  2.614173E-10
   2.312500E+03  3.178101E-08  2.616963E-10
   2.317500E+03  3.149815E-08  2.606091E-10
   2.322500E+03  3.134509E-08  2.599177E-10
   2.327500E+03  3.132633E-08  2.598527E-10
   2.332500E+03  3.127577E-08  2.596897E-10
   2.337500E+03  3.124659E-08  2.595533E-10
   2.342500E+03  3.101934E-08  2.587397E-10
   2.347500E+03  3.081492E-08  2.577697E-10
   2.352500E+03  3.079328E-08  2.576613E-10
   2.357500E+03  3.074904E-08  2.575316E-10
   2.362500E+03  3.072356E-08  2.574248E-10
   2.367500E+03  3.050874E-08  2.565874E-10
   2.372500E+03  3.069624E-08  2.573890E-10
   2.377500E+03  3.022980E-08  2.552956E-10
   2.382500E+03  3.029564E-08  2.556933E-10
   2.387500E+03  3.011989E-08  2.548572E-10
   2.392500E+03  3.024053E-08  2.554065E-10
   2.397500E+03  3.026731E-08  2.555165E-10
   2.402500E+03  2.989952E-08  2.540078E-10
   2.407500E+03  2.987186E-08  2.539074E-10
   2.412500E+03  2.984735E-08  2.537541E-10
   2.417500E+03  2.980257E-08  2.535591E-10
   2.422500E+03  2.956214E-08  2.525813E-10
   2.427500E+03  2.939957E-08  2.517679E-10
   2.432500E+03  2.935870E-08  2.516354E-10
   2.437500E+03  2.934757E-08  2.515948E-10
   2.442500E+03  2.932102E-08  2.516095E-10
   2.447500E+03  2.914874E-08  2.507643E-10
   2.452500E+03  2.901891E-08  2.503341E-10
   2.457500E+03  2.895973E-08  2.499785E-10
   2.462500E+03  2.878606E-08  2.492284E-10
   2.467500E+03  2.879857E-08  2.493805E-10
   2.472500E+03  2.867851E-08  2.487628E-10
   2.477500E+03  2.864758E-08  2.486948E-10
   2.482500E+03  2.855187E-08  2.481574E-10
   2.487500E+03  2.836666E-08  2.474879E-10
   2.492500E+03  2.837882E-08  2.474124E-10
   2.497500E+03  2.826288E-08  2.470946E-10
   2.502500E+03  2.820931E-08  2.467374E-10
   2.507500E+03  2.821379E-08  2.468939E-10
   2.512500E+03  2.778198E-08  2.449283E-10
   2.517500E+03  2.793687E-08  2.456205E-10
   2.522500E+03  2.781985E-08  2.451827E-10
   2.527500E+03  2.786381E-08  2.453292E-10
   2.532500E+03  2.766695E-08  2.443908E-10
   2.537500E+03  2.764310E-08  2.443934E-10
   2.542500E+03  2.757225E-08  2.440373E-10
   2.547500E+03  2.743340E-08  2.434606E-10
   2.552500E+03  2.723499E-08  2.425704E-10
   2.557500E+03  2.720270E-08  2.423740E-10
   2.562500E+03  2.718797E-08  2.423208E-10
   2.567500E+03  2.708925E-08  2.419957E-10
   2.572500E+03  2.703913E-08  2.417101E-10
   2.577500E+03  2.688169E-08  2.409910E-10
   2.582500E+03  2.689057E-08  2.411344E-10
   2.587500E+03  2.679682E-08  2.406384E-10
   2.592500E+03  2.670246E-08  2.402373E-10
   2.597500E+03  2.646103E-08  2.391507E-10
   2.602500E+03  2.645102E-08  2.391169E-10
   2.607500E+03  2.642557E-08  2.390202E-10
   2.612500E+03  2.628080E-08  2.383778E-10
   2.617500E+03  2.618404E-08  2.379388E-10
   2.622500E+03  2.615223E-08  2.377567E-10
   2.627500E+03  2.607419E-08  2.374080E-10
   2.632500E+03  2.606256E-08  2.372624E-10
   2.637500E+03  2.587930E-08  2.365264E-10
   2.642500E+03  2.587164E-08  2.364879E-10
   2.647500E+03  2.566607E-08  2.355849E-10
   2.652500E+03  2.556491E-08  2.351561E-10
   2.657500E+03  2.560464E-08  2.352931E-10
   2.662500E+03  2.551571E-08  2.348621E-10
   2.667500E+03  2.552707E-08  2.349426E-10
   2.672500E+03  2.527250E-08  2.337684E-10
   2.677500E+03  2.526160E-08  2.336935E-10
   2.682500E+03  2.521965E-08  2.335032E-10
   2.687500E+03  2.509853E-08  2.330651E-10
   2.692500E+03  2.498977E-08  2.325212E-10
   2.697500E+03  2.503908E-08  2.326801E-10
   2.702500E+03  2.476695E-08  2.315166E-10
   2.707500E+03  2.470523E-08  2.311243E-10
   2.712500E+03  2.476568E-08  2.314930E-10
   2.717500E+03  2.451472E-08  2.303152E-10
   2.722500E+03  2.448497E-08  2.302669E-10
   2.727500E+03  2.436735E-08  2.295768E-10
   2.732500E+03  2.438085E-08  2.297204E-10
   2.737500E+03  2.425696E-08  2.290534E-10
   2.742500E+03  2.409328E-08  2.283064E-10
   2.747500E+03  2.427514E-08  2.292003E-10
   2.752500E+03  2.409179E-08  2.282483E-10
   2.757500E+03  2.408268E-08  2.283479E-10
   2.762500E+03  2.390119E-08  2.275182E-10
   2.767500E+03  2.388657E-08  2.273771E-10
   2.772500E+03  2.375862E-08  2.268089E-10
   2.777500E+03  2.376154E-08  2.268231E-10
   2.782500E+03  2.369764E-08  2.265753E-10
   2.787500E+03  2.347498E-08  2.254608E-10
   2.792500E+03  2.346827E-08  2.254563E-10
   2.797500E+03  2.343870E-08  2.252523E-10
   2.802500E+03  2.333736E-08  2.248028E-10
   2.807500E+03  2.334842E-08  2.248072E-10
   2.812500E+03  2.323113E-08  2.242442E-10
   2.817500E+03  2.312565E-08  2.238074E-10
   2.822500E+03  2.296949E-08  2.231076E-10
   2.827500E+03  2.304315E-08  2.233889E-10
   2.832500E+03  2.297300E-08  2.231328E-10
   2.837500E+03  2.281634E-08  2.224075E-10
   2.842500E+03  2.259771E-08  2.213480E-10
   2.847500E+03  2.264627E-08  2.215274E-10
   2.852500E+03  2.263549E-08  2.214010E-10
   2.857500E+03  2.257857E-08  2.212219E-10
   2.862500E+03  2.246405E-08  2.206543E-10
   2.867500E+03  2.246927E-08  2.206997E-10
   2.872500E+03  2.224910E-08  2.196097E-10
   2.877500E+03  2.222227E-08  2.194698E-10
   2.882500E+03  2.220231E-08  2.194389E-10
   2.887500E+03  2.208508E-08  2.187561E-10
   2.892500E+03  2.195468E-08  2.182068E-10
   2.897500E+03  2.200516E-08  2.184707E-10
   2.902500E+03  2.184858E-08  2.176362E-10
   2.907500E+03  2.188522E-08  2.178532E-10
   2.912500E+03  2.165764E-08  2.166621E-10
   2.917500E+03  2.172546E-08  2.170167E-10
   2.922500E+03  2.159049E-08  2.163880E-10
   2.927500E+03  2.146006E-08  2.158124E-10
   2.932500E+03  2.143256E-08  2.156326E-10
   2.937500E+03  2.147620E-08  2.158082E-10
   2.942500E+03  2.128415E-08  2.148160E-10
   2.947500E+03  2.133705E-08  2.150775E-10
   2.952500E+03  2.117318E-08  2.143041E-10
   2.957500E+03  2.112676E-08  2.141701E-10
   2.962500E+03  2.103349E-08  2.136677E-10
   2.967500E+03  2.096581E-08  2.133120E-10
   2.972500E+03  2.081249E-08  2.124672E-10
   2.977500E+03  2.082847E-08  2.126706E-10
   2.982500E+03  2.087748E-08  2.129016E-10
   2.987500E+03  2.071611E-08  2.120452E-10
   2.992500E+03  2.066274E-08  2.118384E-10
   2.997500E+03  2.069024E-08  2.119614E-10
   3.002500E+03  2.041496E-08  2.105735E-10
   3.007500E+03  2.044352E-08  2.106071E-10
   3.012500E+03  2.023520E-08  2.095602E-10
   3.017500E+03  2.009516E-08  2.088702E-10
   3.022500E+03  2.021363E-08  2.094507E-10
   3.027500E+03  2.008489E-08  2.088877E-10
   3.032500E+03  1.998185E-08  2.083280E-10
   3.037500E+03  1.998824E-08  2.083335E-10
   3.042500E+03  1.985330E-08  2.076138E-10
   3.047500E+03  1.995372E-08  2.081460E-10
   3.052500E+03  1.970474E-08  2.068397E-10
   3.057500E+03  1.989067E-08  2.078145E-10
   3.062500E+03  1.958154E-08  2.062709E-10
   3.067500E+03  1.971505E-08  2.070059E-10
   3.072500E+03  1.965449E-08  2.066585E-10
   3.077500E+03  1.939823E-08  2.052617E-10
   3.082500E+03  1.933579E-08  2.049715E-10
   3.087500E+03  1.933882E-08  2.050569E-10
   3.092500E+03  1.913193E-08  2.039131E-10
   3.097500E+03  1.915942E-08  2.040655E-10
   3.102500E+03  1.920712E-08  2.043634E-10
   3.107500E+03  1.894657E-08  2.030250E-10
   3.112500E+03  1.889428E-08  2.026837E-10
   3.117500E+03  1.884311E-08  2.024208E-10
   3.122500E+03  1.889957E-08  2.026947E-10
   3.127500E+03  1.880355E-08  2.021955E-10
   3.132500E+03  1.874036E-08  2.018801E-10
   3.137500E+03  1.863748E-08  2.013156E-10
   3.142500E+03  1.870001E-08  2.016616E-10
   3.147500E+03  1.850803E-08  2.005997E-10
   3.152500E+03  1.837313E-08  1.999573E-10
   3.157500E+03  1.845614E-08  2.003930E-10
   3.162500E+03  1.835921E-08  1.998636E-10
   3.167500E+03  1.834245E-08  1.997626E-10
   3.172500E+03  1.822057E-08  1.991121E-10
   3.177500E+03  1.821841E-08  1.990949E-10
   3.182500E+03  1.823434E-08  1.991661E-10
   3.187500E+03  1.797144E-08  1.977348E-10
   3.192500E+03  1.803040E-08  1.980240E-10
   3.197500E+03  1.803808E-08  1.981244E-10
   3.202500E+03  1.783892E-08  1.970387E-10
   3.207500E+03  1.785784E-08  1.971645E-10
   3.212500E+03  1.768519E-08  1.962569E-10
   3.217500E+03  1.761360E-08  1.958183E-10
   3.222500E+03  1.752449E-08  1.953539E-10
   3.227500E+03  1.757421E-08  1.956261E-10
   3.232500E+03  1.760721E-08  1.957630E-10
   3.237500E+03  1.746156E-08  1.950280E-10
   3.242500E+03  1.739827E-08  1.946079E-10
   3.247500E+03  1.734188E-08  1.943914E-10
   3.252500E+03  1.726712E-08  1.939186E-10
   3.257500E+03  1.714863E-08  1.932443E-10
   3.262500E+03  1.722379E-08  1.936573E-10
   3.267500E+03  1.709920E-08  1.930045E-10
   3.272500E+03  1.706784E-08  1.928560E-10
   3.277500E+03  1.695928E-08  1.922464E-10
   3.282500E+03  1.687054E-08  1.917672E-10
   3.287500E+03  1.680273E-08  1.913695E-10
   3.292500E+03  1.664180E-08  1.904691E-10
   3.297500E+03  1.679406E-08  1.913562E-10
   3.302500E+03  1.661311E-08  1.902810E-10
   3.307500E+03  1.651947E-08  1.897538E-10
   3.312500E+03  1.654054E-08  1.898275E-10
   3.317500E+03  1.645074E-08  1.893188E-10
   3.322500E+03  1.641714E-08  1.892171E-10
   3.327500E+03  1.631885E-08  1.886238E-10
   3.332500E+03  1.626678E-08  1.883317E-10
   3.337500E+03  1.619781E-08  1.878909E-10
   3.342500E+03  1.619129E-08  1.878994E-10
   3.347500E+03  1.610794E-08  1.874357E-10
   3.352500E+03  1.608312E-08  1.872425E-10
   3.357500E+03  1.588916E-08  1.861207E-10
   3.362500E+03  1.588858E-08  1.860921E-10
   3.367500E+03  1.584088E-08  1.858859E-10
   3.372500E+03  1.579666E-08  1.856195E-10
   3.377500E+03  1.570275E-08  1.850962E-10
   3.382500E+03  1.566452E-08  1.848306E-10
   3.387500E+03  1.558162E-08  1.844869E-10
   3.392500E+03  1.554197E-08  1.841752E-10
   3.397500E+03  1.561119E-08  1.845419E-10
   3.402500E+03  1.543831E-08  1.835621E-10
   3.407500E+03  1.537730E-08  1.831637E-10
   3.412500E+03  1.527837E-08  1.825749E-10
   3.417500E+03  1.520531E-08  1.821303E-10
   3.422500E+03  1.522394E-08  1.822947E-10
   3.427500E+03  1.520059E-08  1.821757E-10
   3.432500E+03  1.502601E-08  1.810749E-10
   3.437500E+03  1.503551E-08  1.811986E-10
   3.442500E+03  1.498361E-08  1.808519E-10
   3.447500E+03  1.495373E-08  1.807334E-10
   3.452500E+03  1.488555E-08  1.803203E-10
   3.457500E+03  1.480074E-08  1.798242E-10
   3.462500E+03  1.479871E-08  1.797206E-10
   3.467500E+03  1.476675E-08  1.795867E-10
   3.472500E+03  1.472915E-08  1.793874E-10
   3.477500E+03  1.469784E-08  1.792070E-10
   3.482500E+03  1.450436E-08  1.779893E-10
   3.487500E+03  1.442156E-08  1.774750E-10
   3.492500E+03  1.438212E-08  1.772656E-10
   3.497500E+03  1.426738E-08  1.765494E-10
   3.502500E+03  1.435564E-08  1.771061E-10
   3.507500E+03  1.414500E-08  1.758042E-10
   3.512500E+03  1.427985E-08  1.766284E-10
   3.517500E+03  1.417458E-08  1.760270E-10
   3.522500E+03  1.398542E-08  1.748736E-10
   3.527500E+03  1.402183E-08  1.750641E-10
   3.532500E+03  1.403427E-08  1.751552E-10
   3.537500E+03  1.391394E-08  1.744030E-10
   3.542500E+03  1.388480E-08  1.742478E-10
   3.547500E+03  1.383040E-08  1.739237E-10
   3.552500E+03  1.371881E-08  1.732019E-10
   3.557500E+03  1.363872E-08  1.726541E-10
   3.562500E+03  1.367005E-08  1.729360E-10
   3.567500E+03  1.357372E-08  1.723345E-10
   3.572500E+03  1.343587E-08  1.714332E-10
   3.577500E+03  1.354113E-08  1.720630E-10
   3.582500E+03  1.344952E-08  1.714181E-10
   3.587500E+03  1.342084E-08  1.712853E-10
   3.592500E+03  1.328534E-08  1.704568E-10
   3.597500E+03  1.328535E-08  1.704534E-10
   3.602500E+03  1.318576E-08  1.697922E-10
   3.607500E+03  1.320127E-08  1.699504E-10
   3.612500E+03  1.315956E-08  1.696757E-10
   3.617500E+03  1.307316E-08  1.691011E-10
   3.622500E+03  1.293473E-08  1.682569E-10
   3.627500E+03  1.282919E-08  1.675834E-10
   3.632500E+03  1.279307E-08  1.672436E-10
   3.637500E+03  1.279833E-08  1.673845E-10
   3.642500E+03  1.279353E-08  1.673567E-10
   3.647500E+03  1.270417E-08  1.667757E-10
   3.652500E+03  1.263075E-08  1.662699E-10
   3.657500E+03  1.263846E-08  1.663618E-10
   3.662500E+03  1.247138E-08  1.652317E-10
   3.667500E+03  1.251202E-08  1.655520E-10
   3.672500E+03  1.243698E-08  1.649490E-10
   3.677500E+03  1.252554E-08  1.656102E-10
   3.682500E+03  1.227855E-08  1.639740E-10
   3.687500E+03  1.233868E-08  1.644220E-10
   3.692500E+03  1.221457E-08  1.635513E-10
   3.697500E+03  1.219916E-08  1.635120E-10
   3.702500E+03  1.215270E-08  1.631623E-10
   3.707500E+03  1.205647E-08  1.624869E-10
   3.712500E+03  1.207151E-08  1.626324E-10
   3.717500E+03  1.191269E-08  1.615543E-10
   3.722500E+03  1.186404E-08  1.612255E-10
   3.727500E+03  1.187309E-08  1.612984E-10
   3.732500E+03  1.188476E-08  1.613799E-10
   3.737500E+03  1.177004E-08  1.605320E-10
   3.742500E+03  1.168426E-08  1.600053E-10
   3.747500E+03  1.165794E-08  1.598053E-10
   3.752500E+03  1.166285E-08  1.598918E-10
   3.757500E+03  1.162748E-08  1.596386E-10
   3.762500E+03  1.154514E-08  1.590813E-10
   3.767500E+03  1.152028E-08  1.588686E-10
   3.772500E+03  1.141133E-08  1.581373E-10
   3.777500E+03  1.138785E-08  1.580449E-10
   3.782500E+03  1.135162E-08  1.577765E-10
   3.787500E+03  1.122153E-08  1.567739E-10
   3.792500E+03  1.123629E-08  1.569392E-10
   3.797500E+03  1.117466E-08  1.565127E-10
   3.802500E+03  1.107797E-08  1.558204E-10
   3.807500E+03  1.103057E-08  1.555546E-10
   3.812500E+03  1.100063E-08  1.553416E-10
   3.817500E+03  1.094198E-08  1.549418E-10
   3.822500E+03  1.082338E-08  1.540892E-10
   3.827500E+03  1.091330E-08  1.547263E-10
   3.832500E+03  1.081836E-08  1.540085E-10
   3.837500E+03  1.072191E-08  1.533392E-10
   3.842500E+03  1.073890E-08  1.534459E-10
   3.847500E+03  1.063117E-08  1.527103E-10
   3.852500E+03  1.054343E-08  1.521310E-10
   3.857500E+03  1.054829E-08  1.521026E-10
   3.862500E+03  1.050273E-08  1.517804E-10
   3.867500E+03  1.046204E-08  1.515143E-10
   3.872500E+03  1.037612E-08  1.508933E-10
   3.877500E+03  1.037626E-08  1.509166E-10
   3.882500E+03  1.029655E-08  1.503029E-10
   3.887500E+03  1.016108E-08  1.493425E-10
   3.892500E+03  1.026728E-08  1.501383E-10
   3.897500E+03  1.014241E-08  1.491813E-10
   3.902500E+03  1.012417E-08  1.490740E-10
   3.907500E+03  9.936208E-09  1.477015E-10
   3.912500E+03  1.011164E-08  1.490006E-10
   3.917500E+03  1.000762E-08  1.482245E-10
   3.922500E+03  9.915752E-09  1.475520E-10
   3.927500E+03  9.828203E-09  1.468713E-10
   3.932500E+03  9.728328E-09  1.461292E-10
   3.937500E+03  9.812297E-09  1.467557E-10
   3.942500E+03  9.747551E-09  1.463450E-10
   3.947500E+03  9.675813E-09  1.457704E-10
   3.952500E+03  9.561276E-09  1.448850E-10
   3.957500E+03  9.566761E-09  1.449747E-10
   3.962500E+03  9.529196E-09  1.446502E-10
   3.967500E+03  9.418133E-09  1.438341E-10
   3.972500E+03  9.427823E-09  1.439375E-10
   3.977500E+03  9.370287E-09  1.434630E-10
   3.982500E+03  9.348129E-09  1.433351E-10
   3.987500E+03  9.311139E-09  1.429977E-10
   3.992500E+03  9.169538E-09  1.419426E-10
   3.997500E+03  9.136100E-09  1.416872E-10
   4.002500E+03  9.088438E-09  1.413255E-10
   4.007500E+03  9.108819E-09  1.414662E-10
   4.012500E+03  9.040364E-09  1.409358E-10
   4.017500E+03  8.953913E-09  1.402849E-10
   4.022500E+03  8.846874E-09  1.394553E-10
   4.027500E+03  8.911752E-09  1.399572E-10
   4.032500E+03  8.864142E-09  1.395464E-10
   4.037500E+03  8.650057E-09  1.378710E-10
   4.042500E+03  8.830372E-09  1.393000E-10
   4.047500E+03  8.780759E-09  1.389041E-10
   4.052500E+03  8.651671E-09  1.378962E-10
   4.057500E+03  8.598548E-09  1.375028E-10
   4.062500E+03  8.571940E-09  1.372918E-10
   4.067500E+03  8.468720E-09  1.364592E-10
   4.072500E+03  8.534179E-09  1.369565E-10
   4.077500E+03  8.403610E-09  1.358580E-10
   4.082500E+03  8.350250E-09  1.355055E-10
   4.087500E+03  8.294092E-09  1.350346E-10
   4.092500E+03  8.252995E-09  1.347575E-10
   4.097500E+03  8.210971E-09  1.343576E-10
   4.102500E+03  8.181355E-09  1.341409E-10
   4.107500E+03  8.060901E-09  1.331390E-10
   4.112500E+03  8.092357E-09  1.334177E-10
   4.117500E+03  8.091099E-09  1.333575E-10
   4.122500E+03  7.891709E-09  1.317571E-10
   4.127500E+03  7.904056E-09  1.318357E-10
   4.132500E+03  7.878244E-09  1.316267E-10
   4.137500E+03  7.890475E-09  1.317259E-10
   4.142500E+03  7.853855E-09  1.314425E-10
   4.147500E+03  7.680183E-09  1.300257E-10
   4.152500E+03  7.735963E-09  1.304504E-10
   4.157500E+03  7.640264E-09  1.296260E-10
   4.162500E+03  7.645541E-09  1.297128E-10
   4.167500E+03  7.567256E-09  1.290347E-10
   4.172500E+03  7.527131E-09  1.287139E-10
   4.177500E+03  7.456607E-09  1.281177E-10
   4.182500E+03  7.440195E-09  1.279166E-10
   4.187500E+03  7.345870E-09  1.271179E-10
   4.192500E+03  7.381559E-09  1.274634E-10
   4.197500E+03  7.304189E-09  1.267499E-10
   4.202500E+03  7.229892E-09  1.261249E-10
   4.207500E+03  7.138719E-09  1.253150E-10
   4.212500E+03  7.122441E-09  1.252059E-10
   4.217500E+03  7.066027E-09  1.246575E-10
   4.222500E+03  7.034381E-09  1.244155E-10
   4.227500E+03  7.031207E-09  1.243937E-10
   4.232500E+03  6.949442E-09  1.236793E-10
   4.237500E+03  6.902402E-09  1.232154E-10
   4.242500E+03  6.832560E-09  1.225939E-10
   4.247500E+03  6.823272E-09  1.225603E-10
   4.252500E+03  6.776981E-09  1.221212E-10
   4.257500E+03  6.705401E-09  1.214528E-10
   4.262500E+03  6.693521E-09  1.213563E-10
   4.267500E+03  6.736396E-09  1.217647E-10
   4.272500E+03  6.564526E-09  1.202368E-10
   4.277500E+03  6.569879E-09  1.202468E-10
   4.282500E+03  6.428698E-09  1.189609E-10
   4.287500E+03  6.423244E-09  1.188813E-10
   4.292500E+03  6.383609E-09  1.185177E-10
   4.297500E+03  6.301177E-09  1.177987E-10
   4.302500E+03  6.397242E-09  1.186662E-10
   4.307500E+03  6.364201E-09  1.183236E-10
   4.312500E+03  6.245998E-09  1.172808E-10
   4.317500E+03  6.207497E-09  1.168608E-10
   4.322500E+03  6.159167E-09  1.164449E-10
   4.327500E+03  6.121567E-09  1.160825E-10
   4.332500E+03  5.991004E-09  1.148223E-10
   4.337500E+03  6.030106E-09  1.152218E-10
   4.342500E+03  5.984255E-09  1.147630E-10
   4.347500E+03  6.010191E-09  1.150126E-10
   4.352500E+03  5.873958E-09  1.137343E-10
   4.357500E+03  5.827073E-09  1.132764E-10
   4.362500E+03  5.819495E-09  1.131664E-10
   4.367500E+03  5.748287E-09  1.125146E-10
   4.372500E+03  5.717970E-09  1.121703E-10
   4.377500E+03  5.636527E-09  1.114281E-10
   4.382500E+03  5.613421E-09  1.111817E-10
   4.387500E+03  5.586457E-09  1.108983E-10
   4.392500E+03  5.495462E-09  1.100292E-10
   4.397500E+03  5.538021E-09  1.104175E-10
   4.402500E+03  5.466752E-09  1.097057E-10
   4.407500E+03  5.417016E-09  1.092027E-10
   4.412500E+03  5.340220E-09  1.084325E-10
   4.417500E+03  5.298050E-09  1.080304E-10
   4.422500E+03  5.251733E-09  1.075177E-10
   4.427500E+03  5.304989E-09  1.080484E-10
   4.432500E+03  5.139700E-09  1.064091E-10
   4.437500E+03  5.138972E-09  1.063729E-10
   4.442500E+03  5.117851E-09  1.061590E-10
   4.447500E+03  5.043735E-09  1.053858E-10
   4.452500E+03  5.024076E-09  1.051681E-10
   4.457500E+03  4.949644E-09  1.044026E-10
   4.462500E+03  4.872492E-09  1.035886E-10
   4.467500E+03  4.894520E-09  1.038255E-10
   4.472500E+03  4.759320E-09  1.023783E-10
   4.477500E+03  4.800244E-09  1.027874E-10
   4.482500E+03  4.764046E-09  1.024331E-10
   4.487500E+03  4.742435E-09  1.021951E-10
   4.492500E+03  4.695568E-09  1.016694E-10
   4.497500E+03  4.683086E-09  1.015751E-10
   4.502500E+03  4.616309E-09  1.008306E-10
   4.507500E+03  4.592253E-09  1.005567E-10
   4.512500E+03  4.454028E-09  9.904193E-11
   4.517500E+03  4.429410E-09  9.876541E-11
   4.522500E+03  4.442298E-09  9.888814E-11
   4.527500E+03  4.421254E-09  9.866309E-11
   4.532500E+03  4.420443E-09  9.865527E-11
   4.537500E+03  4.262988E-09  9.686385E-11
   4.542500E+03  4.234450E-09  9.654573E-11
   4.547500E+03  4.216509E-09  9.634066E-11
   4.552500E+03  4.240237E-09  9.663883E-11
   4.557500E+03  4.099817E-09  9.501524E-11
   4.562500E+03  4.144350E-09  9.550458E-11
   4.567500E+03  4.021465E-09  9.407915E-11
   4.572500E+03  4.036632E-09  9.429045E-11
   4.577500E+03  3.931443E-09  9.306202E-11
   4.582500E+03  3.890669E-09  9.254296E-11
   4.587500E+03  3.892059E-09  9.261313E-11
   4.592500E+03  3.812394E-09  9.162818E-11
   4.597500E+03  3.777168E-09  9.122234E-11
   4.602500E+03  3.750343E-09  9.085178E-11
   4.607500E+03  3.672630E-09  8.992922E-11
   4.612500E+03  3.646211E-09  8.962974E-11
   4.617500E+03  3.605358E-09  8.909104E-11
   4.622500E+03  3.551380E-09  8.844145E-11
   4.627500E+03  3.539721E-09  8.829101E-11
   4.632500E+03  3.441543E-09  8.705931E-11
   4.637500E+03  3.489573E-09  8.765825E-11
   4.642500E+03  3.371909E-09  8.617621E-11
   4.647500E+03  3.332196E-09  8.566738E-11
   4.652500E+03  3.366199E-09  8.609638E-11
   4.657500E+03  3.280663E-09  8.497884E-11
   4.662500E+03  3.219507E-09  8.418391E-11
   4.667500E+03  3.216082E-09  8.415837E-11
   4.672500E+03  3.140249E-09  8.316178E-11
   4.677500E+03  3.157617E-09  8.340400E-11
   4.682500E+03  3.091485E-09  8.250730E-11
   4.687500E+03  2.984423E-09  8.106876E-11
   4.692500E+03  2.996899E-09  8.123779E-11
   4.697500E+03  2.927181E-09  8.028862E-11
   4.702500E+03  2.866269E-09  7.945682E-11
   4.707500E+03  2.802583E-09  7.854234E-11
   4.712500E+03  2.817344E-09  7.879052E-11
   4.717500E+03  2.774779E-09  7.815977E-11
   4.722500E+03  2.732704E-09  7.757250E-11
   4.727500E+03  2.719739E-09  7.738153E-11
   4.732500E+03  2.667144E-09  7.663750E-11
   4.737500E+03  2.568561E-09  7.519528E-11
   4.742500E+03  2.537493E-09  7.477556E-11
   4.747500E+03  2.473891E-09  7.382693E-11
   4.752500E+03  2.475114E-09  7.380137E-11
   4.757500E+03  2.432305E-09  7.317539E-11
   4.762500E+03  2.440377E-09  7.332600E-11
   4.767500E+03  2.354514E-09  7.200422E-11
   4.772500E+03  2.313906E-09  7.138127E-11
   4.777500E+03  2.292379E-09  7.104882E-11
   4.782500E+03  2.241497E-09  7.024908E-11
   4.787500E+03  2.230244E-09  7.006500E-11
   4.792500E+03  2.125790E-09  6.841349E-11
   4.797500E+03  2.079066E-09  6.767405E-11
   4.802500E+03  2.092031E-09  6.789238E-11
   4.807500E+03  2.019133E-09  6.670089E-11
   4.812500E+03  1.946235E-09  6.545480E-11
   4.817500E+03  1.920549E-09  6.501343E-11
   4.822500E+03  1.882388E-09  6.438125E-11
   4.827500E+03  1.827592E-09  6.342961E-11
   4.832500E+03  1.829304E-09  6.347627E-11
   4.837500E+03  1.770350E-09  6.243760E-11
   4.842500E+03  1.744909E-09  6.198775E-11
   4.847500E+03  1.682530E-09  6.087066E-11
   4.852500E+03  1.647059E-09  6.021725E-11
   4.857500E+03  1.605473E-09  5.945266E-11
   4.862500E+03  1.542359E-09  5.828232E-11
   4.867500E+03  1.515451E-09  5.777215E-11
   4.872500E+03  1.469951E-09  5.688015E-11
   4.877500E+03  1.418090E-09  5.586804E-11
   4.882500E+03  1.410507E-09  5.571850E-11
   4.887500E+03  1.324888E-09  5.401138E-11
   4.892500E+03  1.283791E-09  5.317774E-11
   4.897500E+03  1.240737E-09  5.227935E-11
   4.902500E+03  1.173221E-09  5.081732E-11
   4.907500E+03  1.191567E-09  5.121303E-11
   4.912500E+03  1.086134E-09  4.893936E-11
   4.917500E+03  1.038188E-09  4.780415E-11
   4.922500E+03  1.006387E-09  4.706644E-11
   4.927500E+03  9.784993E-10  4.643308E-11
   4.932500E+03  9.190554E-10  4.497835E-11
   4.937500E+03  8.796709E-10  4.400423E-11
   4.942500E+03  7.979662E-10  4.191119E-11
   4.947500E+03  7.898935E-10  4.169869E-11
   4.952500E+03  7.113690E-10  3.958569E-11
   4.957500E+03  6.712505E-10  3.844018E-11
   4.962500E+03  5.927259E-10  3.612214E-11
   4.967500E+03  5.533413E-10  3.490155E-11
   4.972500E+03  5.139567E-10  3.363668E-11
   4.977500E+03  4.914513E-10  3.289205E-11
   4.982500E+03  4.559807E-10  3.168294E-11
   4.987500E+03  4.146391E-10  3.021267E-11
   4.992500E+03  3.921336E-10  2.938136E-11
   4.997500E+03  3.454102E-10  2.757557E-11
