 #  Results from PENEPMA. Phi rho z distribution.
 #
 #  Z = 14, S1 =  1, S2 =  4
 #
 #  Angular intervals : theta_1 = 4.000000E+01,  theta_2 = 6.000000E+01
 #                        phi_1 = 0.000000E+00,    phi_2 = 3.600000E+02
 #
 # Intensities of characteristic lines. All in 1/(cm*sr*electron).
 #    P = primary photons (from electron interactions);
 #    C = flourescence from characteristic x rays;
 #    B = flourescence from bremsstrahlung quanta;
 #   TF = C+B, total fluorescence;
 #    T = P+C+B, total intensity;
 #    E = emitted; G = generated;
 #  unc = statistical uncertainty (3 sigma).
 #
 # D (cm)     DF (cm)    PE            unc       PG            unc       CE            unc       CG            unc       BE            unc       BG            unc       TFE           unc       TFG           unc       TE            unc       TG            unc
   0.000E+00  0.000E+00  0.000000E+00  0.00E+00  0.000000E+00  0.00E+00  0.000000E+00  0.00E+00  0.000000E+00  0.00E+00  0.000000E+00  0.00E+00  0.000000E+00  0.00E+00  0.000000E+00  0.00E+00  0.000000E+00  0.00E+00  0.000000E+00  0.00E+00  0.000000E+00  0.00E+00
   2.213E-07  4.425E-06  0.000000E+00  0.00E+00  0.000000E+00  0.00E+00  0.000000E+00  0.00E+00  0.000000E+00  0.00E+00  0.000000E+00  0.00E+00  0.000000E+00  0.00E+00  0.000000E+00  0.00E+00  0.000000E+00  0.00E+00  0.000000E+00  0.00E+00  0.000000E+00  0.00E+00
   4.425E-07  8.851E-06  2.058869E-01  8.13E-01  2.929636E-01  1.77E-02  0.000000E+00  0.00E+00  0.000000E+00  0.00E+00  8.146043E-04  3.43E-05  1.035504E-03  1.41E-05  8.146043E-04  3.43E-05  1.035504E-03  1.41E-05  0.000000E+00  0.00E+00  0.000000E+00  0.00E+00
   6.638E-07  1.328E-05  1.862786E-01  7.73E-01  2.251469E-01  1.55E-02  0.000000E+00  0.00E+00  0.000000E+00  0.00E+00  9.431752E-04  3.67E-05  1.236962E-03  1.53E-05  9.431752E-04  3.67E-05  1.236962E-03  1.53E-05  0.000000E+00  0.00E+00  0.000000E+00  0.00E+00
   8.851E-07  1.770E-05  7.665054E-02  4.96E-01  9.804975E-02  1.02E-02  0.000000E+00  0.00E+00  0.000000E+00  0.00E+00  8.814773E-04  3.55E-05  1.122799E-03  1.46E-05  8.814773E-04  3.55E-05  1.122799E-03  1.46E-05  0.000000E+00  0.00E+00  0.000000E+00  0.00E+00
   1.106E-06  2.213E-05  3.743399E-02  3.47E-01  4.351180E-02  6.81E-03  0.000000E+00  0.00E+00  0.000000E+00  0.00E+00  7.647526E-04  3.31E-05  1.004051E-03  1.39E-05  7.647526E-04  3.31E-05  1.004051E-03  1.39E-05  0.000000E+00  0.00E+00  0.000000E+00  0.00E+00
   1.328E-06  2.655E-05  9.804139E-03  1.77E-01  1.422729E-02  3.90E-03  0.000000E+00  0.00E+00  0.000000E+00  0.00E+00  7.036418E-04  3.18E-05  9.240241E-04  1.33E-05  7.036418E-04  3.18E-05  9.240241E-04  1.33E-05  0.000000E+00  0.00E+00  0.000000E+00  0.00E+00
   1.549E-06  3.098E-05  1.782571E-03  7.56E-02  4.623870E-03  2.22E-03  0.000000E+00  0.00E+00  0.000000E+00  0.00E+00  6.591927E-04  3.08E-05  8.484036E-04  1.28E-05  6.591927E-04  3.08E-05  8.484036E-04  1.28E-05  0.000000E+00  0.00E+00  0.000000E+00  0.00E+00
   1.770E-06  3.540E-05  8.912854E-04  5.35E-02  1.185608E-03  1.12E-03  0.000000E+00  0.00E+00  0.000000E+00  0.00E+00  6.038086E-04  2.95E-05  7.866581E-04  1.23E-05  6.038086E-04  2.95E-05  7.866581E-04  1.23E-05  0.000000E+00  0.00E+00  0.000000E+00  0.00E+00
   1.991E-06  3.983E-05  0.000000E+00  0.00E+00  3.556823E-04  6.16E-04  0.000000E+00  0.00E+00  0.000000E+00  0.00E+00  5.550428E-04  2.83E-05  7.364310E-04  1.19E-05  5.550428E-04  2.83E-05  7.364310E-04  1.19E-05  0.000000E+00  0.00E+00  0.000000E+00  0.00E+00
   2.213E-06  4.425E-05  0.000000E+00  0.00E+00  0.000000E+00  0.00E+00  0.000000E+00  0.00E+00  0.000000E+00  0.00E+00  5.298627E-04  2.77E-05  6.962064E-04  1.16E-05  5.298627E-04  2.77E-05  6.962064E-04  1.16E-05  0.000000E+00  0.00E+00  0.000000E+00  0.00E+00
   2.434E-06  4.868E-05  0.000000E+00  0.00E+00  0.000000E+00  0.00E+00  0.000000E+00  0.00E+00  0.000000E+00  0.00E+00  4.852714E-04  2.65E-05  6.520347E-04  1.12E-05  4.852714E-04  2.65E-05  6.520347E-04  1.12E-05  0.000000E+00  0.00E+00  0.000000E+00  0.00E+00
   2.655E-06  5.311E-05  0.000000E+00  0.00E+00  0.000000E+00  0.00E+00  0.000000E+00  0.00E+00  0.000000E+00  0.00E+00  4.596940E-04  2.58E-05  6.127064E-04  1.09E-05  4.596940E-04  2.58E-05  6.127064E-04  1.09E-05  0.000000E+00  0.00E+00  0.000000E+00  0.00E+00
   2.877E-06  5.753E-05  0.000000E+00  0.00E+00  0.000000E+00  0.00E+00  0.000000E+00  0.00E+00  0.000000E+00  0.00E+00  4.466747E-04  2.54E-05  5.853809E-04  1.06E-05  4.466747E-04  2.54E-05  5.853809E-04  1.06E-05  0.000000E+00  0.00E+00  0.000000E+00  0.00E+00
   3.098E-06  6.196E-05  0.000000E+00  0.00E+00  0.000000E+00  0.00E+00  0.000000E+00  0.00E+00  0.000000E+00  0.00E+00  4.071139E-04  2.43E-05  5.561889E-04  1.04E-05  4.071139E-04  2.43E-05  5.561889E-04  1.04E-05  0.000000E+00  0.00E+00  0.000000E+00  0.00E+00
   3.319E-06  6.638E-05  0.000000E+00  0.00E+00  0.000000E+00  0.00E+00  0.000000E+00  0.00E+00  0.000000E+00  0.00E+00  4.118036E-04  2.44E-05  5.319205E-04  1.01E-05  4.118036E-04  2.44E-05  5.319205E-04  1.01E-05  0.000000E+00  0.00E+00  0.000000E+00  0.00E+00
   3.540E-06  7.081E-05  0.000000E+00  0.00E+00  0.000000E+00  0.00E+00  0.000000E+00  0.00E+00  0.000000E+00  0.00E+00  3.769789E-04  2.34E-05  5.006418E-04  9.82E-06  3.769789E-04  2.34E-05  5.006418E-04  9.82E-06  0.000000E+00  0.00E+00  0.000000E+00  0.00E+00
   3.762E-06  7.523E-05  0.000000E+00  0.00E+00  0.000000E+00  0.00E+00  0.000000E+00  0.00E+00  0.000000E+00  0.00E+00  3.442240E-04  2.24E-05  4.845217E-04  9.67E-06  3.442240E-04  2.24E-05  4.845217E-04  9.67E-06  0.000000E+00  0.00E+00  0.000000E+00  0.00E+00
   3.983E-06  7.966E-05  0.000000E+00  0.00E+00  0.000000E+00  0.00E+00  0.000000E+00  0.00E+00  0.000000E+00  0.00E+00  3.358968E-04  2.21E-05  4.671472E-04  9.49E-06  3.358968E-04  2.21E-05  4.671472E-04  9.49E-06  0.000000E+00  0.00E+00  0.000000E+00  0.00E+00
   4.204E-06  8.408E-05  0.000000E+00  0.00E+00  0.000000E+00  0.00E+00  0.000000E+00  0.00E+00  0.000000E+00  0.00E+00  3.243115E-04  2.17E-05  4.473327E-04  9.30E-06  3.243115E-04  2.17E-05  4.473327E-04  9.30E-06  0.000000E+00  0.00E+00  0.000000E+00  0.00E+00
   4.425E-06  8.851E-05  0.000000E+00  0.00E+00  0.000000E+00  0.00E+00  0.000000E+00  0.00E+00  0.000000E+00  0.00E+00  2.949275E-04  2.07E-05  4.240468E-04  9.05E-06  2.949275E-04  2.07E-05  4.240468E-04  9.05E-06  0.000000E+00  0.00E+00  0.000000E+00  0.00E+00
   4.647E-06  9.294E-05  0.000000E+00  0.00E+00  0.000000E+00  0.00E+00  0.000000E+00  0.00E+00  0.000000E+00  0.00E+00  2.979600E-04  2.08E-05  4.096331E-04  8.89E-06  2.979600E-04  2.08E-05  4.096331E-04  8.89E-06  0.000000E+00  0.00E+00  0.000000E+00  0.00E+00
   4.868E-06  9.736E-05  0.000000E+00  0.00E+00  0.000000E+00  0.00E+00  0.000000E+00  0.00E+00  0.000000E+00  0.00E+00  2.730734E-04  1.99E-05  3.959836E-04  8.74E-06  2.730734E-04  1.99E-05  3.959836E-04  8.74E-06  0.000000E+00  0.00E+00  0.000000E+00  0.00E+00
   5.089E-06  1.018E-04  0.000000E+00  0.00E+00  0.000000E+00  0.00E+00  0.000000E+00  0.00E+00  0.000000E+00  0.00E+00  2.719392E-04  1.99E-05  3.803429E-04  8.57E-06  2.719392E-04  1.99E-05  3.803429E-04  8.57E-06  0.000000E+00  0.00E+00  0.000000E+00  0.00E+00
   5.311E-06  1.062E-04  0.000000E+00  0.00E+00  0.000000E+00  0.00E+00  0.000000E+00  0.00E+00  0.000000E+00  0.00E+00  2.549093E-04  1.92E-05  3.637730E-04  8.39E-06  2.549093E-04  1.92E-05  3.637730E-04  8.39E-06  0.000000E+00  0.00E+00  0.000000E+00  0.00E+00
   5.532E-06  1.106E-04  0.000000E+00  0.00E+00  0.000000E+00  0.00E+00  0.000000E+00  0.00E+00  0.000000E+00  0.00E+00  2.496493E-04  1.91E-05  3.489151E-04  8.21E-06  2.496493E-04  1.91E-05  3.489151E-04  8.21E-06  0.000000E+00  0.00E+00  0.000000E+00  0.00E+00
   5.753E-06  1.151E-04  0.000000E+00  0.00E+00  0.000000E+00  0.00E+00  0.000000E+00  0.00E+00  0.000000E+00  0.00E+00  2.309391E-04  1.83E-05  3.347972E-04  8.04E-06  2.309391E-04  1.83E-05  3.347972E-04  8.04E-06  0.000000E+00  0.00E+00  0.000000E+00  0.00E+00
   5.974E-06  1.195E-04  0.000000E+00  0.00E+00  0.000000E+00  0.00E+00  0.000000E+00  0.00E+00  0.000000E+00  0.00E+00  2.272312E-04  1.82E-05  3.249639E-04  7.93E-06  2.272312E-04  1.82E-05  3.249639E-04  7.93E-06  0.000000E+00  0.00E+00  0.000000E+00  0.00E+00
   6.196E-06  1.239E-04  0.000000E+00  0.00E+00  0.000000E+00  0.00E+00  0.000000E+00  0.00E+00  0.000000E+00  0.00E+00  2.052219E-04  1.72E-05  3.110141E-04  7.75E-06  2.052219E-04  1.72E-05  3.110141E-04  7.75E-06  0.000000E+00  0.00E+00  0.000000E+00  0.00E+00
   6.417E-06  1.283E-04  0.000000E+00  0.00E+00  0.000000E+00  0.00E+00  0.000000E+00  0.00E+00  0.000000E+00  0.00E+00  2.008706E-04  1.71E-05  3.068767E-04  7.70E-06  2.008706E-04  1.71E-05  3.068767E-04  7.70E-06  0.000000E+00  0.00E+00  0.000000E+00  0.00E+00
   6.638E-06  1.328E-04  0.000000E+00  0.00E+00  0.000000E+00  0.00E+00  0.000000E+00  0.00E+00  0.000000E+00  0.00E+00  1.981687E-04  1.70E-05  2.976894E-04  7.59E-06  1.981687E-04  1.70E-05  2.976894E-04  7.59E-06  0.000000E+00  0.00E+00  0.000000E+00  0.00E+00
   6.860E-06  1.372E-04  0.000000E+00  0.00E+00  0.000000E+00  0.00E+00  0.000000E+00  0.00E+00  0.000000E+00  0.00E+00  1.875615E-04  1.65E-05  2.798635E-04  7.35E-06  1.875615E-04  1.65E-05  2.798635E-04  7.35E-06  0.000000E+00  0.00E+00  0.000000E+00  0.00E+00
   7.081E-06  1.416E-04  0.000000E+00  0.00E+00  0.000000E+00  0.00E+00  0.000000E+00  0.00E+00  0.000000E+00  0.00E+00  1.905979E-04  1.67E-05  2.775345E-04  7.32E-06  1.905979E-04  1.67E-05  2.775345E-04  7.32E-06  0.000000E+00  0.00E+00  0.000000E+00  0.00E+00
   7.302E-06  1.460E-04  0.000000E+00  0.00E+00  0.000000E+00  0.00E+00  0.000000E+00  0.00E+00  0.000000E+00  0.00E+00  1.789485E-04  1.61E-05  2.675330E-04  7.19E-06  1.789485E-04  1.61E-05  2.675330E-04  7.19E-06  0.000000E+00  0.00E+00  0.000000E+00  0.00E+00
   7.523E-06  1.505E-04  0.000000E+00  0.00E+00  0.000000E+00  0.00E+00  0.000000E+00  0.00E+00  0.000000E+00  0.00E+00  1.715352E-04  1.58E-05  2.584898E-04  7.07E-06  1.715352E-04  1.58E-05  2.584898E-04  7.07E-06  0.000000E+00  0.00E+00  0.000000E+00  0.00E+00
   7.745E-06  1.549E-04  0.000000E+00  0.00E+00  0.000000E+00  0.00E+00  0.000000E+00  0.00E+00  0.000000E+00  0.00E+00  1.667558E-04  1.56E-05  2.465009E-04  6.90E-06  1.667558E-04  1.56E-05  2.465009E-04  6.90E-06  0.000000E+00  0.00E+00  0.000000E+00  0.00E+00
   7.966E-06  1.593E-04  0.000000E+00  0.00E+00  0.000000E+00  0.00E+00  0.000000E+00  0.00E+00  0.000000E+00  0.00E+00  1.570047E-04  1.51E-05  2.436198E-04  6.87E-06  1.570047E-04  1.51E-05  2.436198E-04  6.87E-06  0.000000E+00  0.00E+00  0.000000E+00  0.00E+00
   8.187E-06  1.637E-04  0.000000E+00  0.00E+00  0.000000E+00  0.00E+00  0.000000E+00  0.00E+00  0.000000E+00  0.00E+00  1.537621E-04  1.50E-05  2.363342E-04  6.76E-06  1.537621E-04  1.50E-05  2.363342E-04  6.76E-06  0.000000E+00  0.00E+00  0.000000E+00  0.00E+00
   8.408E-06  1.682E-04  0.000000E+00  0.00E+00  0.000000E+00  0.00E+00  0.000000E+00  0.00E+00  0.000000E+00  0.00E+00  1.500157E-04  1.48E-05  2.321421E-04  6.71E-06  1.500157E-04  1.48E-05  2.321421E-04  6.71E-06  0.000000E+00  0.00E+00  0.000000E+00  0.00E+00
   8.630E-06  1.726E-04  0.000000E+00  0.00E+00  0.000000E+00  0.00E+00  0.000000E+00  0.00E+00  0.000000E+00  0.00E+00  1.464346E-04  1.46E-05  2.217623E-04  6.55E-06  1.464346E-04  1.46E-05  2.217623E-04  6.55E-06  0.000000E+00  0.00E+00  0.000000E+00  0.00E+00
   8.851E-06  1.770E-04  0.000000E+00  0.00E+00  0.000000E+00  0.00E+00  0.000000E+00  0.00E+00  0.000000E+00  0.00E+00  1.376191E-04  1.41E-05  2.166173E-04  6.48E-06  1.376191E-04  1.41E-05  2.166173E-04  6.48E-06  0.000000E+00  0.00E+00  0.000000E+00  0.00E+00
   9.072E-06  1.814E-04  0.000000E+00  0.00E+00  0.000000E+00  0.00E+00  0.000000E+00  0.00E+00  0.000000E+00  0.00E+00  1.339701E-04  1.39E-05  2.092579E-04  6.36E-06  1.339701E-04  1.39E-05  2.092579E-04  6.36E-06  0.000000E+00  0.00E+00  0.000000E+00  0.00E+00
   9.294E-06  1.859E-04  0.000000E+00  0.00E+00  0.000000E+00  0.00E+00  0.000000E+00  0.00E+00  0.000000E+00  0.00E+00  1.304199E-04  1.38E-05  2.025477E-04  6.26E-06  1.304199E-04  1.38E-05  2.025477E-04  6.26E-06  0.000000E+00  0.00E+00  0.000000E+00  0.00E+00
   9.515E-06  1.903E-04  0.000000E+00  0.00E+00  0.000000E+00  0.00E+00  0.000000E+00  0.00E+00  0.000000E+00  0.00E+00  1.340458E-04  1.40E-05  2.006399E-04  6.23E-06  1.340458E-04  1.40E-05  2.006399E-04  6.23E-06  0.000000E+00  0.00E+00  0.000000E+00  0.00E+00
   9.736E-06  1.947E-04  0.000000E+00  0.00E+00  0.000000E+00  0.00E+00  0.000000E+00  0.00E+00  0.000000E+00  0.00E+00  1.204880E-04  1.32E-05  1.948717E-04  6.15E-06  1.204880E-04  1.32E-05  1.948717E-04  6.15E-06  0.000000E+00  0.00E+00  0.000000E+00  0.00E+00
   9.957E-06  1.991E-04  0.000000E+00  0.00E+00  0.000000E+00  0.00E+00  0.000000E+00  0.00E+00  0.000000E+00  0.00E+00  1.272182E-04  1.36E-05  1.897643E-04  6.06E-06  1.272182E-04  1.36E-05  1.897643E-04  6.06E-06  2.504728E-01  2.00E-01  4.185159E-01  9.44E-02
   1.018E-05  2.036E-04  0.000000E+00  0.00E+00  0.000000E+00  0.00E+00  0.000000E+00  0.00E+00  0.000000E+00  0.00E+00  1.094335E-04  1.26E-05  1.846846E-04  5.98E-06  1.094335E-04  1.26E-05  1.846846E-04  5.98E-06  3.398823E-01  2.33E-01  5.136211E-01  1.05E-01
   1.040E-05  2.080E-04  0.000000E+00  0.00E+00  0.000000E+00  0.00E+00  0.000000E+00  0.00E+00  0.000000E+00  0.00E+00  1.077878E-04  1.25E-05  1.784522E-04  5.88E-06  1.077878E-04  1.25E-05  1.784522E-04  5.88E-06  3.041624E-01  2.20E-01  4.923107E-01  1.02E-01
   1.062E-05  2.124E-04  0.000000E+00  0.00E+00  0.000000E+00  0.00E+00  0.000000E+00  0.00E+00  0.000000E+00  0.00E+00  9.818272E-05  1.19E-05  1.728414E-04  5.79E-06  9.818272E-05  1.19E-05  1.728414E-04  5.79E-06  3.397842E-01  2.33E-01  4.353588E-01  9.62E-02
   1.084E-05  2.168E-04  0.000000E+00  0.00E+00  0.000000E+00  0.00E+00  0.000000E+00  0.00E+00  0.000000E+00  0.00E+00  1.011511E-04  1.21E-05  1.706511E-04  5.75E-06  1.011511E-04  1.21E-05  1.706511E-04  5.75E-06  2.862916E-01  2.14E-01  4.638386E-01  9.93E-02
   1.106E-05  2.213E-04  0.000000E+00  0.00E+00  0.000000E+00  0.00E+00  0.000000E+00  0.00E+00  0.000000E+00  0.00E+00  1.038235E-04  1.23E-05  1.647373E-04  5.65E-06  1.038235E-04  1.23E-05  1.647373E-04  5.65E-06  2.684734E-01  2.07E-01  4.021468E-01  9.25E-02
   1.129E-05  2.257E-04  0.000000E+00  0.00E+00  0.000000E+00  0.00E+00  0.000000E+00  0.00E+00  0.000000E+00  0.00E+00  9.357637E-05  1.17E-05  1.600544E-04  5.57E-06  9.357637E-05  1.17E-05  1.600544E-04  5.57E-06  2.684413E-01  2.07E-01  4.471913E-01  9.75E-02
   1.151E-05  2.301E-04  0.000000E+00  0.00E+00  0.000000E+00  0.00E+00  0.000000E+00  0.00E+00  0.000000E+00  0.00E+00  8.784206E-05  1.13E-05  1.598733E-04  5.57E-06  8.784206E-05  1.13E-05  1.598733E-04  5.57E-06  3.397871E-01  2.33E-01  3.357257E-01  8.45E-02
   1.173E-05  2.346E-04  0.000000E+00  0.00E+00  0.000000E+00  0.00E+00  0.000000E+00  0.00E+00  0.000000E+00  0.00E+00  9.669467E-05  1.18E-05  1.558591E-04  5.50E-06  9.669467E-05  1.18E-05  1.558591E-04  5.50E-06  1.972281E-01  1.77E-01  3.286202E-01  8.36E-02
   1.195E-05  2.390E-04  0.000000E+00  0.00E+00  0.000000E+00  0.00E+00  0.000000E+00  0.00E+00  0.000000E+00  0.00E+00  9.170125E-05  1.16E-05  1.526117E-04  5.44E-06  9.170125E-05  1.16E-05  1.526117E-04  5.44E-06  1.615465E-01  1.60E-01  3.641717E-01  8.80E-02
   1.217E-05  2.434E-04  0.000000E+00  0.00E+00  0.000000E+00  0.00E+00  0.000000E+00  0.00E+00  0.000000E+00  0.00E+00  8.812020E-05  1.13E-05  1.475170E-04  5.34E-06  8.812020E-05  1.13E-05  1.475170E-04  5.34E-06  2.863828E-01  2.14E-01  3.547142E-01  8.68E-02
   1.239E-05  2.478E-04  0.000000E+00  0.00E+00  0.000000E+00  0.00E+00  0.000000E+00  0.00E+00  0.000000E+00  0.00E+00  8.157076E-05  1.09E-05  1.431380E-04  5.27E-06  8.157076E-05  1.09E-05  1.431380E-04  5.27E-06  4.289409E-01  2.62E-01  3.357063E-01  8.45E-02
   1.261E-05  2.523E-04  0.000000E+00  0.00E+00  0.000000E+00  0.00E+00  0.000000E+00  0.00E+00  0.000000E+00  0.00E+00  8.316775E-05  1.10E-05  1.406869E-04  5.23E-06  8.316775E-05  1.10E-05  1.406869E-04  5.23E-06  2.505990E-01  2.00E-01  3.546571E-01  8.68E-02
   1.283E-05  2.567E-04  0.000000E+00  0.00E+00  0.000000E+00  0.00E+00  0.000000E+00  0.00E+00  0.000000E+00  0.00E+00  7.804996E-05  1.07E-05  1.373484E-04  5.16E-06  7.804996E-05  1.07E-05  1.373484E-04  5.16E-06  2.149203E-01  1.85E-01  3.332953E-01  8.42E-02
   1.306E-05  2.611E-04  0.000000E+00  0.00E+00  0.000000E+00  0.00E+00  0.000000E+00  0.00E+00  0.000000E+00  0.00E+00  7.622353E-05  1.05E-05  1.331696E-04  5.08E-06  7.622353E-05  1.05E-05  1.331696E-04  5.08E-06  1.971178E-01  1.77E-01  3.001091E-01  7.99E-02
   1.328E-05  2.655E-04  0.000000E+00  0.00E+00  0.000000E+00  0.00E+00  0.000000E+00  0.00E+00  0.000000E+00  0.00E+00  8.052619E-05  1.09E-05  1.304121E-04  5.03E-06  8.052619E-05  1.09E-05  1.304121E-04  5.03E-06  1.792510E-01  1.69E-01  2.455605E-01  7.22E-02
   1.350E-05  2.700E-04  0.000000E+00  0.00E+00  0.000000E+00  0.00E+00  0.000000E+00  0.00E+00  0.000000E+00  0.00E+00  7.342048E-05  1.04E-05  1.286655E-04  5.00E-06  7.342048E-05  1.04E-05  1.286655E-04  5.00E-06  2.505232E-01  2.00E-01  3.000558E-01  7.99E-02
   1.372E-05  2.744E-04  0.000000E+00  0.00E+00  0.000000E+00  0.00E+00  0.000000E+00  0.00E+00  0.000000E+00  0.00E+00  6.762206E-05  9.91E-06  1.265676E-04  4.96E-06  6.762206E-05  9.91E-06  1.265676E-04  4.96E-06  2.148982E-01  1.85E-01  2.360736E-01  7.08E-02
   1.394E-05  2.788E-04  0.000000E+00  0.00E+00  0.000000E+00  0.00E+00  0.000000E+00  0.00E+00  0.000000E+00  0.00E+00  7.044439E-05  1.01E-05  1.237627E-04  4.91E-06  7.044439E-05  1.01E-05  1.237627E-04  4.91E-06  2.327238E-01  1.93E-01  2.976994E-01  7.95E-02
   1.416E-05  2.832E-04  0.000000E+00  0.00E+00  0.000000E+00  0.00E+00  0.000000E+00  0.00E+00  0.000000E+00  0.00E+00  6.399232E-05  9.65E-06  1.195419E-04  4.82E-06  6.399232E-05  9.65E-06  1.195419E-04  4.82E-06  2.507025E-01  2.00E-01  2.550322E-01  7.36E-02
   1.438E-05  2.877E-04  0.000000E+00  0.00E+00  0.000000E+00  0.00E+00  0.000000E+00  0.00E+00  0.000000E+00  0.00E+00  6.570211E-05  9.78E-06  1.183981E-04  4.79E-06  6.570211E-05  9.78E-06  1.183981E-04  4.79E-06  1.791859E-01  1.69E-01  2.549494E-01  7.36E-02
   1.460E-05  2.921E-04  0.000000E+00  0.00E+00  0.000000E+00  0.00E+00  0.000000E+00  0.00E+00  0.000000E+00  0.00E+00  6.139559E-05  9.43E-06  1.126853E-04  4.68E-06  6.139559E-05  9.43E-06  1.126853E-04  4.68E-06  1.614571E-01  1.60E-01  2.241641E-01  6.90E-02
   1.483E-05  2.965E-04  0.000000E+00  0.00E+00  0.000000E+00  0.00E+00  0.000000E+00  0.00E+00  0.000000E+00  0.00E+00  5.943081E-05  9.32E-06  1.083142E-04  4.59E-06  5.943081E-05  9.32E-06  1.083142E-04  4.59E-06  1.970474E-01  1.77E-01  2.336103E-01  7.04E-02
   1.505E-05  3.009E-04  0.000000E+00  0.00E+00  0.000000E+00  0.00E+00  0.000000E+00  0.00E+00  0.000000E+00  0.00E+00  6.218517E-05  9.54E-06  1.105946E-04  4.63E-06  6.218517E-05  9.54E-06  1.105946E-04  4.63E-06  2.682641E-01  2.07E-01  2.549804E-01  7.36E-02
   1.527E-05  3.054E-04  0.000000E+00  0.00E+00  0.000000E+00  0.00E+00  0.000000E+00  0.00E+00  0.000000E+00  0.00E+00  6.514969E-05  9.74E-06  1.062898E-04  4.54E-06  6.514969E-05  9.74E-06  1.062898E-04  4.54E-06  1.077686E-01  1.31E-01  2.051746E-01  6.60E-02
   1.549E-05  3.098E-04  0.000000E+00  0.00E+00  0.000000E+00  0.00E+00  0.000000E+00  0.00E+00  0.000000E+00  0.00E+00  6.124568E-05  9.46E-06  1.044653E-04  4.50E-06  6.124568E-05  9.46E-06  1.044653E-04  4.50E-06  9.011257E-02  1.20E-01  2.597057E-01  7.43E-02
   1.571E-05  3.142E-04  0.000000E+00  0.00E+00  0.000000E+00  0.00E+00  0.000000E+00  0.00E+00  0.000000E+00  0.00E+00  5.743903E-05  9.14E-06  1.024549E-04  4.46E-06  5.743903E-05  9.14E-06  1.024549E-04  4.46E-06  2.683179E-01  2.07E-01  2.335677E-01  7.04E-02
   1.593E-05  3.186E-04  0.000000E+00  0.00E+00  0.000000E+00  0.00E+00  0.000000E+00  0.00E+00  0.000000E+00  0.00E+00  5.397078E-05  8.87E-06  1.009025E-04  4.43E-06  5.397078E-05  8.87E-06  1.009025E-04  4.43E-06  1.614078E-01  1.60E-01  2.240921E-01  6.90E-02
   1.615E-05  3.231E-04  0.000000E+00  0.00E+00  0.000000E+00  0.00E+00  0.000000E+00  0.00E+00  0.000000E+00  0.00E+00  5.121256E-05  8.62E-06  9.720895E-05  4.34E-06  5.121256E-05  8.62E-06  9.720895E-05  4.34E-06  2.147991E-01  1.85E-01  2.241211E-01  6.90E-02
   1.637E-05  3.275E-04  0.000000E+00  0.00E+00  0.000000E+00  0.00E+00  0.000000E+00  0.00E+00  0.000000E+00  0.00E+00  5.044612E-05  8.57E-06  9.748313E-05  4.36E-06  5.044612E-05  8.57E-06  9.748313E-05  4.36E-06  2.147604E-01  1.85E-01  1.766601E-01  6.12E-02
   1.660E-05  3.319E-04  0.000000E+00  0.00E+00  0.000000E+00  0.00E+00  0.000000E+00  0.00E+00  0.000000E+00  0.00E+00  4.825574E-05  8.41E-06  9.249023E-05  4.24E-06  4.825574E-05  8.41E-06  9.249023E-05  4.24E-06  1.613082E-01  1.60E-01  2.098542E-01  6.67E-02
   1.682E-05  3.363E-04  0.000000E+00  0.00E+00  0.000000E+00  0.00E+00  0.000000E+00  0.00E+00  0.000000E+00  0.00E+00  5.101010E-05  8.65E-06  9.221810E-05  4.23E-06  5.101010E-05  8.65E-06  9.221810E-05  4.23E-06  1.613219E-01  1.60E-01  2.003898E-01  6.52E-02
   1.704E-05  3.408E-04  0.000000E+00  0.00E+00  0.000000E+00  0.00E+00  0.000000E+00  0.00E+00  0.000000E+00  0.00E+00  4.818778E-05  8.38E-06  9.023764E-05  4.18E-06  4.818778E-05  8.38E-06  9.023764E-05  4.18E-06  1.256937E-01  1.41E-01  1.837824E-01  6.24E-02
   1.726E-05  3.452E-04  0.000000E+00  0.00E+00  0.000000E+00  0.00E+00  0.000000E+00  0.00E+00  0.000000E+00  0.00E+00  4.642160E-05  8.21E-06  8.710312E-05  4.11E-06  4.642160E-05  8.21E-06  8.710312E-05  4.11E-06  1.970404E-01  1.77E-01  1.624102E-01  5.87E-02
   1.748E-05  3.496E-04  0.000000E+00  0.00E+00  0.000000E+00  0.00E+00  0.000000E+00  0.00E+00  0.000000E+00  0.00E+00  5.067172E-05  8.60E-06  8.855984E-05  4.15E-06  5.067172E-05  8.60E-06  8.855984E-05  4.15E-06  1.078526E-01  1.31E-01  1.457936E-01  5.56E-02
   1.770E-05  3.540E-04  0.000000E+00  0.00E+00  0.000000E+00  0.00E+00  0.000000E+00  0.00E+00  0.000000E+00  0.00E+00  4.086419E-05  7.72E-06  8.571463E-05  4.08E-06  4.086419E-05  7.72E-06  8.571463E-05  4.08E-06  9.002216E-02  1.20E-01  1.315923E-01  5.28E-02
   1.792E-05  3.585E-04  0.000000E+00  0.00E+00  0.000000E+00  0.00E+00  0.000000E+00  0.00E+00  0.000000E+00  0.00E+00  4.483618E-05  8.10E-06  8.492491E-05  4.06E-06  4.483618E-05  8.10E-06  8.492491E-05  4.06E-06  1.435161E-01  1.51E-01  1.387129E-01  5.42E-02
   1.814E-05  3.629E-04  0.000000E+00  0.00E+00  0.000000E+00  0.00E+00  0.000000E+00  0.00E+00  0.000000E+00  0.00E+00  4.638448E-05  8.25E-06  8.388935E-05  4.04E-06  4.638448E-05  8.25E-06  8.388935E-05  4.04E-06  1.434597E-01  1.51E-01  1.434251E-01  5.51E-02
   1.837E-05  3.673E-04  0.000000E+00  0.00E+00  0.000000E+00  0.00E+00  0.000000E+00  0.00E+00  0.000000E+00  0.00E+00  3.849306E-05  7.48E-06  7.814540E-05  3.90E-06  3.849306E-05  7.48E-06  7.814540E-05  3.90E-06  7.224628E-02  1.07E-01  1.245053E-01  5.13E-02
   1.859E-05  3.717E-04  0.000000E+00  0.00E+00  0.000000E+00  0.00E+00  0.000000E+00  0.00E+00  0.000000E+00  0.00E+00  3.955305E-05  7.62E-06  7.757119E-05  3.89E-06  3.955305E-05  7.62E-06  7.757119E-05  3.89E-06  1.256860E-01  1.41E-01  1.291813E-01  5.23E-02
   1.881E-05  3.762E-04  0.000000E+00  0.00E+00  0.000000E+00  0.00E+00  0.000000E+00  0.00E+00  0.000000E+00  0.00E+00  3.854174E-05  7.47E-06  7.877828E-05  3.91E-06  3.854174E-05  7.47E-06  7.877828E-05  3.91E-06  5.437564E-02  9.26E-02  1.030942E-01  4.66E-02
   1.903E-05  3.806E-04  0.000000E+00  0.00E+00  0.000000E+00  0.00E+00  0.000000E+00  0.00E+00  0.000000E+00  0.00E+00  3.933131E-05  7.60E-06  7.600912E-05  3.85E-06  3.933131E-05  7.60E-06  7.600912E-05  3.85E-06  5.437736E-02  9.26E-02  1.054496E-01  4.72E-02
   1.925E-05  3.850E-04  0.000000E+00  0.00E+00  0.000000E+00  0.00E+00  0.000000E+00  0.00E+00  0.000000E+00  0.00E+00  3.806500E-05  7.47E-06  7.356544E-05  3.79E-06  3.806500E-05  7.47E-06  7.356544E-05  3.79E-06  1.870649E-02  5.35E-02  9.836873E-02  4.55E-02
   1.947E-05  3.894E-04  0.000000E+00  0.00E+00  0.000000E+00  0.00E+00  0.000000E+00  0.00E+00  0.000000E+00  0.00E+00  3.393539E-05  7.06E-06  7.448867E-05  3.81E-06  3.393539E-05  7.06E-06  7.448867E-05  3.81E-06  7.217782E-02  1.07E-01  1.006924E-01  4.61E-02
   1.969E-05  3.939E-04  0.000000E+00  0.00E+00  0.000000E+00  0.00E+00  0.000000E+00  0.00E+00  0.000000E+00  0.00E+00  3.414942E-05  7.07E-06  7.156947E-05  3.73E-06  3.414942E-05  7.07E-06  7.156947E-05  3.73E-06  1.791455E-01  1.69E-01  9.363015E-02  4.44E-02
   1.991E-05  3.983E-04  0.000000E+00  0.00E+00  0.000000E+00  0.00E+00  0.000000E+00  0.00E+00  0.000000E+00  0.00E+00  3.172574E-05  6.81E-06  7.230174E-05  3.75E-06  3.172574E-05  6.81E-06  7.230174E-05  3.75E-06  1.867770E-02  5.35E-02  1.102025E-01  4.82E-02
   2.014E-05  4.027E-04  0.000000E+00  0.00E+00  0.000000E+00  0.00E+00  0.000000E+00  0.00E+00  0.000000E+00  0.00E+00  3.371366E-05  7.04E-06  6.951315E-05  3.68E-06  3.371366E-05  7.04E-06  6.951315E-05  3.68E-06  5.434437E-02  9.26E-02  9.120461E-02  4.39E-02
   2.036E-05  4.071E-04  0.000000E+00  0.00E+00  0.000000E+00  0.00E+00  0.000000E+00  0.00E+00  0.000000E+00  0.00E+00  3.399179E-05  7.07E-06  6.992456E-05  3.69E-06  3.399179E-05  7.07E-06  6.992456E-05  3.69E-06  9.002360E-02  1.20E-01  9.597493E-02  4.50E-02
   2.058E-05  4.116E-04  0.000000E+00  0.00E+00  0.000000E+00  0.00E+00  0.000000E+00  0.00E+00  0.000000E+00  0.00E+00  3.282671E-05  6.93E-06  6.855941E-05  3.65E-06  3.282671E-05  6.93E-06  6.855941E-05  3.65E-06  9.006553E-02  1.20E-01  8.886955E-02  4.33E-02
   2.080E-05  4.160E-04  0.000000E+00  0.00E+00  0.000000E+00  0.00E+00  0.000000E+00  0.00E+00  0.000000E+00  0.00E+00  3.035049E-05  6.67E-06  6.750371E-05  3.62E-06  3.035049E-05  6.67E-06  6.750371E-05  3.62E-06  1.078645E-01  1.31E-01  8.642579E-02  4.27E-02
   2.102E-05  4.204E-04  0.000000E+00  0.00E+00  0.000000E+00  0.00E+00  0.000000E+00  0.00E+00  0.000000E+00  0.00E+00  3.111693E-05  6.74E-06  6.537731E-05  3.57E-06  3.111693E-05  6.74E-06  6.537731E-05  3.57E-06  7.217338E-02  1.07E-01  9.120163E-02  4.39E-02
   2.124E-05  4.248E-04  0.000000E+00  0.00E+00  0.000000E+00  0.00E+00  0.000000E+00  0.00E+00  0.000000E+00  0.00E+00  3.271777E-05  6.92E-06  6.605655E-05  3.58E-06  3.271777E-05  6.92E-06  6.605655E-05  3.58E-06  7.214595E-02  1.07E-01  5.559653E-02  3.41E-02
   2.146E-05  4.293E-04  0.000000E+00  0.00E+00  0.000000E+00  0.00E+00  0.000000E+00  0.00E+00  0.000000E+00  0.00E+00  2.990316E-05  6.60E-06  6.248420E-05  3.49E-06  2.990316E-05  6.60E-06  6.248420E-05  3.49E-06  1.861179E-02  5.35E-02  7.220988E-02  3.90E-02
   2.168E-05  4.337E-04  0.000000E+00  0.00E+00  0.000000E+00  0.00E+00  0.000000E+00  0.00E+00  0.000000E+00  0.00E+00  2.902007E-05  6.49E-06  6.025893E-05  3.43E-06  2.902007E-05  6.49E-06  6.025893E-05  3.43E-06  7.208471E-02  1.07E-01  7.697160E-02  4.02E-02
   2.191E-05  4.381E-04  0.000000E+00  0.00E+00  0.000000E+00  0.00E+00  0.000000E+00  0.00E+00  0.000000E+00  0.00E+00  2.571715E-05  6.11E-06  6.095708E-05  3.44E-06  2.571715E-05  6.11E-06  6.095708E-05  3.44E-06  9.358650E-04  1.64E-04  4.614207E-02  3.10E-02
   2.213E-05  4.425E-04  0.000000E+00  0.00E+00  0.000000E+00  0.00E+00  0.000000E+00  0.00E+00  0.000000E+00  0.00E+00  2.780244E-05  6.33E-06  6.009882E-05  3.42E-06  2.780244E-05  6.33E-06  6.009882E-05  3.42E-06  3.654129E-02  7.56E-02  8.169093E-02  4.15E-02
   2.235E-05  4.470E-04  0.000000E+00  0.00E+00  0.000000E+00  0.00E+00  0.000000E+00  0.00E+00  0.000000E+00  0.00E+00  2.649130E-05  6.22E-06  5.819748E-05  3.37E-06  2.649130E-05  6.22E-06  5.819748E-05  3.37E-06  5.430694E-02  9.26E-02  4.848213E-02  3.18E-02
   2.257E-05  4.514E-04  0.000000E+00  0.00E+00  0.000000E+00  0.00E+00  0.000000E+00  0.00E+00  0.000000E+00  0.00E+00  2.831388E-05  6.44E-06  5.784013E-05  3.36E-06  2.831388E-05  6.44E-06  5.784013E-05  3.36E-06  1.864350E-02  5.35E-02  4.848482E-02  3.18E-02
   2.279E-05  4.558E-04  0.000000E+00  0.00E+00  0.000000E+00  0.00E+00  0.000000E+00  0.00E+00  0.000000E+00  0.00E+00  2.379720E-05  5.91E-06  5.556131E-05  3.29E-06  2.379720E-05  5.91E-06  5.556131E-05  3.29E-06  5.423458E-02  9.26E-02  7.217468E-02  3.90E-02
   2.301E-05  4.603E-04  0.000000E+00  0.00E+00  0.000000E+00  0.00E+00  0.000000E+00  0.00E+00  0.000000E+00  0.00E+00  2.231300E-05  5.73E-06  5.332905E-05  3.22E-06  2.231300E-05  5.73E-06  5.332905E-05  3.22E-06  3.645824E-02  7.56E-02  4.843393E-02  3.18E-02
   2.323E-05  4.647E-04  0.000000E+00  0.00E+00  0.000000E+00  0.00E+00  0.000000E+00  0.00E+00  0.000000E+00  0.00E+00  2.654770E-05  6.23E-06  5.703335E-05  3.33E-06  2.654770E-05  6.23E-06  5.703335E-05  3.33E-06  3.645509E-02  7.56E-02  7.450389E-02  3.96E-02
   2.346E-05  4.691E-04  0.000000E+00  0.00E+00  0.000000E+00  0.00E+00  0.000000E+00  0.00E+00  0.000000E+00  0.00E+00  2.622473E-05  6.22E-06  5.199340E-05  3.18E-06  2.622473E-05  6.22E-06  5.199340E-05  3.18E-06  5.429402E-02  9.26E-02  4.847253E-02  3.18E-02
   2.368E-05  4.735E-04  0.000000E+00  0.00E+00  0.000000E+00  0.00E+00  0.000000E+00  0.00E+00  0.000000E+00  0.00E+00  2.170419E-05  5.64E-06  5.297612E-05  3.21E-06  2.170419E-05  5.64E-06  5.297612E-05  3.21E-06  7.214144E-02  1.07E-01  4.370689E-02  3.02E-02
   2.390E-05  4.780E-04  0.000000E+00  0.00E+00  0.000000E+00  0.00E+00  0.000000E+00  0.00E+00  0.000000E+00  0.00E+00  2.472897E-05  6.01E-06  5.215537E-05  3.19E-06  2.472897E-05  6.01E-06  5.215537E-05  3.19E-06  5.427169E-02  9.26E-02  4.604492E-02  3.10E-02
   2.412E-05  4.824E-04  0.000000E+00  0.00E+00  0.000000E+00  0.00E+00  0.000000E+00  0.00E+00  0.000000E+00  0.00E+00  2.104284E-05  5.56E-06  5.092372E-05  3.15E-06  2.104284E-05  5.56E-06  5.092372E-05  3.15E-06  7.210650E-02  1.07E-01  4.603134E-02  3.10E-02
   2.434E-05  4.868E-04  0.000000E+00  0.00E+00  0.000000E+00  0.00E+00  0.000000E+00  0.00E+00  0.000000E+00  0.00E+00  1.905492E-05  5.27E-06  5.148106E-05  3.17E-06  1.905492E-05  5.27E-06  5.148106E-05  3.17E-06  8.991568E-02  1.20E-01  5.078880E-02  3.26E-02
   2.456E-05  4.912E-04  0.000000E+00  0.00E+00  0.000000E+00  0.00E+00  0.000000E+00  0.00E+00  0.000000E+00  0.00E+00  2.577355E-05  6.13E-06  4.855334E-05  3.07E-06  2.577355E-05  6.13E-06  4.855334E-05  3.07E-06  6.980087E-04  1.42E-04  3.417742E-02  2.66E-02
   2.478E-05  4.957E-04  0.000000E+00  0.00E+00  0.000000E+00  0.00E+00  0.000000E+00  0.00E+00  0.000000E+00  0.00E+00  2.253088E-05  5.75E-06  5.126266E-05  3.16E-06  2.253088E-05  5.75E-06  5.126266E-05  3.16E-06  5.416731E-02  9.26E-02  5.314789E-02  3.34E-02
   2.500E-05  5.001E-04  0.000000E+00  0.00E+00  0.000000E+00  0.00E+00  0.000000E+00  0.00E+00  0.000000E+00  0.00E+00  2.010720E-05  5.43E-06  4.960223E-05  3.11E-06  2.010720E-05  5.43E-06  4.960223E-05  3.11E-06  5.421135E-02  9.26E-02  3.655729E-02  2.76E-02
   2.523E-05  5.045E-04  0.000000E+00  0.00E+00  0.000000E+00  0.00E+00  0.000000E+00  0.00E+00  0.000000E+00  0.00E+00  1.966759E-05  5.38E-06  4.840739E-05  3.07E-06  1.966759E-05  5.38E-06  4.840739E-05  3.07E-06  6.935740E-04  1.41E-04  2.943729E-02  2.46E-02
   2.545E-05  5.089E-04  0.000000E+00  0.00E+00  0.000000E+00  0.00E+00  0.000000E+00  0.00E+00  0.000000E+00  0.00E+00  1.872424E-05  5.22E-06  4.715837E-05  3.03E-06  1.872424E-05  5.22E-06  4.715837E-05  3.03E-06  1.851808E-02  5.35E-02  2.707942E-02  2.36E-02
   2.567E-05  5.134E-04  0.000000E+00  0.00E+00  0.000000E+00  0.00E+00  0.000000E+00  0.00E+00  0.000000E+00  0.00E+00  1.955479E-05  5.35E-06  4.583823E-05  2.99E-06  1.955479E-05  5.35E-06  4.583823E-05  2.99E-06  7.783450E-04  1.49E-04  2.228472E-02  2.13E-02
   2.589E-05  5.178E-04  0.000000E+00  0.00E+00  0.000000E+00  0.00E+00  0.000000E+00  0.00E+00  0.000000E+00  0.00E+00  1.955479E-05  5.35E-06  4.592332E-05  2.99E-06  1.955479E-05  5.35E-06  4.592332E-05  2.99E-06  1.849073E-02  5.35E-02  2.707328E-02  2.36E-02
   2.611E-05  5.222E-04  0.000000E+00  0.00E+00  0.000000E+00  0.00E+00  0.000000E+00  0.00E+00  0.000000E+00  0.00E+00  2.153885E-05  5.62E-06  4.554584E-05  2.98E-06  2.153885E-05  5.62E-06  4.554584E-05  2.98E-06  7.077748E-04  1.42E-04  1.995310E-02  2.01E-02
   2.633E-05  5.266E-04  0.000000E+00  0.00E+00  0.000000E+00  0.00E+00  0.000000E+00  0.00E+00  0.000000E+00  0.00E+00  1.878449E-05  5.25E-06  4.347997E-05  2.91E-06  1.878449E-05  5.25E-06  4.347997E-05  2.91E-06  3.634063E-02  7.56E-02  3.179175E-02  2.56E-02
   2.655E-05  5.311E-04  0.000000E+00  0.00E+00  0.000000E+00  0.00E+00  0.000000E+00  0.00E+00  0.000000E+00  0.00E+00  1.850250E-05  5.18E-06  4.349446E-05  2.91E-06  1.850250E-05  5.18E-06  4.349446E-05  2.91E-06  7.574535E-04  1.48E-04  1.757999E-02  1.88E-02
   2.677E-05  5.355E-04  0.000000E+00  0.00E+00  0.000000E+00  0.00E+00  0.000000E+00  0.00E+00  0.000000E+00  0.00E+00  1.641721E-05  4.91E-06  4.186693E-05  2.85E-06  1.641721E-05  4.91E-06  4.186693E-05  2.85E-06  1.852169E-02  5.35E-02  2.468173E-02  2.25E-02
   2.700E-05  5.399E-04  0.000000E+00  0.00E+00  0.000000E+00  0.00E+00  0.000000E+00  0.00E+00  0.000000E+00  0.00E+00  1.757458E-05  5.09E-06  4.127021E-05  2.84E-06  1.757458E-05  5.09E-06  4.127021E-05  2.84E-06  1.851905E-02  5.35E-02  1.516137E-02  1.74E-02
   2.722E-05  5.443E-04  0.000000E+00  0.00E+00  0.000000E+00  0.00E+00  0.000000E+00  0.00E+00  0.000000E+00  0.00E+00  1.448569E-05  4.60E-06  3.996713E-05  2.79E-06  1.448569E-05  4.60E-06  3.996713E-05  2.79E-06  3.638918E-02  7.56E-02  1.517883E-02  1.74E-02
   2.744E-05  5.488E-04  0.000000E+00  0.00E+00  0.000000E+00  0.00E+00  0.000000E+00  0.00E+00  0.000000E+00  0.00E+00  1.977653E-05  5.39E-06  4.133209E-05  2.84E-06  1.977653E-05  5.39E-06  4.133209E-05  2.84E-06  7.245400E-04  1.45E-04  2.471518E-02  2.25E-02
   2.766E-05  5.532E-04  0.000000E+00  0.00E+00  0.000000E+00  0.00E+00  0.000000E+00  0.00E+00  0.000000E+00  0.00E+00  1.685297E-05  4.96E-06  4.018399E-05  2.80E-06  1.685297E-05  4.96E-06  4.018399E-05  2.80E-06  7.429443E-04  1.46E-04  2.230114E-02  2.13E-02
   2.788E-05  5.576E-04  0.000000E+00  0.00E+00  0.000000E+00  0.00E+00  0.000000E+00  0.00E+00  0.000000E+00  0.00E+00  1.530853E-05  4.71E-06  3.990557E-05  2.79E-06  1.530853E-05  4.71E-06  3.990557E-05  2.79E-06  3.645637E-02  7.56E-02  1.517221E-02  1.74E-02
   2.810E-05  5.620E-04  0.000000E+00  0.00E+00  0.000000E+00  0.00E+00  0.000000E+00  0.00E+00  0.000000E+00  0.00E+00  1.503810E-05  4.70E-06  3.872285E-05  2.74E-06  1.503810E-05  4.70E-06  3.872285E-05  2.74E-06  6.738105E-04  1.39E-04  1.277676E-02  1.59E-02
   2.832E-05  5.665E-04  0.000000E+00  0.00E+00  0.000000E+00  0.00E+00  0.000000E+00  0.00E+00  0.000000E+00  0.00E+00  1.531238E-05  4.73E-06  3.784772E-05  2.72E-06  1.531238E-05  4.73E-06  3.784772E-05  2.72E-06  1.859075E-02  5.35E-02  1.751561E-02  1.88E-02
   2.854E-05  5.709E-04  0.000000E+00  0.00E+00  0.000000E+00  0.00E+00  0.000000E+00  0.00E+00  0.000000E+00  0.00E+00  1.514319E-05  4.69E-06  3.799315E-05  2.72E-06  1.514319E-05  4.69E-06  3.799315E-05  2.72E-06  1.846209E-02  5.35E-02  1.037653E-02  1.42E-02
   2.877E-05  5.753E-04  0.000000E+00  0.00E+00  0.000000E+00  0.00E+00  0.000000E+00  0.00E+00  0.000000E+00  0.00E+00  1.305790E-05  4.39E-06  3.762881E-05  2.71E-06  1.305790E-05  4.39E-06  3.762881E-05  2.71E-06  6.913952E-04  1.41E-04  1.277067E-02  1.59E-02
   2.899E-05  5.797E-04  0.000000E+00  0.00E+00  0.000000E+00  0.00E+00  0.000000E+00  0.00E+00  0.000000E+00  0.00E+00  1.283616E-05  4.35E-06  3.739540E-05  2.70E-06  1.283616E-05  4.35E-06  3.739540E-05  2.70E-06  1.850621E-02  5.35E-02  1.751739E-02  1.88E-02
   2.921E-05  5.842E-04  0.000000E+00  0.00E+00  0.000000E+00  0.00E+00  0.000000E+00  0.00E+00  0.000000E+00  0.00E+00  1.509450E-05  4.71E-06  3.539551E-05  2.63E-06  1.509450E-05  4.71E-06  3.539551E-05  2.63E-06  6.856783E-04  1.40E-04  1.276630E-02  1.59E-02
   2.943E-05  5.886E-04  0.000000E+00  0.00E+00  0.000000E+00  0.00E+00  0.000000E+00  0.00E+00  0.000000E+00  0.00E+00  1.652230E-05  4.91E-06  3.520251E-05  2.62E-06  1.652230E-05  4.91E-06  3.520251E-05  2.62E-06  7.158248E-04  1.44E-04  5.649387E-03  1.01E-02
   2.965E-05  5.930E-04  0.000000E+00  0.00E+00  0.000000E+00  0.00E+00  0.000000E+00  0.00E+00  0.000000E+00  0.00E+00  1.498556E-05  4.70E-06  3.662357E-05  2.67E-06  1.498556E-05  4.70E-06  3.662357E-05  2.67E-06  7.101079E-04  1.43E-04  1.512173E-02  1.74E-02
   2.987E-05  5.974E-04  0.000000E+00  0.00E+00  0.000000E+00  0.00E+00  0.000000E+00  0.00E+00  0.000000E+00  0.00E+00  1.432806E-05  4.61E-06  3.396746E-05  2.58E-06  1.432806E-05  4.61E-06  3.396746E-05  2.58E-06  7.078520E-04  1.42E-04  2.223286E-02  2.13E-02
   3.009E-05  6.019E-04  0.000000E+00  0.00E+00  0.000000E+00  0.00E+00  0.000000E+00  0.00E+00  0.000000E+00  0.00E+00  1.156599E-05  4.11E-06  3.280622E-05  2.53E-06  1.156599E-05  4.11E-06  3.280622E-05  2.53E-06  6.937282E-04  1.42E-04  1.985166E-02  2.01E-02
   3.031E-05  6.063E-04  0.000000E+00  0.00E+00  0.000000E+00  0.00E+00  0.000000E+00  0.00E+00  0.000000E+00  0.00E+00  1.299764E-05  4.35E-06  3.333407E-05  2.55E-06  1.299764E-05  4.35E-06  3.333407E-05  2.55E-06  6.718630E-04  1.40E-04  5.657435E-03  1.01E-02
   3.054E-05  6.107E-04  0.000000E+00  0.00E+00  0.000000E+00  0.00E+00  0.000000E+00  0.00E+00  0.000000E+00  0.00E+00  1.498556E-05  4.70E-06  3.334805E-05  2.55E-06  1.498556E-05  4.70E-06  3.334805E-05  2.55E-06  1.845653E-02  5.35E-02  1.036446E-02  1.42E-02
   3.076E-05  6.151E-04  0.000000E+00  0.00E+00  0.000000E+00  0.00E+00  0.000000E+00  0.00E+00  0.000000E+00  0.00E+00  1.288485E-05  4.32E-06  3.308515E-05  2.54E-06  1.288485E-05  4.32E-06  3.308515E-05  2.54E-06  1.847855E-02  5.35E-02  5.635079E-03  1.01E-02
   3.098E-05  6.196E-04  0.000000E+00  0.00E+00  0.000000E+00  0.00E+00  0.000000E+00  0.00E+00  0.000000E+00  0.00E+00  1.129171E-05  4.07E-06  3.125166E-05  2.47E-06  1.129171E-05  4.07E-06  3.125166E-05  2.47E-06  1.856001E-02  5.35E-02  1.276049E-02  1.59E-02
   3.120E-05  6.240E-04  0.000000E+00  0.00E+00  0.000000E+00  0.00E+00  0.000000E+00  0.00E+00  0.000000E+00  0.00E+00  1.266311E-05  4.28E-06  3.188248E-05  2.49E-06  1.266311E-05  4.28E-06  3.188248E-05  2.49E-06  5.791192E-04  1.29E-04  7.995400E-03  1.23E-02
   3.142E-05  6.284E-04  0.000000E+00  0.00E+00  0.000000E+00  0.00E+00  0.000000E+00  0.00E+00  0.000000E+00  0.00E+00  1.074701E-05  4.00E-06  3.013408E-05  2.43E-06  1.074701E-05  4.00E-06  3.013408E-05  2.43E-06  7.422019E-04  1.47E-04  5.588255E-03  1.01E-02
   3.164E-05  6.328E-04  0.000000E+00  0.00E+00  0.000000E+00  0.00E+00  0.000000E+00  0.00E+00  0.000000E+00  0.00E+00  1.350137E-05  4.48E-06  3.179348E-05  2.49E-06  1.350137E-05  4.48E-06  3.179348E-05  2.49E-06  7.431756E-04  1.46E-04  9.093946E-04  5.90E-05
   3.186E-05  6.373E-04  0.000000E+00  0.00E+00  0.000000E+00  0.00E+00  0.000000E+00  0.00E+00  0.000000E+00  0.00E+00  1.266696E-05  4.30E-06  3.006553E-05  2.42E-06  1.266696E-05  4.30E-06  3.006553E-05  2.42E-06  6.650952E-04  1.39E-04  1.746772E-02  1.88E-02
   3.208E-05  6.417E-04  0.000000E+00  0.00E+00  0.000000E+00  0.00E+00  0.000000E+00  0.00E+00  0.000000E+00  0.00E+00  9.972860E-06  3.84E-06  2.991857E-05  2.42E-06  9.972860E-06  3.84E-06  2.991857E-05  2.42E-06  6.605834E-04  1.38E-04  7.959699E-03  1.23E-02
   3.231E-05  6.461E-04  0.000000E+00  0.00E+00  0.000000E+00  0.00E+00  0.000000E+00  0.00E+00  0.000000E+00  0.00E+00  1.057396E-05  3.92E-06  2.920522E-05  2.38E-06  1.057396E-05  3.92E-06  2.920522E-05  2.38E-06  1.850936E-02  5.35E-02  7.950093E-03  1.23E-02
   3.253E-05  6.505E-04  0.000000E+00  0.00E+00  0.000000E+00  0.00E+00  0.000000E+00  0.00E+00  0.000000E+00  0.00E+00  9.420446E-06  3.72E-06  2.945125E-05  2.40E-06  9.420446E-06  3.72E-06  2.945125E-05  2.40E-06  6.483300E-04  1.36E-04  7.973546E-03  1.23E-02
   3.275E-05  6.550E-04  0.000000E+00  0.00E+00  0.000000E+00  0.00E+00  0.000000E+00  0.00E+00  0.000000E+00  0.00E+00  8.871888E-06  3.63E-06  2.819812E-05  2.35E-06  8.871888E-06  3.63E-06  2.819812E-05  2.35E-06  6.461512E-04  1.36E-04  7.980114E-03  1.23E-02
   3.297E-05  6.594E-04  0.000000E+00  0.00E+00  0.000000E+00  0.00E+00  0.000000E+00  0.00E+00  0.000000E+00  0.00E+00  1.079955E-05  3.99E-06  2.680604E-05  2.29E-06  1.079955E-05  3.99E-06  2.680604E-05  2.29E-06  6.692986E-04  1.38E-04  3.228057E-03  7.11E-03
   3.319E-05  6.638E-04  0.000000E+00  0.00E+00  0.000000E+00  0.00E+00  0.000000E+00  0.00E+00  0.000000E+00  0.00E+00  1.096104E-05  4.00E-06  2.866749E-05  2.37E-06  1.096104E-05  4.00E-06  2.866749E-05  2.37E-06  7.297172E-04  1.44E-04  3.237642E-03  7.11E-03
   3.341E-05  6.683E-04  0.000000E+00  0.00E+00  0.000000E+00  0.00E+00  0.000000E+00  0.00E+00  0.000000E+00  0.00E+00  8.537355E-06  3.53E-06  2.734735E-05  2.31E-06  8.537355E-06  3.53E-06  2.734735E-05  2.31E-06  6.484843E-04  1.37E-04  8.593310E-04  5.74E-05
   3.363E-05  6.727E-04  0.000000E+00  0.00E+00  0.000000E+00  0.00E+00  0.000000E+00  0.00E+00  0.000000E+00  0.00E+00  1.151345E-05  4.11E-06  2.974416E-05  2.41E-06  1.151345E-05  4.11E-06  2.974416E-05  2.41E-06  6.604292E-04  1.37E-04  1.033076E-02  1.42E-02
   3.386E-05  6.771E-04  0.000000E+00  0.00E+00  0.000000E+00  0.00E+00  0.000000E+00  0.00E+00  0.000000E+00  0.00E+00  1.079955E-05  3.99E-06  2.729638E-05  2.31E-06  1.079955E-05  3.99E-06  2.729638E-05  2.31E-06  5.725827E-04  1.29E-04  3.189860E-03  7.11E-03
   3.408E-05  6.815E-04  0.000000E+00  0.00E+00  0.000000E+00  0.00E+00  0.000000E+00  0.00E+00  0.000000E+00  0.00E+00  1.234014E-05  4.26E-06  2.710748E-05  2.30E-06  1.234014E-05  4.26E-06  2.710748E-05  2.30E-06  6.658377E-04  1.38E-04  7.915186E-04  5.50E-05
   3.430E-05  6.860E-04  0.000000E+00  0.00E+00  0.000000E+00  0.00E+00  0.000000E+00  0.00E+00  0.000000E+00  0.00E+00  9.251252E-06  3.67E-06  2.585435E-05  2.25E-06  9.251252E-06  3.67E-06  2.585435E-05  2.25E-06  6.366165E-04  1.36E-04  8.413372E-04  5.68E-05
   3.452E-05  6.904E-04  0.000000E+00  0.00E+00  0.000000E+00  0.00E+00  0.000000E+00  0.00E+00  0.000000E+00  0.00E+00  9.142311E-06  3.65E-06  2.711293E-05  2.30E-06  9.142311E-06  3.65E-06  2.711293E-05  2.30E-06  6.439724E-04  1.36E-04  5.602191E-03  1.01E-02
   3.474E-05  6.948E-04  0.000000E+00  0.00E+00  0.000000E+00  0.00E+00  0.000000E+00  0.00E+00  0.000000E+00  0.00E+00  9.420446E-06  3.72E-06  2.617572E-05  2.26E-06  9.420446E-06  3.72E-06  2.617572E-05  2.26E-06  6.145970E-04  1.34E-04  3.173656E-03  7.11E-03
   3.496E-05  6.992E-04  0.000000E+00  0.00E+00  0.000000E+00  0.00E+00  0.000000E+00  0.00E+00  0.000000E+00  0.00E+00  9.089769E-06  3.66E-06  2.522794E-05  2.22E-06  9.089769E-06  3.66E-06  2.522794E-05  2.22E-06  6.375131E-04  1.36E-04  8.121183E-04  5.59E-05
   3.518E-05  7.037E-04  0.000000E+00  0.00E+00  0.000000E+00  0.00E+00  0.000000E+00  0.00E+00  0.000000E+00  0.00E+00  9.420446E-06  3.72E-06  2.483020E-05  2.21E-06  9.420446E-06  3.72E-06  2.483020E-05  2.21E-06  6.021895E-04  1.31E-04  7.942809E-04  5.52E-05
   3.540E-05  7.081E-04  0.000000E+00  0.00E+00  0.000000E+00  0.00E+00  0.000000E+00  0.00E+00  0.000000E+00  0.00E+00  7.327442E-06  3.29E-06  2.491561E-05  2.21E-06  7.327442E-06  3.29E-06  2.491561E-05  2.21E-06  5.592785E-04  1.27E-04  7.873417E-04  5.49E-05
   3.563E-05  7.125E-04  0.000000E+00  0.00E+00  0.000000E+00  0.00E+00  0.000000E+00  0.00E+00  0.000000E+00  0.00E+00  1.002540E-05  3.83E-06  2.499608E-05  2.21E-06  1.002540E-05  3.83E-06  2.499608E-05  2.21E-06  6.153394E-04  1.33E-04  7.919213E-04  5.51E-05
   3.585E-05  7.169E-04  0.000000E+00  0.00E+00  0.000000E+00  0.00E+00  0.000000E+00  0.00E+00  0.000000E+00  0.00E+00  7.218501E-06  3.27E-06  2.377091E-05  2.15E-06  7.218501E-06  3.27E-06  2.377091E-05  2.15E-06  5.583819E-04  1.27E-04  7.780876E-04  5.47E-05
   3.607E-05  7.214E-04  0.000000E+00  0.00E+00  0.000000E+00  0.00E+00  0.000000E+00  0.00E+00  0.000000E+00  0.00E+00  7.823458E-06  3.40E-06  2.445476E-05  2.19E-06  7.823458E-06  3.40E-06  2.445476E-05  2.19E-06  5.912183E-04  1.30E-04  8.096355E-04  5.57E-05
   3.629E-05  7.258E-04  0.000000E+00  0.00E+00  0.000000E+00  0.00E+00  0.000000E+00  0.00E+00  0.000000E+00  0.00E+00  8.702693E-06  3.57E-06  2.411582E-05  2.17E-06  8.702693E-06  3.57E-06  2.411582E-05  2.17E-06  1.848870E-02  5.35E-02  3.154251E-03  7.11E-03
   3.651E-05  7.302E-04  0.000000E+00  0.00E+00  0.000000E+00  0.00E+00  0.000000E+00  0.00E+00  0.000000E+00  0.00E+00  7.601721E-06  3.34E-06  2.221737E-05  2.08E-06  7.601721E-06  3.34E-06  2.221737E-05  2.08E-06  6.717859E-04  1.40E-04  5.567404E-03  1.01E-02
   3.673E-05  7.346E-04  0.000000E+00  0.00E+00  0.000000E+00  0.00E+00  0.000000E+00  0.00E+00  0.000000E+00  0.00E+00  7.605577E-06  3.36E-06  2.283576E-05  2.11E-06  7.605577E-06  3.36E-06  2.283576E-05  2.11E-06  6.221843E-04  1.34E-04  8.071771E-04  5.56E-05
   3.695E-05  7.391E-04  0.000000E+00  0.00E+00  0.000000E+00  0.00E+00  0.000000E+00  0.00E+00  0.000000E+00  0.00E+00  8.263076E-06  3.48E-06  2.249681E-05  2.10E-06  8.263076E-06  3.48E-06  2.249681E-05  2.10E-06  5.880657E-04  1.31E-04  3.173036E-03  7.11E-03
   3.717E-05  7.435E-04  0.000000E+00  0.00E+00  0.000000E+00  0.00E+00  0.000000E+00  0.00E+00  0.000000E+00  0.00E+00  6.335410E-06  3.05E-06  2.156865E-05  2.06E-06  6.335410E-06  3.05E-06  2.156865E-05  2.06E-06  6.441266E-04  1.36E-04  3.172534E-03  7.11E-03
   3.740E-05  7.479E-04  0.000000E+00  0.00E+00  0.000000E+00  0.00E+00  0.000000E+00  0.00E+00  0.000000E+00  0.00E+00  5.895792E-06  2.95E-06  2.222538E-05  2.08E-06  5.895792E-06  2.95E-06  2.222538E-05  2.08E-06  7.355112E-04  1.46E-04  5.561914E-03  1.01E-02
   3.762E-05  7.523E-04  0.000000E+00  0.00E+00  0.000000E+00  0.00E+00  0.000000E+00  0.00E+00  0.000000E+00  0.00E+00  6.226470E-06  3.03E-06  2.136866E-05  2.04E-06  6.226470E-06  3.03E-06  2.136866E-05  2.04E-06  5.725056E-04  1.28E-04  7.919520E-04  5.51E-05
   3.784E-05  7.568E-04  0.000000E+00  0.00E+00  0.000000E+00  0.00E+00  0.000000E+00  0.00E+00  0.000000E+00  0.00E+00  7.045452E-06  3.18E-06  2.280472E-05  2.11E-06  7.045452E-06  3.18E-06  2.280472E-05  2.11E-06  6.256453E-04  1.35E-04  7.922931E-04  5.52E-05
   3.806E-05  7.612E-04  0.000000E+00  0.00E+00  0.000000E+00  0.00E+00  0.000000E+00  0.00E+00  0.000000E+00  0.00E+00  5.782996E-06  2.91E-06  2.189599E-05  2.07E-06  5.782996E-06  2.91E-06  2.189599E-05  2.07E-06  5.857327E-04  1.30E-04  3.132577E-03  7.11E-03
   3.828E-05  7.656E-04  0.000000E+00  0.00E+00  0.000000E+00  0.00E+00  0.000000E+00  0.00E+00  0.000000E+00  0.00E+00  1.013820E-05  3.87E-06  2.150812E-05  2.05E-06  1.013820E-05  3.87E-06  2.150812E-05  2.05E-06  5.881428E-04  1.31E-04  7.632820E-04  5.42E-05
   3.850E-05  7.700E-04  0.000000E+00  0.00E+00  0.000000E+00  0.00E+00  0.000000E+00  0.00E+00  0.000000E+00  0.00E+00  6.996765E-06  3.21E-06  2.054944E-05  2.01E-06  6.996765E-06  3.21E-06  2.054944E-05  2.01E-06  5.493582E-04  1.26E-04  5.523768E-03  1.01E-02
   3.872E-05  7.745E-04  0.000000E+00  0.00E+00  0.000000E+00  0.00E+00  0.000000E+00  0.00E+00  0.000000E+00  0.00E+00  6.391808E-06  3.08E-06  2.105273E-05  2.03E-06  6.391808E-06  3.08E-06  2.105273E-05  2.03E-06  5.758895E-04  1.29E-04  7.674896E-04  5.43E-05
   3.894E-05  7.789E-04  0.000000E+00  0.00E+00  0.000000E+00  0.00E+00  0.000000E+00  0.00E+00  0.000000E+00  0.00E+00  4.133466E-06  2.48E-06  2.003012E-05  1.98E-06  4.133466E-06  2.48E-06  2.003012E-05  1.98E-06  5.592785E-04  1.27E-04  7.703302E-04  5.44E-05
   3.917E-05  7.833E-04  0.000000E+00  0.00E+00  0.000000E+00  0.00E+00  0.000000E+00  0.00E+00  0.000000E+00  0.00E+00  5.234438E-06  2.78E-06  2.016702E-05  1.99E-06  5.234438E-06  2.78E-06  2.016702E-05  1.99E-06  6.563029E-04  1.38E-04  7.746879E-04  5.45E-05
   3.939E-05  7.877E-04  0.000000E+00  0.00E+00  0.000000E+00  0.00E+00  0.000000E+00  0.00E+00  0.000000E+00  0.00E+00  6.500749E-06  3.09E-06  1.988007E-05  1.97E-06  6.500749E-06  3.09E-06  1.988007E-05  1.97E-06  5.659692E-04  1.28E-04  7.643118E-04  5.42E-05
   3.961E-05  7.922E-04  0.000000E+00  0.00E+00  0.000000E+00  0.00E+00  0.000000E+00  0.00E+00  0.000000E+00  0.00E+00  5.674056E-06  2.89E-06  1.943526E-05  1.95E-06  5.674056E-06  2.89E-06  1.943526E-05  1.95E-06  5.484616E-04  1.26E-04  7.613211E-04  5.40E-05
   3.983E-05  7.966E-04  0.000000E+00  0.00E+00  0.000000E+00  0.00E+00  0.000000E+00  0.00E+00  0.000000E+00  0.00E+00  5.726598E-06  2.88E-06  2.009302E-05  1.98E-06  5.726598E-06  2.88E-06  2.009302E-05  1.98E-06  6.012928E-04  1.32E-04  7.705482E-04  5.44E-05
   4.005E-05  8.010E-04  0.000000E+00  0.00E+00  0.000000E+00  0.00E+00  0.000000E+00  0.00E+00  0.000000E+00  0.00E+00  5.839394E-06  2.93E-06  1.898141E-05  1.93E-06  5.839394E-06  2.93E-06  1.898141E-05  1.93E-06  5.967810E-04  1.31E-04  8.039992E-04  5.56E-05
   4.027E-05  8.054E-04  0.000000E+00  0.00E+00  0.000000E+00  0.00E+00  0.000000E+00  0.00E+00  0.000000E+00  0.00E+00  4.960159E-06  2.72E-06  1.977914E-05  1.97E-06  4.960159E-06  2.72E-06  1.977914E-05  1.97E-06  6.463055E-04  1.36E-04  7.763551E-04  5.45E-05
   4.049E-05  8.099E-04  0.000000E+00  0.00E+00  0.000000E+00  0.00E+00  0.000000E+00  0.00E+00  0.000000E+00  0.00E+00  5.012701E-06  2.71E-06  1.893639E-05  1.92E-06  5.012701E-06  2.71E-06  1.893639E-05  1.92E-06  6.188775E-04  1.34E-04  3.103938E-03  7.11E-03
   4.071E-05  8.143E-04  0.000000E+00  0.00E+00  0.000000E+00  0.00E+00  0.000000E+00  0.00E+00  0.000000E+00  0.00E+00  6.004733E-06  2.97E-06  1.857802E-05  1.91E-06  6.004733E-06  2.97E-06  1.857802E-05  1.91E-06  5.231354E-04  1.23E-04  7.473375E-04  5.36E-05
   4.094E-05  8.187E-04  0.000000E+00  0.00E+00  0.000000E+00  0.00E+00  0.000000E+00  0.00E+00  0.000000E+00  0.00E+00  6.500749E-06  3.09E-06  1.738337E-05  1.85E-06  6.500749E-06  3.09E-06  1.738337E-05  1.85E-06  5.539472E-04  1.27E-04  7.408586E-04  5.33E-05
   4.116E-05  8.231E-04  0.000000E+00  0.00E+00  0.000000E+00  0.00E+00  0.000000E+00  0.00E+00  0.000000E+00  0.00E+00  5.835539E-06  2.90E-06  1.656909E-05  1.80E-06  5.835539E-06  2.90E-06  1.656909E-05  1.80E-06  5.955759E-04  1.31E-04  7.168566E-04  5.25E-05
   4.138E-05  8.276E-04  0.000000E+00  0.00E+00  0.000000E+00  0.00E+00  0.000000E+00  0.00E+00  0.000000E+00  0.00E+00  6.391808E-06  3.08E-06  1.873249E-05  1.92E-06  6.391808E-06  3.08E-06  1.873249E-05  1.92E-06  4.778914E-04  1.17E-04  7.214259E-04  5.27E-05
   4.160E-05  8.320E-04  0.000000E+00  0.00E+00  0.000000E+00  0.00E+00  0.000000E+00  0.00E+00  0.000000E+00  0.00E+00  4.351347E-06  2.52E-06  1.848850E-05  1.90E-06  4.351347E-06  2.52E-06  1.848850E-05  1.90E-06  5.780683E-04  1.29E-04  3.138606E-03  7.11E-03
   4.182E-05  8.364E-04  0.000000E+00  0.00E+00  0.000000E+00  0.00E+00  0.000000E+00  0.00E+00  0.000000E+00  0.00E+00  4.682024E-06  2.62E-06  1.723691E-05  1.84E-06  4.682024E-06  2.62E-06  1.723691E-05  1.84E-06  5.704810E-04  1.29E-04  7.094301E-04  5.23E-05
   4.204E-05  8.408E-04  0.000000E+00  0.00E+00  0.000000E+00  0.00E+00  0.000000E+00  0.00E+00  0.000000E+00  0.00E+00  6.666087E-06  3.13E-06  1.748584E-05  1.85E-06  6.666087E-06  3.13E-06  1.748584E-05  1.85E-06  5.737107E-04  1.29E-04  7.349902E-04  5.31E-05
   4.226E-05  8.453E-04  0.000000E+00  0.00E+00  0.000000E+00  0.00E+00  0.000000E+00  0.00E+00  0.000000E+00  0.00E+00  4.960159E-06  2.72E-06  1.623322E-05  1.78E-06  4.960159E-06  2.72E-06  1.623322E-05  1.78E-06  5.683793E-04  1.29E-04  7.428092E-04  5.35E-05
   4.248E-05  8.497E-04  0.000000E+00  0.00E+00  0.000000E+00  0.00E+00  0.000000E+00  0.00E+00  0.000000E+00  0.00E+00  4.682024E-06  2.62E-06  1.788275E-05  1.87E-06  4.682024E-06  2.62E-06  1.788275E-05  1.87E-06  5.011159E-04  1.21E-04  3.078876E-03  7.11E-03
   4.271E-05  8.541E-04  0.000000E+00  0.00E+00  0.000000E+00  0.00E+00  0.000000E+00  0.00E+00  0.000000E+00  0.00E+00  4.738422E-06  2.64E-06  1.768275E-05  1.86E-06  4.738422E-06  2.64E-06  1.768275E-05  1.86E-06  5.187006E-04  1.23E-04  7.142482E-04  5.24E-05
   4.293E-05  8.585E-04  0.000000E+00  0.00E+00  0.000000E+00  0.00E+00  0.000000E+00  0.00E+00  0.000000E+00  0.00E+00  4.629481E-06  2.62E-06  1.555840E-05  1.75E-06  4.629481E-06  2.62E-06  1.555840E-05  1.75E-06  5.825030E-04  1.30E-04  7.499049E-04  5.36E-05
   4.315E-05  8.630E-04  0.000000E+00  0.00E+00  0.000000E+00  0.00E+00  0.000000E+00  0.00E+00  0.000000E+00  0.00E+00  5.290836E-06  2.81E-06  1.604925E-05  1.77E-06  5.290836E-06  2.81E-06  1.604925E-05  1.77E-06  5.329014E-04  1.24E-04  7.073397E-04  5.21E-05
   4.337E-05  8.674E-04  0.000000E+00  0.00E+00  0.000000E+00  0.00E+00  0.000000E+00  0.00E+00  0.000000E+00  0.00E+00  5.234438E-06  2.78E-06  1.561842E-05  1.75E-06  5.234438E-06  2.78E-06  1.561842E-05  1.75E-06  5.153167E-04  1.22E-04  7.322933E-04  5.31E-05
   4.359E-05  8.718E-04  0.000000E+00  0.00E+00  0.000000E+00  0.00E+00  0.000000E+00  0.00E+00  0.000000E+00  0.00E+00  3.141434E-06  2.16E-06  1.665963E-05  1.81E-06  3.141434E-06  2.16E-06  1.665963E-05  1.81E-06  5.218532E-04  1.22E-04  7.298041E-04  5.30E-05
   4.381E-05  8.762E-04  0.000000E+00  0.00E+00  0.000000E+00  0.00E+00  0.000000E+00  0.00E+00  0.000000E+00  0.00E+00  5.730454E-06  2.91E-06  1.629067E-05  1.79E-06  5.730454E-06  2.91E-06  1.629067E-05  1.79E-06  4.932973E-04  1.19E-04  7.037489E-04  5.19E-05
   4.403E-05  8.807E-04  0.000000E+00  0.00E+00  0.000000E+00  0.00E+00  0.000000E+00  0.00E+00  0.000000E+00  0.00E+00  2.754359E-06  2.01E-06  1.633312E-05  1.79E-06  2.754359E-06  2.01E-06  1.633312E-05  1.79E-06  5.307226E-04  1.24E-04  7.188957E-04  5.26E-05
   4.425E-05  8.851E-04  0.000000E+00  0.00E+00  0.000000E+00  0.00E+00  0.000000E+00  0.00E+00  0.000000E+00  0.00E+00  3.689992E-06  2.32E-06  1.561041E-05  1.75E-06  3.689992E-06  2.32E-06  1.561041E-05  1.75E-06  5.351574E-04  1.24E-04  7.037014E-04  5.20E-05
   4.448E-05  8.895E-04  0.000000E+00  0.00E+00  0.000000E+00  0.00E+00  0.000000E+00  0.00E+00  0.000000E+00  0.00E+00  3.637450E-06  2.33E-06  1.421031E-05  1.67E-06  3.637450E-06  2.33E-06  1.421031E-05  1.67E-06  5.791192E-04  1.29E-04  7.231854E-04  5.27E-05
   4.470E-05  8.940E-04  0.000000E+00  0.00E+00  0.000000E+00  0.00E+00  0.000000E+00  0.00E+00  0.000000E+00  0.00E+00  3.250374E-06  2.19E-06  1.510199E-05  1.72E-06  3.250374E-06  2.19E-06  1.510199E-05  1.72E-06  4.822490E-04  1.18E-04  6.842072E-04  5.13E-05
   4.492E-05  8.984E-04  0.000000E+00  0.00E+00  0.000000E+00  0.00E+00  0.000000E+00  0.00E+00  0.000000E+00  0.00E+00  5.674056E-06  2.89E-06  1.454022E-05  1.69E-06  5.674056E-06  2.89E-06  1.454022E-05  1.69E-06  5.550751E-04  1.27E-04  7.220261E-04  5.27E-05
   4.514E-05  9.028E-04  0.000000E+00  0.00E+00  0.000000E+00  0.00E+00  0.000000E+00  0.00E+00  0.000000E+00  0.00E+00  3.359315E-06  2.21E-06  1.475964E-05  1.70E-06  3.359315E-06  2.21E-06  1.475964E-05  1.70E-06  5.154710E-04  1.23E-04  7.153087E-04  5.25E-05
   4.536E-05  9.072E-04  0.000000E+00  0.00E+00  0.000000E+00  0.00E+00  0.000000E+00  0.00E+00  0.000000E+00  0.00E+00  3.306772E-06  2.22E-06  1.440280E-05  1.68E-06  3.306772E-06  2.22E-06  1.440280E-05  1.68E-06  5.407201E-04  1.25E-04  6.722831E-04  5.09E-05
   4.558E-05  9.117E-04  0.000000E+00  0.00E+00  0.000000E+00  0.00E+00  0.000000E+00  0.00E+00  0.000000E+00  0.00E+00  3.306772E-06  2.22E-06  1.434279E-05  1.68E-06  3.306772E-06  2.22E-06  1.434279E-05  1.68E-06  5.847590E-04  1.30E-04  7.490392E-04  5.38E-05
   4.580E-05  9.161E-04  0.000000E+00  0.00E+00  0.000000E+00  0.00E+00  0.000000E+00  0.00E+00  0.000000E+00  0.00E+00  3.415713E-06  2.24E-06  1.374094E-05  1.64E-06  3.415713E-06  2.24E-06  1.374094E-05  1.64E-06  4.943481E-04  1.19E-04  6.928238E-04  5.16E-05
   4.603E-05  9.205E-04  0.000000E+00  0.00E+00  0.000000E+00  0.00E+00  0.000000E+00  0.00E+00  0.000000E+00  0.00E+00  3.359315E-06  2.21E-06  1.502203E-05  1.71E-06  3.359315E-06  2.21E-06  1.502203E-05  1.71E-06  5.176498E-04  1.23E-04  6.858987E-04  5.14E-05
   4.625E-05  9.249E-04  0.000000E+00  0.00E+00  0.000000E+00  0.00E+00  0.000000E+00  0.00E+00  0.000000E+00  0.00E+00  2.645418E-06  1.98E-06  1.399140E-05  1.66E-06  2.645418E-06  1.98E-06  1.399140E-05  1.66E-06  5.892708E-04  1.31E-04  7.173580E-04  5.26E-05
   4.647E-05  9.294E-04  0.000000E+00  0.00E+00  0.000000E+00  0.00E+00  0.000000E+00  0.00E+00  0.000000E+00  0.00E+00  4.242406E-06  2.50E-06  1.427578E-05  1.67E-06  4.242406E-06  2.50E-06  1.427578E-05  1.67E-06  5.218532E-04  1.22E-04  7.083015E-04  5.23E-05
   4.669E-05  9.338E-04  0.000000E+00  0.00E+00  0.000000E+00  0.00E+00  0.000000E+00  0.00E+00  0.000000E+00  0.00E+00  4.351347E-06  2.52E-06  1.351401E-05  1.63E-06  4.351347E-06  2.52E-06  1.351401E-05  1.63E-06  5.550751E-04  1.27E-04  6.990641E-04  5.19E-05
   4.691E-05  9.382E-04  0.000000E+00  0.00E+00  0.000000E+00  0.00E+00  0.000000E+00  0.00E+00  0.000000E+00  0.00E+00  2.976095E-06  2.10E-06  1.331607E-05  1.62E-06  2.976095E-06  2.10E-06  1.331607E-05  1.62E-06  5.559717E-04  1.26E-04  7.017303E-04  5.19E-05
   4.713E-05  9.426E-04  0.000000E+00  0.00E+00  0.000000E+00  0.00E+00  0.000000E+00  0.00E+00  0.000000E+00  0.00E+00  3.637450E-06  2.33E-06  1.402635E-05  1.66E-06  3.637450E-06  2.33E-06  1.402635E-05  1.66E-06  5.252371E-04  1.23E-04  6.754097E-04  5.10E-05
   4.735E-05  9.471E-04  0.000000E+00  0.00E+00  0.000000E+00  0.00E+00  0.000000E+00  0.00E+00  0.000000E+00  0.00E+00  2.976095E-06  2.10E-06  1.289922E-05  1.59E-06  2.976095E-06  2.10E-06  1.289922E-05  1.59E-06  5.087032E-04  1.21E-04  6.832864E-04  5.12E-05
   4.757E-05  9.515E-04  0.000000E+00  0.00E+00  0.000000E+00  0.00E+00  0.000000E+00  0.00E+00  0.000000E+00  0.00E+00  2.645418E-06  1.98E-06  1.351453E-05  1.63E-06  2.645418E-06  1.98E-06  1.351453E-05  1.63E-06  3.798162E-04  1.04E-04  6.978638E-04  5.18E-05
   4.780E-05  9.559E-04  0.000000E+00  0.00E+00  0.000000E+00  0.00E+00  0.000000E+00  0.00E+00  0.000000E+00  0.00E+00  1.653386E-06  1.57E-06  1.320713E-05  1.61E-06  1.653386E-06  1.57E-06  1.320713E-05  1.61E-06  5.165218E-04  1.22E-04  6.912246E-04  5.15E-05
   4.802E-05  9.603E-04  0.000000E+00  0.00E+00  0.000000E+00  0.00E+00  0.000000E+00  0.00E+00  0.000000E+00  0.00E+00  3.855331E-06  2.37E-06  1.262574E-05  1.57E-06  3.855331E-06  2.37E-06  1.262574E-05  1.57E-06  5.392837E-04  1.24E-04  6.547048E-04  5.01E-05
   4.824E-05  9.648E-04  0.000000E+00  0.00E+00  0.000000E+00  0.00E+00  0.000000E+00  0.00E+00  0.000000E+00  0.00E+00  3.415713E-06  2.24E-06  1.295667E-05  1.59E-06  3.415713E-06  2.24E-06  1.295667E-05  1.59E-06  5.571768E-04  1.27E-04  6.527273E-04  5.01E-05
   4.846E-05  9.692E-04  0.000000E+00  0.00E+00  0.000000E+00  0.00E+00  0.000000E+00  0.00E+00  0.000000E+00  0.00E+00  1.488048E-06  1.49E-06  1.264978E-05  1.58E-06  1.488048E-06  1.49E-06  1.264978E-05  1.58E-06  5.437955E-04  1.25E-04  6.939832E-04  5.16E-05
   4.868E-05  9.736E-04  0.000000E+00  0.00E+00  0.000000E+00  0.00E+00  0.000000E+00  0.00E+00  0.000000E+00  0.00E+00  3.468256E-06  2.23E-06  1.378442E-05  1.64E-06  3.468256E-06  2.23E-06  1.378442E-05  1.64E-06  5.143430E-04  1.22E-04  6.574159E-04  5.03E-05
   4.890E-05  9.780E-04  0.000000E+00  0.00E+00  0.000000E+00  0.00E+00  0.000000E+00  0.00E+00  0.000000E+00  0.00E+00  3.637450E-06  2.33E-06  1.240837E-05  1.56E-06  3.637450E-06  2.33E-06  1.240837E-05  1.56E-06  5.207252E-04  1.22E-04  6.901641E-04  5.15E-05
   4.912E-05  9.825E-04  0.000000E+00  0.00E+00  0.000000E+00  0.00E+00  0.000000E+00  0.00E+00  0.000000E+00  0.00E+00  2.480079E-06  1.92E-06  1.199645E-05  1.53E-06  2.480079E-06  1.92E-06  1.199645E-05  1.53E-06  4.634592E-04  1.15E-04  6.629534E-04  5.05E-05
   4.934E-05  9.869E-04  0.000000E+00  0.00E+00  0.000000E+00  0.00E+00  0.000000E+00  0.00E+00  0.000000E+00  0.00E+00  3.085036E-06  2.13E-06  1.200446E-05  1.53E-06  3.085036E-06  2.13E-06  1.200446E-05  1.53E-06  5.053193E-04  1.20E-04  6.521374E-04  5.01E-05
   4.957E-05  9.913E-04  0.000000E+00  0.00E+00  0.000000E+00  0.00E+00  0.000000E+00  0.00E+00  0.000000E+00  0.00E+00  2.314741E-06  1.86E-06  1.194496E-05  1.53E-06  2.314741E-06  1.86E-06  1.194496E-05  1.53E-06  4.494126E-04  1.14E-04  6.683409E-04  5.07E-05
   4.979E-05  9.957E-04  0.000000E+00  0.00E+00  0.000000E+00  0.00E+00  0.000000E+00  0.00E+00  0.000000E+00  0.00E+00  2.314741E-06  1.86E-06  1.138864E-05  1.49E-06  2.314741E-06  1.86E-06  1.138864E-05  1.49E-06  5.043456E-04  1.21E-04  6.386206E-04  4.95E-05
   5.001E-05  1.000E-03  0.000000E+00  0.00E+00  0.000000E+00  0.00E+00  0.000000E+00  0.00E+00  0.000000E+00  0.00E+00  2.919697E-06  2.07E-06  1.209193E-05  1.54E-06  2.919697E-06  2.07E-06  1.209193E-05  1.54E-06  4.911956E-04  1.19E-04  6.674714E-04  5.06E-05
   5.023E-05  1.005E-03  0.000000E+00  0.00E+00  0.000000E+00  0.00E+00  0.000000E+00  0.00E+00  0.000000E+00  0.00E+00  2.810757E-06  2.05E-06  1.163057E-05  1.51E-06  2.810757E-06  2.05E-06  1.163057E-05  1.51E-06  4.899134E-04  1.19E-04  6.521746E-04  5.00E-05
   5.045E-05  1.009E-03  0.000000E+00  0.00E+00  0.000000E+00  0.00E+00  0.000000E+00  0.00E+00  0.000000E+00  0.00E+00  2.754359E-06  2.01E-06  1.152708E-05  1.50E-06  2.754359E-06  2.01E-06  1.152708E-05  1.50E-06  5.539472E-04  1.27E-04  6.830068E-04  5.12E-05
   5.067E-05  1.013E-03  0.000000E+00  0.00E+00  0.000000E+00  0.00E+00  0.000000E+00  0.00E+00  0.000000E+00  0.00E+00  4.242406E-06  2.50E-06  1.225133E-05  1.55E-06  4.242406E-06  2.50E-06  1.225133E-05  1.55E-06  4.603838E-04  1.16E-04  6.228774E-04  4.90E-05
   5.089E-05  1.018E-03  0.000000E+00  0.00E+00  0.000000E+00  0.00E+00  0.000000E+00  0.00E+00  0.000000E+00  0.00E+00  4.298804E-06  2.53E-06  1.093479E-05  1.46E-06  4.298804E-06  2.53E-06  1.093479E-05  1.46E-06  4.537702E-04  1.15E-04  6.480900E-04  5.00E-05
   5.111E-05  1.022E-03  0.000000E+00  0.00E+00  0.000000E+00  0.00E+00  0.000000E+00  0.00E+00  0.000000E+00  0.00E+00  1.488048E-06  1.49E-06  1.224146E-05  1.55E-06  1.488048E-06  1.49E-06  1.224146E-05  1.55E-06  4.889397E-04  1.19E-04  6.772307E-04  5.11E-05
   5.134E-05  1.027E-03  0.000000E+00  0.00E+00  0.000000E+00  0.00E+00  0.000000E+00  0.00E+00  0.000000E+00  0.00E+00  2.645418E-06  1.98E-06  1.012153E-05  1.41E-06  2.645418E-06  1.98E-06  1.012153E-05  1.41E-06  4.016814E-04  1.07E-04  6.329535E-04  4.94E-05
   5.156E-05  1.031E-03  0.000000E+00  0.00E+00  0.000000E+00  0.00E+00  0.000000E+00  0.00E+00  0.000000E+00  0.00E+00  3.472111E-06  2.27E-06  1.099378E-05  1.47E-06  3.472111E-06  2.27E-06  1.099378E-05  1.47E-06  5.098312E-04  1.21E-04  6.678536E-04  5.07E-05
   5.178E-05  1.036E-03  0.000000E+00  0.00E+00  0.000000E+00  0.00E+00  0.000000E+00  0.00E+00  0.000000E+00  0.00E+00  2.149402E-06  1.79E-06  1.122923E-05  1.49E-06  2.149402E-06  1.79E-06  1.122923E-05  1.49E-06  4.424906E-04  1.12E-04  6.150892E-04  4.87E-05
   5.200E-05  1.040E-03  0.000000E+00  0.00E+00  0.000000E+00  0.00E+00  0.000000E+00  0.00E+00  0.000000E+00  0.00E+00  2.810757E-06  2.05E-06  1.104424E-05  1.47E-06  2.810757E-06  2.05E-06  1.104424E-05  1.47E-06  4.932973E-04  1.19E-04  6.579853E-04  5.03E-05
   5.222E-05  1.044E-03  0.000000E+00  0.00E+00  0.000000E+00  0.00E+00  0.000000E+00  0.00E+00  0.000000E+00  0.00E+00  2.367283E-06  1.85E-06  1.124372E-05  1.49E-06  2.367283E-06  1.85E-06  1.124372E-05  1.49E-06  4.978862E-04  1.21E-04  6.269453E-04  4.91E-05
   5.244E-05  1.049E-03  0.000000E+00  0.00E+00  0.000000E+00  0.00E+00  0.000000E+00  0.00E+00  0.000000E+00  0.00E+00  2.314741E-06  1.86E-06  1.146315E-05  1.50E-06  2.314741E-06  1.86E-06  1.146315E-05  1.50E-06  4.977320E-04  1.20E-04  6.412906E-04  4.97E-05
   5.266E-05  1.053E-03  0.000000E+00  0.00E+00  0.000000E+00  0.00E+00  0.000000E+00  0.00E+00  0.000000E+00  0.00E+00  2.806901E-06  2.00E-06  1.144763E-05  1.50E-06  2.806901E-06  2.00E-06  1.144763E-05  1.50E-06  4.932973E-04  1.19E-04  6.422011E-04  4.97E-05
   5.288E-05  1.058E-03  0.000000E+00  0.00E+00  0.000000E+00  0.00E+00  0.000000E+00  0.00E+00  0.000000E+00  0.00E+00  2.310885E-06  1.81E-06  1.049337E-05  1.43E-06  2.310885E-06  1.81E-06  1.049337E-05  1.43E-06  4.734567E-04  1.17E-04  6.358928E-04  4.95E-05
   5.311E-05  1.062E-03  0.000000E+00  0.00E+00  0.000000E+00  0.00E+00  0.000000E+00  0.00E+00  0.000000E+00  0.00E+00  3.911729E-06  2.40E-06  9.423697E-06  1.36E-06  3.911729E-06  2.40E-06  9.423697E-06  1.36E-06  4.910414E-04  1.19E-04  6.382217E-04  4.96E-05
   5.333E-05  1.067E-03  0.000000E+00  0.00E+00  0.000000E+00  0.00E+00  0.000000E+00  0.00E+00  0.000000E+00  0.00E+00  2.480079E-06  1.92E-06  9.850618E-06  1.39E-06  2.480079E-06  1.92E-06  9.850618E-06  1.39E-06  4.282898E-04  1.11E-04  6.190788E-04  4.89E-05
   5.355E-05  1.071E-03  0.000000E+00  0.00E+00  0.000000E+00  0.00E+00  0.000000E+00  0.00E+00  0.000000E+00  0.00E+00  3.472111E-06  2.27E-06  9.615677E-06  1.37E-06  3.472111E-06  2.27E-06  9.615677E-06  1.37E-06  4.561033E-04  1.16E-04  6.168795E-04  4.88E-05
   5.377E-05  1.075E-03  0.000000E+00  0.00E+00  0.000000E+00  0.00E+00  0.000000E+00  0.00E+00  0.000000E+00  0.00E+00  9.356337E-07  1.16E-06  9.513723E-06  1.37E-06  9.356337E-07  1.16E-06  9.513723E-06  1.37E-06  4.559491E-04  1.15E-04  6.505690E-04  5.01E-05
   5.399E-05  1.080E-03  0.000000E+00  0.00E+00  0.000000E+00  0.00E+00  0.000000E+00  0.00E+00  0.000000E+00  0.00E+00  2.645418E-06  1.98E-06  1.038546E-05  1.43E-06  2.645418E-06  1.98E-06  1.038546E-05  1.43E-06  4.723287E-04  1.17E-04  6.098004E-04  4.84E-05
   5.421E-05  1.084E-03  0.000000E+00  0.00E+00  0.000000E+00  0.00E+00  0.000000E+00  0.00E+00  0.000000E+00  0.00E+00  1.100972E-06  1.26E-06  1.035493E-05  1.42E-06  1.100972E-06  1.26E-06  1.035493E-05  1.42E-06  4.657923E-04  1.16E-04  6.084603E-04  4.84E-05
   5.443E-05  1.089E-03  0.000000E+00  0.00E+00  0.000000E+00  0.00E+00  0.000000E+00  0.00E+00  0.000000E+00  0.00E+00  8.266931E-07  1.11E-06  9.418759E-06  1.36E-06  8.266931E-07  1.11E-06  9.418759E-06  1.36E-06  4.525652E-04  1.14E-04  6.320532E-04  4.93E-05
   5.465E-05  1.093E-03  0.000000E+00  0.00E+00  0.000000E+00  0.00E+00  0.000000E+00  0.00E+00  0.000000E+00  0.00E+00  2.314741E-06  1.86E-06  1.038546E-05  1.43E-06  2.314741E-06  1.86E-06  1.038546E-05  1.43E-06  5.198286E-04  1.23E-04  6.579443E-04  5.03E-05
   5.488E-05  1.098E-03  0.000000E+00  0.00E+00  0.000000E+00  0.00E+00  0.000000E+00  0.00E+00  0.000000E+00  0.00E+00  1.431650E-06  1.44E-06  9.594196E-06  1.37E-06  1.431650E-06  1.44E-06  9.594196E-06  1.37E-06  5.175727E-04  1.22E-04  6.074510E-04  4.83E-05
