 #  Results from PENEPMA. Phi rho z distribution.
 #
 #  Z = 30, S1 =  4, S2 =  9
 #
 #  Angular intervals : theta_1 = 4.000000E+01,  theta_2 = 6.000000E+01
 #                        phi_1 = 0.000000E+00,    phi_2 = 3.600000E+02
 #
 # Intensities of characteristic lines. All in 1/(cm*sr*electron).
 #    P = primary photons (from electron interactions);
 #    C = flourescence from characteristic x rays;
 #    B = flourescence from bremsstrahlung quanta;
 #   TF = C+B, total fluorescence;
 #    T = P+C+B, total intensity;
 #    E = emitted; G = generated;
 #  unc = statistical uncertainty (3 sigma).
 #
 # D (cm)     DF (cm)    PE            unc       PG            unc       CE            unc       CG            unc       BE            unc       BG            unc       TFE           unc       TFG           unc       TE            unc       TG            unc
   0.000E+00  0.000E+00  2.666227E+00  5.46E+00  2.767150E+00  1.02E-01  1.241549E-02  1.86E-02  1.403806E-02  7.22E-03  1.212440E-03  1.56E-04  1.279535E-03  5.81E-05  1.362793E-02  1.88E-02  1.531760E-02  7.28E-03  2.671240E+00  1.22E+00  2.354485E+00  4.18E-01
   1.994E-07  3.989E-06  1.924402E+00  4.64E+00  2.127592E+00  8.90E-02  3.103874E-03  9.31E-03  1.156076E-02  6.55E-03  1.140733E-03  1.50E-04  1.262037E-03  5.76E-05  4.244606E-03  9.46E-03  1.282279E-02  6.61E-03  2.422140E+00  1.16E+00  2.164505E+00  4.01E-01
   3.989E-07  7.977E-06  4.252307E-01  2.18E+00  5.557421E-01  4.54E-02  0.000000E+00  0.00E+00  2.477305E-03  3.03E-03  4.640039E-04  9.47E-05  5.725388E-04  3.84E-05  4.640039E-04  9.47E-05  3.049844E-03  3.07E-03  3.042809E+00  1.30E+00  2.197565E+00  4.04E-01
   5.983E-07  1.197E-05  0.000000E+00  0.00E+00  0.000000E+00  0.00E+00  0.000000E+00  0.00E+00  0.000000E+00  0.00E+00  0.000000E+00  0.00E+00  0.000000E+00  0.00E+00  0.000000E+00  0.00E+00  0.000000E+00  0.00E+00  2.173636E+00  1.10E+00  2.296721E+00  4.13E-01
   7.977E-07  1.595E-05  0.000000E+00  0.00E+00  0.000000E+00  0.00E+00  0.000000E+00  0.00E+00  0.000000E+00  0.00E+00  0.000000E+00  0.00E+00  0.000000E+00  0.00E+00  0.000000E+00  0.00E+00  0.000000E+00  0.00E+00  2.732512E+00  1.24E+00  2.701536E+00  4.48E-01
   9.972E-07  1.994E-05  0.000000E+00  0.00E+00  0.000000E+00  0.00E+00  0.000000E+00  0.00E+00  0.000000E+00  0.00E+00  0.000000E+00  0.00E+00  0.000000E+00  0.00E+00  0.000000E+00  0.00E+00  0.000000E+00  0.00E+00  2.359928E+00  1.15E+00  2.461907E+00  4.28E-01
   1.197E-06  2.393E-05  0.000000E+00  0.00E+00  0.000000E+00  0.00E+00  0.000000E+00  0.00E+00  0.000000E+00  0.00E+00  0.000000E+00  0.00E+00  0.000000E+00  0.00E+00  0.000000E+00  0.00E+00  0.000000E+00  0.00E+00  2.856861E+00  1.26E+00  2.908073E+00  4.65E-01
   1.396E-06  2.792E-05  0.000000E+00  0.00E+00  0.000000E+00  0.00E+00  0.000000E+00  0.00E+00  0.000000E+00  0.00E+00  0.000000E+00  0.00E+00  0.000000E+00  0.00E+00  0.000000E+00  0.00E+00  0.000000E+00  0.00E+00  2.980614E+00  1.29E+00  3.081403E+00  4.78E-01
   1.595E-06  3.191E-05  0.000000E+00  0.00E+00  0.000000E+00  0.00E+00  0.000000E+00  0.00E+00  0.000000E+00  0.00E+00  0.000000E+00  0.00E+00  0.000000E+00  0.00E+00  0.000000E+00  0.00E+00  0.000000E+00  0.00E+00  2.111812E+00  1.09E+00  2.775692E+00  4.54E-01
   1.795E-06  3.590E-05  0.000000E+00  0.00E+00  0.000000E+00  0.00E+00  0.000000E+00  0.00E+00  0.000000E+00  0.00E+00  0.000000E+00  0.00E+00  0.000000E+00  0.00E+00  0.000000E+00  0.00E+00  0.000000E+00  0.00E+00  2.422230E+00  1.16E+00  2.717958E+00  4.49E-01
   1.994E-06  3.989E-05  0.000000E+00  0.00E+00  0.000000E+00  0.00E+00  0.000000E+00  0.00E+00  0.000000E+00  0.00E+00  0.000000E+00  0.00E+00  0.000000E+00  0.00E+00  0.000000E+00  0.00E+00  0.000000E+00  0.00E+00  2.608581E+00  1.21E+00  2.850365E+00  4.60E-01
   2.194E-06  4.388E-05  0.000000E+00  0.00E+00  0.000000E+00  0.00E+00  0.000000E+00  0.00E+00  0.000000E+00  0.00E+00  0.000000E+00  0.00E+00  0.000000E+00  0.00E+00  0.000000E+00  0.00E+00  0.000000E+00  0.00E+00  2.794619E+00  1.25E+00  3.279692E+00  4.95E-01
   2.393E-06  4.786E-05  0.000000E+00  0.00E+00  0.000000E+00  0.00E+00  0.000000E+00  0.00E+00  0.000000E+00  0.00E+00  0.000000E+00  0.00E+00  0.000000E+00  0.00E+00  0.000000E+00  0.00E+00  0.000000E+00  0.00E+00  3.291344E+00  1.36E+00  2.734689E+00  4.51E-01
   2.593E-06  5.185E-05  0.000000E+00  0.00E+00  0.000000E+00  0.00E+00  0.000000E+00  0.00E+00  0.000000E+00  0.00E+00  0.000000E+00  0.00E+00  0.000000E+00  0.00E+00  0.000000E+00  0.00E+00  0.000000E+00  0.00E+00  2.856428E+00  1.26E+00  2.982231E+00  4.72E-01
   2.792E-06  5.584E-05  0.000000E+00  0.00E+00  0.000000E+00  0.00E+00  0.000000E+00  0.00E+00  0.000000E+00  0.00E+00  0.000000E+00  0.00E+00  0.000000E+00  0.00E+00  0.000000E+00  0.00E+00  0.000000E+00  0.00E+00  2.919118E+00  1.28E+00  3.081666E+00  4.78E-01
   2.991E-06  5.983E-05  0.000000E+00  0.00E+00  0.000000E+00  0.00E+00  0.000000E+00  0.00E+00  0.000000E+00  0.00E+00  0.000000E+00  0.00E+00  0.000000E+00  0.00E+00  0.000000E+00  0.00E+00  0.000000E+00  0.00E+00  2.111830E+00  1.09E+00  3.222036E+00  4.89E-01
   3.191E-06  6.382E-05  0.000000E+00  0.00E+00  0.000000E+00  0.00E+00  0.000000E+00  0.00E+00  0.000000E+00  0.00E+00  0.000000E+00  0.00E+00  0.000000E+00  0.00E+00  0.000000E+00  0.00E+00  0.000000E+00  0.00E+00  2.174009E+00  1.10E+00  2.982366E+00  4.72E-01
   3.390E-06  6.781E-05  0.000000E+00  0.00E+00  0.000000E+00  0.00E+00  0.000000E+00  0.00E+00  0.000000E+00  0.00E+00  0.000000E+00  0.00E+00  0.000000E+00  0.00E+00  0.000000E+00  0.00E+00  0.000000E+00  0.00E+00  2.980867E+00  1.29E+00  2.982326E+00  4.71E-01
   3.590E-06  7.180E-05  0.000000E+00  0.00E+00  0.000000E+00  0.00E+00  0.000000E+00  0.00E+00  0.000000E+00  0.00E+00  0.000000E+00  0.00E+00  0.000000E+00  0.00E+00  0.000000E+00  0.00E+00  0.000000E+00  0.00E+00  3.043257E+00  1.30E+00  3.065011E+00  4.78E-01
   3.789E-06  7.578E-05  0.000000E+00  0.00E+00  0.000000E+00  0.00E+00  0.000000E+00  0.00E+00  0.000000E+00  0.00E+00  0.000000E+00  0.00E+00  0.000000E+00  0.00E+00  0.000000E+00  0.00E+00  0.000000E+00  0.00E+00  3.043272E+00  1.30E+00  2.809118E+00  4.57E-01
   3.989E-06  7.977E-05  0.000000E+00  0.00E+00  0.000000E+00  0.00E+00  0.000000E+00  0.00E+00  0.000000E+00  0.00E+00  0.000000E+00  0.00E+00  0.000000E+00  0.00E+00  0.000000E+00  0.00E+00  0.000000E+00  0.00E+00  1.925610E+00  1.04E+00  2.767746E+00  4.53E-01
   4.188E-06  8.376E-05  0.000000E+00  0.00E+00  0.000000E+00  0.00E+00  0.000000E+00  0.00E+00  0.000000E+00  0.00E+00  0.000000E+00  0.00E+00  0.000000E+00  0.00E+00  0.000000E+00  0.00E+00  0.000000E+00  0.00E+00  2.422289E+00  1.16E+00  2.949282E+00  4.68E-01
   4.388E-06  8.775E-05  0.000000E+00  0.00E+00  0.000000E+00  0.00E+00  0.000000E+00  0.00E+00  0.000000E+00  0.00E+00  0.000000E+00  0.00E+00  0.000000E+00  0.00E+00  0.000000E+00  0.00E+00  0.000000E+00  0.00E+00  2.546070E+00  1.19E+00  2.709855E+00  4.50E-01
   4.587E-06  9.174E-05  0.000000E+00  0.00E+00  0.000000E+00  0.00E+00  0.000000E+00  0.00E+00  0.000000E+00  0.00E+00  0.000000E+00  0.00E+00  0.000000E+00  0.00E+00  0.000000E+00  0.00E+00  0.000000E+00  0.00E+00  2.484619E+00  1.18E+00  2.511694E+00  4.32E-01
   4.786E-06  9.573E-05  0.000000E+00  0.00E+00  0.000000E+00  0.00E+00  0.000000E+00  0.00E+00  0.000000E+00  0.00E+00  0.000000E+00  0.00E+00  0.000000E+00  0.00E+00  0.000000E+00  0.00E+00  0.000000E+00  0.00E+00  2.546727E+00  1.19E+00  2.503467E+00  4.31E-01
   4.986E-06  9.972E-05  0.000000E+00  0.00E+00  0.000000E+00  0.00E+00  0.000000E+00  0.00E+00  0.000000E+00  0.00E+00  0.000000E+00  0.00E+00  0.000000E+00  0.00E+00  0.000000E+00  0.00E+00  0.000000E+00  0.00E+00  2.484396E+00  1.18E+00  2.363042E+00  4.19E-01
   5.185E-06  1.037E-04  0.000000E+00  0.00E+00  0.000000E+00  0.00E+00  0.000000E+00  0.00E+00  0.000000E+00  0.00E+00  0.000000E+00  0.00E+00  0.000000E+00  0.00E+00  0.000000E+00  0.00E+00  0.000000E+00  0.00E+00  2.111905E+00  1.09E+00  2.288729E+00  4.12E-01
   5.385E-06  1.077E-04  0.000000E+00  0.00E+00  0.000000E+00  0.00E+00  0.000000E+00  0.00E+00  0.000000E+00  0.00E+00  0.000000E+00  0.00E+00  0.000000E+00  0.00E+00  0.000000E+00  0.00E+00  0.000000E+00  0.00E+00  1.863815E+00  1.02E+00  2.197873E+00  4.04E-01
   5.584E-06  1.117E-04  0.000000E+00  0.00E+00  0.000000E+00  0.00E+00  0.000000E+00  0.00E+00  0.000000E+00  0.00E+00  0.000000E+00  0.00E+00  0.000000E+00  0.00E+00  0.000000E+00  0.00E+00  0.000000E+00  0.00E+00  2.112080E+00  1.09E+00  2.387797E+00  4.23E-01
   5.784E-06  1.157E-04  0.000000E+00  0.00E+00  0.000000E+00  0.00E+00  0.000000E+00  0.00E+00  0.000000E+00  0.00E+00  0.000000E+00  0.00E+00  0.000000E+00  0.00E+00  0.000000E+00  0.00E+00  0.000000E+00  0.00E+00  1.739213E+00  9.85E-01  2.305089E+00  4.14E-01
   5.983E-06  1.197E-04  0.000000E+00  0.00E+00  0.000000E+00  0.00E+00  0.000000E+00  0.00E+00  0.000000E+00  0.00E+00  0.000000E+00  0.00E+00  0.000000E+00  0.00E+00  0.000000E+00  0.00E+00  0.000000E+00  0.00E+00  1.863472E+00  1.02E+00  2.131734E+00  3.98E-01
   6.182E-06  1.236E-04  0.000000E+00  0.00E+00  0.000000E+00  0.00E+00  0.000000E+00  0.00E+00  0.000000E+00  0.00E+00  0.000000E+00  0.00E+00  0.000000E+00  0.00E+00  0.000000E+00  0.00E+00  0.000000E+00  0.00E+00  1.863217E+00  1.02E+00  2.106996E+00  3.96E-01
   6.382E-06  1.276E-04  0.000000E+00  0.00E+00  0.000000E+00  0.00E+00  0.000000E+00  0.00E+00  0.000000E+00  0.00E+00  0.000000E+00  0.00E+00  0.000000E+00  0.00E+00  0.000000E+00  0.00E+00  0.000000E+00  0.00E+00  1.677195E+00  9.68E-01  1.661012E+00  3.51E-01
   6.581E-06  1.316E-04  0.000000E+00  0.00E+00  0.000000E+00  0.00E+00  0.000000E+00  0.00E+00  0.000000E+00  0.00E+00  0.000000E+00  0.00E+00  0.000000E+00  0.00E+00  0.000000E+00  0.00E+00  0.000000E+00  0.00E+00  1.863278E+00  1.02E+00  1.941726E+00  3.80E-01
   6.781E-06  1.356E-04  0.000000E+00  0.00E+00  0.000000E+00  0.00E+00  0.000000E+00  0.00E+00  0.000000E+00  0.00E+00  0.000000E+00  0.00E+00  0.000000E+00  0.00E+00  0.000000E+00  0.00E+00  0.000000E+00  0.00E+00  1.739317E+00  9.85E-01  1.974750E+00  3.83E-01
   6.980E-06  1.396E-04  0.000000E+00  0.00E+00  0.000000E+00  0.00E+00  0.000000E+00  0.00E+00  0.000000E+00  0.00E+00  0.000000E+00  0.00E+00  0.000000E+00  0.00E+00  0.000000E+00  0.00E+00  0.000000E+00  0.00E+00  1.490668E+00  9.12E-01  1.727052E+00  3.58E-01
   7.180E-06  1.436E-04  0.000000E+00  0.00E+00  0.000000E+00  0.00E+00  0.000000E+00  0.00E+00  0.000000E+00  0.00E+00  0.000000E+00  0.00E+00  0.000000E+00  0.00E+00  0.000000E+00  0.00E+00  0.000000E+00  0.00E+00  1.553054E+00  9.31E-01  1.644433E+00  3.49E-01
   7.379E-06  1.476E-04  0.000000E+00  0.00E+00  0.000000E+00  0.00E+00  0.000000E+00  0.00E+00  0.000000E+00  0.00E+00  0.000000E+00  0.00E+00  0.000000E+00  0.00E+00  0.000000E+00  0.00E+00  0.000000E+00  0.00E+00  1.118423E+00  7.90E-01  1.586750E+00  3.43E-01
   7.578E-06  1.516E-04  0.000000E+00  0.00E+00  0.000000E+00  0.00E+00  0.000000E+00  0.00E+00  0.000000E+00  0.00E+00  0.000000E+00  0.00E+00  0.000000E+00  0.00E+00  0.000000E+00  0.00E+00  0.000000E+00  0.00E+00  1.366494E+00  8.74E-01  1.553475E+00  3.40E-01
   7.778E-06  1.556E-04  0.000000E+00  0.00E+00  0.000000E+00  0.00E+00  0.000000E+00  0.00E+00  0.000000E+00  0.00E+00  0.000000E+00  0.00E+00  0.000000E+00  0.00E+00  0.000000E+00  0.00E+00  0.000000E+00  0.00E+00  1.801082E+00  1.00E+00  1.495796E+00  3.33E-01
   7.977E-06  1.595E-04  0.000000E+00  0.00E+00  0.000000E+00  0.00E+00  0.000000E+00  0.00E+00  0.000000E+00  0.00E+00  0.000000E+00  0.00E+00  0.000000E+00  0.00E+00  0.000000E+00  0.00E+00  0.000000E+00  0.00E+00  1.304968E+00  8.53E-01  1.239926E+00  3.03E-01
   8.177E-06  1.635E-04  0.000000E+00  0.00E+00  0.000000E+00  0.00E+00  0.000000E+00  0.00E+00  0.000000E+00  0.00E+00  0.000000E+00  0.00E+00  0.000000E+00  0.00E+00  0.000000E+00  0.00E+00  0.000000E+00  0.00E+00  6.837756E-01  6.18E-01  1.413238E+00  3.24E-01
   8.376E-06  1.675E-04  0.000000E+00  0.00E+00  0.000000E+00  0.00E+00  0.000000E+00  0.00E+00  0.000000E+00  0.00E+00  0.000000E+00  0.00E+00  0.000000E+00  0.00E+00  0.000000E+00  0.00E+00  0.000000E+00  0.00E+00  1.490590E+00  9.12E-01  1.454541E+00  3.29E-01
   8.576E-06  1.715E-04  0.000000E+00  0.00E+00  0.000000E+00  0.00E+00  0.000000E+00  0.00E+00  0.000000E+00  0.00E+00  0.000000E+00  0.00E+00  0.000000E+00  0.00E+00  0.000000E+00  0.00E+00  0.000000E+00  0.00E+00  5.594864E-01  5.59E-01  1.016730E+00  2.75E-01
   8.775E-06  1.755E-04  0.000000E+00  0.00E+00  0.000000E+00  0.00E+00  0.000000E+00  0.00E+00  0.000000E+00  0.00E+00  0.000000E+00  0.00E+00  0.000000E+00  0.00E+00  0.000000E+00  0.00E+00  0.000000E+00  0.00E+00  4.974690E-01  5.27E-01  1.124155E+00  2.89E-01
   8.974E-06  1.795E-04  0.000000E+00  0.00E+00  0.000000E+00  0.00E+00  0.000000E+00  0.00E+00  0.000000E+00  0.00E+00  0.000000E+00  0.00E+00  0.000000E+00  0.00E+00  0.000000E+00  0.00E+00  0.000000E+00  0.00E+00  8.699043E-01  6.97E-01  1.214888E+00  3.00E-01
   9.174E-06  1.835E-04  0.000000E+00  0.00E+00  0.000000E+00  0.00E+00  0.000000E+00  0.00E+00  0.000000E+00  0.00E+00  0.000000E+00  0.00E+00  0.000000E+00  0.00E+00  0.000000E+00  0.00E+00  0.000000E+00  0.00E+00  8.699338E-01  6.97E-01  9.755510E-01  2.69E-01
   9.373E-06  1.875E-04  0.000000E+00  0.00E+00  0.000000E+00  0.00E+00  0.000000E+00  0.00E+00  0.000000E+00  0.00E+00  0.000000E+00  0.00E+00  0.000000E+00  0.00E+00  0.000000E+00  0.00E+00  0.000000E+00  0.00E+00  3.732693E-01  4.56E-01  8.019720E-01  2.44E-01
   9.573E-06  1.915E-04  0.000000E+00  0.00E+00  0.000000E+00  0.00E+00  0.000000E+00  0.00E+00  0.000000E+00  0.00E+00  0.000000E+00  0.00E+00  0.000000E+00  0.00E+00  0.000000E+00  0.00E+00  0.000000E+00  0.00E+00  8.700223E-01  6.97E-01  9.590343E-01  2.67E-01
   9.772E-06  1.954E-04  0.000000E+00  0.00E+00  0.000000E+00  0.00E+00  0.000000E+00  0.00E+00  0.000000E+00  0.00E+00  0.000000E+00  0.00E+00  0.000000E+00  0.00E+00  0.000000E+00  0.00E+00  0.000000E+00  0.00E+00  9.322187E-01  7.21E-01  8.600054E-01  2.53E-01
   9.972E-06  1.994E-04  0.000000E+00  0.00E+00  0.000000E+00  0.00E+00  0.000000E+00  0.00E+00  0.000000E+00  0.00E+00  0.000000E+00  0.00E+00  0.000000E+00  0.00E+00  0.000000E+00  0.00E+00  0.000000E+00  0.00E+00  6.225647E-02  1.86E-01  1.157978E-01  9.27E-02
   1.017E-05  2.034E-04  0.000000E+00  0.00E+00  0.000000E+00  0.00E+00  0.000000E+00  0.00E+00  0.000000E+00  0.00E+00  0.000000E+00  0.00E+00  0.000000E+00  0.00E+00  0.000000E+00  0.00E+00  0.000000E+00  0.00E+00  0.000000E+00  0.00E+00  0.000000E+00  0.00E+00
   1.037E-05  2.074E-04  0.000000E+00  0.00E+00  0.000000E+00  0.00E+00  0.000000E+00  0.00E+00  0.000000E+00  0.00E+00  0.000000E+00  0.00E+00  0.000000E+00  0.00E+00  0.000000E+00  0.00E+00  0.000000E+00  0.00E+00  0.000000E+00  0.00E+00  0.000000E+00  0.00E+00
   1.057E-05  2.114E-04  0.000000E+00  0.00E+00  0.000000E+00  0.00E+00  0.000000E+00  0.00E+00  0.000000E+00  0.00E+00  0.000000E+00  0.00E+00  0.000000E+00  0.00E+00  0.000000E+00  0.00E+00  0.000000E+00  0.00E+00  0.000000E+00  0.00E+00  0.000000E+00  0.00E+00
   1.077E-05  2.154E-04  0.000000E+00  0.00E+00  0.000000E+00  0.00E+00  0.000000E+00  0.00E+00  0.000000E+00  0.00E+00  0.000000E+00  0.00E+00  0.000000E+00  0.00E+00  0.000000E+00  0.00E+00  0.000000E+00  0.00E+00  0.000000E+00  0.00E+00  0.000000E+00  0.00E+00
   1.097E-05  2.194E-04  0.000000E+00  0.00E+00  0.000000E+00  0.00E+00  0.000000E+00  0.00E+00  0.000000E+00  0.00E+00  0.000000E+00  0.00E+00  0.000000E+00  0.00E+00  0.000000E+00  0.00E+00  0.000000E+00  0.00E+00  0.000000E+00  0.00E+00  0.000000E+00  0.00E+00
   1.117E-05  2.234E-04  0.000000E+00  0.00E+00  0.000000E+00  0.00E+00  0.000000E+00  0.00E+00  0.000000E+00  0.00E+00  0.000000E+00  0.00E+00  0.000000E+00  0.00E+00  0.000000E+00  0.00E+00  0.000000E+00  0.00E+00  0.000000E+00  0.00E+00  0.000000E+00  0.00E+00
   1.137E-05  2.274E-04  0.000000E+00  0.00E+00  0.000000E+00  0.00E+00  0.000000E+00  0.00E+00  0.000000E+00  0.00E+00  0.000000E+00  0.00E+00  0.000000E+00  0.00E+00  0.000000E+00  0.00E+00  0.000000E+00  0.00E+00  0.000000E+00  0.00E+00  0.000000E+00  0.00E+00
   1.157E-05  2.313E-04  0.000000E+00  0.00E+00  0.000000E+00  0.00E+00  0.000000E+00  0.00E+00  0.000000E+00  0.00E+00  0.000000E+00  0.00E+00  0.000000E+00  0.00E+00  0.000000E+00  0.00E+00  0.000000E+00  0.00E+00  0.000000E+00  0.00E+00  0.000000E+00  0.00E+00
   1.177E-05  2.353E-04  0.000000E+00  0.00E+00  0.000000E+00  0.00E+00  0.000000E+00  0.00E+00  0.000000E+00  0.00E+00  0.000000E+00  0.00E+00  0.000000E+00  0.00E+00  0.000000E+00  0.00E+00  0.000000E+00  0.00E+00  0.000000E+00  0.00E+00  0.000000E+00  0.00E+00
   1.197E-05  2.393E-04  0.000000E+00  0.00E+00  0.000000E+00  0.00E+00  0.000000E+00  0.00E+00  0.000000E+00  0.00E+00  0.000000E+00  0.00E+00  0.000000E+00  0.00E+00  0.000000E+00  0.00E+00  0.000000E+00  0.00E+00  0.000000E+00  0.00E+00  0.000000E+00  0.00E+00
   1.217E-05  2.433E-04  0.000000E+00  0.00E+00  0.000000E+00  0.00E+00  0.000000E+00  0.00E+00  0.000000E+00  0.00E+00  0.000000E+00  0.00E+00  0.000000E+00  0.00E+00  0.000000E+00  0.00E+00  0.000000E+00  0.00E+00  0.000000E+00  0.00E+00  0.000000E+00  0.00E+00
   1.236E-05  2.473E-04  0.000000E+00  0.00E+00  0.000000E+00  0.00E+00  0.000000E+00  0.00E+00  0.000000E+00  0.00E+00  0.000000E+00  0.00E+00  0.000000E+00  0.00E+00  0.000000E+00  0.00E+00  0.000000E+00  0.00E+00  0.000000E+00  0.00E+00  0.000000E+00  0.00E+00
   1.256E-05  2.513E-04  0.000000E+00  0.00E+00  0.000000E+00  0.00E+00  0.000000E+00  0.00E+00  0.000000E+00  0.00E+00  0.000000E+00  0.00E+00  0.000000E+00  0.00E+00  0.000000E+00  0.00E+00  0.000000E+00  0.00E+00  0.000000E+00  0.00E+00  0.000000E+00  0.00E+00
   1.276E-05  2.553E-04  0.000000E+00  0.00E+00  0.000000E+00  0.00E+00  0.000000E+00  0.00E+00  0.000000E+00  0.00E+00  0.000000E+00  0.00E+00  0.000000E+00  0.00E+00  0.000000E+00  0.00E+00  0.000000E+00  0.00E+00  0.000000E+00  0.00E+00  0.000000E+00  0.00E+00
   1.296E-05  2.593E-04  0.000000E+00  0.00E+00  0.000000E+00  0.00E+00  0.000000E+00  0.00E+00  0.000000E+00  0.00E+00  0.000000E+00  0.00E+00  0.000000E+00  0.00E+00  0.000000E+00  0.00E+00  0.000000E+00  0.00E+00  0.000000E+00  0.00E+00  0.000000E+00  0.00E+00
   1.316E-05  2.633E-04  0.000000E+00  0.00E+00  0.000000E+00  0.00E+00  0.000000E+00  0.00E+00  0.000000E+00  0.00E+00  0.000000E+00  0.00E+00  0.000000E+00  0.00E+00  0.000000E+00  0.00E+00  0.000000E+00  0.00E+00  0.000000E+00  0.00E+00  0.000000E+00  0.00E+00
   1.336E-05  2.672E-04  0.000000E+00  0.00E+00  0.000000E+00  0.00E+00  0.000000E+00  0.00E+00  0.000000E+00  0.00E+00  0.000000E+00  0.00E+00  0.000000E+00  0.00E+00  0.000000E+00  0.00E+00  0.000000E+00  0.00E+00  0.000000E+00  0.00E+00  0.000000E+00  0.00E+00
   1.356E-05  2.712E-04  0.000000E+00  0.00E+00  0.000000E+00  0.00E+00  0.000000E+00  0.00E+00  0.000000E+00  0.00E+00  0.000000E+00  0.00E+00  0.000000E+00  0.00E+00  0.000000E+00  0.00E+00  0.000000E+00  0.00E+00  0.000000E+00  0.00E+00  0.000000E+00  0.00E+00
   1.376E-05  2.752E-04  0.000000E+00  0.00E+00  0.000000E+00  0.00E+00  0.000000E+00  0.00E+00  0.000000E+00  0.00E+00  0.000000E+00  0.00E+00  0.000000E+00  0.00E+00  0.000000E+00  0.00E+00  0.000000E+00  0.00E+00  0.000000E+00  0.00E+00  0.000000E+00  0.00E+00
   1.396E-05  2.792E-04  0.000000E+00  0.00E+00  0.000000E+00  0.00E+00  0.000000E+00  0.00E+00  0.000000E+00  0.00E+00  0.000000E+00  0.00E+00  0.000000E+00  0.00E+00  0.000000E+00  0.00E+00  0.000000E+00  0.00E+00  0.000000E+00  0.00E+00  0.000000E+00  0.00E+00
   1.416E-05  2.832E-04  0.000000E+00  0.00E+00  0.000000E+00  0.00E+00  0.000000E+00  0.00E+00  0.000000E+00  0.00E+00  0.000000E+00  0.00E+00  0.000000E+00  0.00E+00  0.000000E+00  0.00E+00  0.000000E+00  0.00E+00  0.000000E+00  0.00E+00  0.000000E+00  0.00E+00
   1.436E-05  2.872E-04  0.000000E+00  0.00E+00  0.000000E+00  0.00E+00  0.000000E+00  0.00E+00  0.000000E+00  0.00E+00  0.000000E+00  0.00E+00  0.000000E+00  0.00E+00  0.000000E+00  0.00E+00  0.000000E+00  0.00E+00  0.000000E+00  0.00E+00  0.000000E+00  0.00E+00
   1.456E-05  2.912E-04  0.000000E+00  0.00E+00  0.000000E+00  0.00E+00  0.000000E+00  0.00E+00  0.000000E+00  0.00E+00  0.000000E+00  0.00E+00  0.000000E+00  0.00E+00  0.000000E+00  0.00E+00  0.000000E+00  0.00E+00  0.000000E+00  0.00E+00  0.000000E+00  0.00E+00
   1.476E-05  2.952E-04  0.000000E+00  0.00E+00  0.000000E+00  0.00E+00  0.000000E+00  0.00E+00  0.000000E+00  0.00E+00  0.000000E+00  0.00E+00  0.000000E+00  0.00E+00  0.000000E+00  0.00E+00  0.000000E+00  0.00E+00  0.000000E+00  0.00E+00  0.000000E+00  0.00E+00
   1.496E-05  2.991E-04  0.000000E+00  0.00E+00  0.000000E+00  0.00E+00  0.000000E+00  0.00E+00  0.000000E+00  0.00E+00  0.000000E+00  0.00E+00  0.000000E+00  0.00E+00  0.000000E+00  0.00E+00  0.000000E+00  0.00E+00  0.000000E+00  0.00E+00  0.000000E+00  0.00E+00
   1.516E-05  3.031E-04  0.000000E+00  0.00E+00  0.000000E+00  0.00E+00  0.000000E+00  0.00E+00  0.000000E+00  0.00E+00  0.000000E+00  0.00E+00  0.000000E+00  0.00E+00  0.000000E+00  0.00E+00  0.000000E+00  0.00E+00  0.000000E+00  0.00E+00  0.000000E+00  0.00E+00
   1.536E-05  3.071E-04  0.000000E+00  0.00E+00  0.000000E+00  0.00E+00  0.000000E+00  0.00E+00  0.000000E+00  0.00E+00  0.000000E+00  0.00E+00  0.000000E+00  0.00E+00  0.000000E+00  0.00E+00  0.000000E+00  0.00E+00  0.000000E+00  0.00E+00  0.000000E+00  0.00E+00
   1.556E-05  3.111E-04  0.000000E+00  0.00E+00  0.000000E+00  0.00E+00  0.000000E+00  0.00E+00  0.000000E+00  0.00E+00  0.000000E+00  0.00E+00  0.000000E+00  0.00E+00  0.000000E+00  0.00E+00  0.000000E+00  0.00E+00  0.000000E+00  0.00E+00  0.000000E+00  0.00E+00
   1.576E-05  3.151E-04  0.000000E+00  0.00E+00  0.000000E+00  0.00E+00  0.000000E+00  0.00E+00  0.000000E+00  0.00E+00  0.000000E+00  0.00E+00  0.000000E+00  0.00E+00  0.000000E+00  0.00E+00  0.000000E+00  0.00E+00  0.000000E+00  0.00E+00  0.000000E+00  0.00E+00
   1.595E-05  3.191E-04  0.000000E+00  0.00E+00  0.000000E+00  0.00E+00  0.000000E+00  0.00E+00  0.000000E+00  0.00E+00  0.000000E+00  0.00E+00  0.000000E+00  0.00E+00  0.000000E+00  0.00E+00  0.000000E+00  0.00E+00  0.000000E+00  0.00E+00  0.000000E+00  0.00E+00
   1.615E-05  3.231E-04  0.000000E+00  0.00E+00  0.000000E+00  0.00E+00  0.000000E+00  0.00E+00  0.000000E+00  0.00E+00  0.000000E+00  0.00E+00  0.000000E+00  0.00E+00  0.000000E+00  0.00E+00  0.000000E+00  0.00E+00  0.000000E+00  0.00E+00  0.000000E+00  0.00E+00
   1.635E-05  3.271E-04  0.000000E+00  0.00E+00  0.000000E+00  0.00E+00  0.000000E+00  0.00E+00  0.000000E+00  0.00E+00  0.000000E+00  0.00E+00  0.000000E+00  0.00E+00  0.000000E+00  0.00E+00  0.000000E+00  0.00E+00  0.000000E+00  0.00E+00  0.000000E+00  0.00E+00
   1.655E-05  3.311E-04  0.000000E+00  0.00E+00  0.000000E+00  0.00E+00  0.000000E+00  0.00E+00  0.000000E+00  0.00E+00  0.000000E+00  0.00E+00  0.000000E+00  0.00E+00  0.000000E+00  0.00E+00  0.000000E+00  0.00E+00  0.000000E+00  0.00E+00  0.000000E+00  0.00E+00
   1.675E-05  3.350E-04  0.000000E+00  0.00E+00  0.000000E+00  0.00E+00  0.000000E+00  0.00E+00  0.000000E+00  0.00E+00  0.000000E+00  0.00E+00  0.000000E+00  0.00E+00  0.000000E+00  0.00E+00  0.000000E+00  0.00E+00  0.000000E+00  0.00E+00  0.000000E+00  0.00E+00
   1.695E-05  3.390E-04  0.000000E+00  0.00E+00  0.000000E+00  0.00E+00  0.000000E+00  0.00E+00  0.000000E+00  0.00E+00  0.000000E+00  0.00E+00  0.000000E+00  0.00E+00  0.000000E+00  0.00E+00  0.000000E+00  0.00E+00  0.000000E+00  0.00E+00  0.000000E+00  0.00E+00
   1.715E-05  3.430E-04  0.000000E+00  0.00E+00  0.000000E+00  0.00E+00  0.000000E+00  0.00E+00  0.000000E+00  0.00E+00  0.000000E+00  0.00E+00  0.000000E+00  0.00E+00  0.000000E+00  0.00E+00  0.000000E+00  0.00E+00  0.000000E+00  0.00E+00  0.000000E+00  0.00E+00
   1.735E-05  3.470E-04  0.000000E+00  0.00E+00  0.000000E+00  0.00E+00  0.000000E+00  0.00E+00  0.000000E+00  0.00E+00  0.000000E+00  0.00E+00  0.000000E+00  0.00E+00  0.000000E+00  0.00E+00  0.000000E+00  0.00E+00  0.000000E+00  0.00E+00  0.000000E+00  0.00E+00
   1.755E-05  3.510E-04  0.000000E+00  0.00E+00  0.000000E+00  0.00E+00  0.000000E+00  0.00E+00  0.000000E+00  0.00E+00  0.000000E+00  0.00E+00  0.000000E+00  0.00E+00  0.000000E+00  0.00E+00  0.000000E+00  0.00E+00  0.000000E+00  0.00E+00  0.000000E+00  0.00E+00
   1.775E-05  3.550E-04  0.000000E+00  0.00E+00  0.000000E+00  0.00E+00  0.000000E+00  0.00E+00  0.000000E+00  0.00E+00  0.000000E+00  0.00E+00  0.000000E+00  0.00E+00  0.000000E+00  0.00E+00  0.000000E+00  0.00E+00  0.000000E+00  0.00E+00  0.000000E+00  0.00E+00
   1.795E-05  3.590E-04  0.000000E+00  0.00E+00  0.000000E+00  0.00E+00  0.000000E+00  0.00E+00  0.000000E+00  0.00E+00  0.000000E+00  0.00E+00  0.000000E+00  0.00E+00  0.000000E+00  0.00E+00  0.000000E+00  0.00E+00  0.000000E+00  0.00E+00  0.000000E+00  0.00E+00
   1.815E-05  3.630E-04  0.000000E+00  0.00E+00  0.000000E+00  0.00E+00  0.000000E+00  0.00E+00  0.000000E+00  0.00E+00  0.000000E+00  0.00E+00  0.000000E+00  0.00E+00  0.000000E+00  0.00E+00  0.000000E+00  0.00E+00  0.000000E+00  0.00E+00  0.000000E+00  0.00E+00
   1.835E-05  3.670E-04  0.000000E+00  0.00E+00  0.000000E+00  0.00E+00  0.000000E+00  0.00E+00  0.000000E+00  0.00E+00  0.000000E+00  0.00E+00  0.000000E+00  0.00E+00  0.000000E+00  0.00E+00  0.000000E+00  0.00E+00  0.000000E+00  0.00E+00  0.000000E+00  0.00E+00
   1.855E-05  3.709E-04  0.000000E+00  0.00E+00  0.000000E+00  0.00E+00  0.000000E+00  0.00E+00  0.000000E+00  0.00E+00  0.000000E+00  0.00E+00  0.000000E+00  0.00E+00  0.000000E+00  0.00E+00  0.000000E+00  0.00E+00  0.000000E+00  0.00E+00  0.000000E+00  0.00E+00
   1.875E-05  3.749E-04  0.000000E+00  0.00E+00  0.000000E+00  0.00E+00  0.000000E+00  0.00E+00  0.000000E+00  0.00E+00  0.000000E+00  0.00E+00  0.000000E+00  0.00E+00  0.000000E+00  0.00E+00  0.000000E+00  0.00E+00  0.000000E+00  0.00E+00  0.000000E+00  0.00E+00
   1.895E-05  3.789E-04  0.000000E+00  0.00E+00  0.000000E+00  0.00E+00  0.000000E+00  0.00E+00  0.000000E+00  0.00E+00  0.000000E+00  0.00E+00  0.000000E+00  0.00E+00  0.000000E+00  0.00E+00  0.000000E+00  0.00E+00  0.000000E+00  0.00E+00  0.000000E+00  0.00E+00
   1.915E-05  3.829E-04  0.000000E+00  0.00E+00  0.000000E+00  0.00E+00  0.000000E+00  0.00E+00  0.000000E+00  0.00E+00  0.000000E+00  0.00E+00  0.000000E+00  0.00E+00  0.000000E+00  0.00E+00  0.000000E+00  0.00E+00  0.000000E+00  0.00E+00  0.000000E+00  0.00E+00
   1.934E-05  3.869E-04  0.000000E+00  0.00E+00  0.000000E+00  0.00E+00  0.000000E+00  0.00E+00  0.000000E+00  0.00E+00  0.000000E+00  0.00E+00  0.000000E+00  0.00E+00  0.000000E+00  0.00E+00  0.000000E+00  0.00E+00  0.000000E+00  0.00E+00  0.000000E+00  0.00E+00
   1.954E-05  3.909E-04  0.000000E+00  0.00E+00  0.000000E+00  0.00E+00  0.000000E+00  0.00E+00  0.000000E+00  0.00E+00  0.000000E+00  0.00E+00  0.000000E+00  0.00E+00  0.000000E+00  0.00E+00  0.000000E+00  0.00E+00  0.000000E+00  0.00E+00  0.000000E+00  0.00E+00
   1.974E-05  3.949E-04  0.000000E+00  0.00E+00  0.000000E+00  0.00E+00  0.000000E+00  0.00E+00  0.000000E+00  0.00E+00  0.000000E+00  0.00E+00  0.000000E+00  0.00E+00  0.000000E+00  0.00E+00  0.000000E+00  0.00E+00  0.000000E+00  0.00E+00  0.000000E+00  0.00E+00
   1.994E-05  3.989E-04  0.000000E+00  0.00E+00  0.000000E+00  0.00E+00  0.000000E+00  0.00E+00  0.000000E+00  0.00E+00  0.000000E+00  0.00E+00  0.000000E+00  0.00E+00  0.000000E+00  0.00E+00  0.000000E+00  0.00E+00  0.000000E+00  0.00E+00  0.000000E+00  0.00E+00
   2.014E-05  4.029E-04  0.000000E+00  0.00E+00  0.000000E+00  0.00E+00  0.000000E+00  0.00E+00  0.000000E+00  0.00E+00  0.000000E+00  0.00E+00  0.000000E+00  0.00E+00  0.000000E+00  0.00E+00  0.000000E+00  0.00E+00  0.000000E+00  0.00E+00  0.000000E+00  0.00E+00
   2.034E-05  4.068E-04  0.000000E+00  0.00E+00  0.000000E+00  0.00E+00  0.000000E+00  0.00E+00  0.000000E+00  0.00E+00  0.000000E+00  0.00E+00  0.000000E+00  0.00E+00  0.000000E+00  0.00E+00  0.000000E+00  0.00E+00  0.000000E+00  0.00E+00  0.000000E+00  0.00E+00
   2.054E-05  4.108E-04  0.000000E+00  0.00E+00  0.000000E+00  0.00E+00  0.000000E+00  0.00E+00  0.000000E+00  0.00E+00  0.000000E+00  0.00E+00  0.000000E+00  0.00E+00  0.000000E+00  0.00E+00  0.000000E+00  0.00E+00  0.000000E+00  0.00E+00  0.000000E+00  0.00E+00
   2.074E-05  4.148E-04  0.000000E+00  0.00E+00  0.000000E+00  0.00E+00  0.000000E+00  0.00E+00  0.000000E+00  0.00E+00  0.000000E+00  0.00E+00  0.000000E+00  0.00E+00  0.000000E+00  0.00E+00  0.000000E+00  0.00E+00  0.000000E+00  0.00E+00  0.000000E+00  0.00E+00
   2.094E-05  4.188E-04  0.000000E+00  0.00E+00  0.000000E+00  0.00E+00  0.000000E+00  0.00E+00  0.000000E+00  0.00E+00  0.000000E+00  0.00E+00  0.000000E+00  0.00E+00  0.000000E+00  0.00E+00  0.000000E+00  0.00E+00  0.000000E+00  0.00E+00  0.000000E+00  0.00E+00
   2.114E-05  4.228E-04  0.000000E+00  0.00E+00  0.000000E+00  0.00E+00  0.000000E+00  0.00E+00  0.000000E+00  0.00E+00  0.000000E+00  0.00E+00  0.000000E+00  0.00E+00  0.000000E+00  0.00E+00  0.000000E+00  0.00E+00  0.000000E+00  0.00E+00  0.000000E+00  0.00E+00
   2.134E-05  4.268E-04  0.000000E+00  0.00E+00  0.000000E+00  0.00E+00  0.000000E+00  0.00E+00  0.000000E+00  0.00E+00  0.000000E+00  0.00E+00  0.000000E+00  0.00E+00  0.000000E+00  0.00E+00  0.000000E+00  0.00E+00  0.000000E+00  0.00E+00  0.000000E+00  0.00E+00
   2.154E-05  4.308E-04  0.000000E+00  0.00E+00  0.000000E+00  0.00E+00  0.000000E+00  0.00E+00  0.000000E+00  0.00E+00  0.000000E+00  0.00E+00  0.000000E+00  0.00E+00  0.000000E+00  0.00E+00  0.000000E+00  0.00E+00  0.000000E+00  0.00E+00  0.000000E+00  0.00E+00
   2.174E-05  4.348E-04  0.000000E+00  0.00E+00  0.000000E+00  0.00E+00  0.000000E+00  0.00E+00  0.000000E+00  0.00E+00  0.000000E+00  0.00E+00  0.000000E+00  0.00E+00  0.000000E+00  0.00E+00  0.000000E+00  0.00E+00  0.000000E+00  0.00E+00  0.000000E+00  0.00E+00
   2.194E-05  4.388E-04  0.000000E+00  0.00E+00  0.000000E+00  0.00E+00  0.000000E+00  0.00E+00  0.000000E+00  0.00E+00  0.000000E+00  0.00E+00  0.000000E+00  0.00E+00  0.000000E+00  0.00E+00  0.000000E+00  0.00E+00  0.000000E+00  0.00E+00  0.000000E+00  0.00E+00
   2.214E-05  4.427E-04  0.000000E+00  0.00E+00  0.000000E+00  0.00E+00  0.000000E+00  0.00E+00  0.000000E+00  0.00E+00  0.000000E+00  0.00E+00  0.000000E+00  0.00E+00  0.000000E+00  0.00E+00  0.000000E+00  0.00E+00  0.000000E+00  0.00E+00  0.000000E+00  0.00E+00
   2.234E-05  4.467E-04  0.000000E+00  0.00E+00  0.000000E+00  0.00E+00  0.000000E+00  0.00E+00  0.000000E+00  0.00E+00  0.000000E+00  0.00E+00  0.000000E+00  0.00E+00  0.000000E+00  0.00E+00  0.000000E+00  0.00E+00  0.000000E+00  0.00E+00  0.000000E+00  0.00E+00
   2.254E-05  4.507E-04  0.000000E+00  0.00E+00  0.000000E+00  0.00E+00  0.000000E+00  0.00E+00  0.000000E+00  0.00E+00  0.000000E+00  0.00E+00  0.000000E+00  0.00E+00  0.000000E+00  0.00E+00  0.000000E+00  0.00E+00  0.000000E+00  0.00E+00  0.000000E+00  0.00E+00
   2.274E-05  4.547E-04  0.000000E+00  0.00E+00  0.000000E+00  0.00E+00  0.000000E+00  0.00E+00  0.000000E+00  0.00E+00  0.000000E+00  0.00E+00  0.000000E+00  0.00E+00  0.000000E+00  0.00E+00  0.000000E+00  0.00E+00  0.000000E+00  0.00E+00  0.000000E+00  0.00E+00
   2.293E-05  4.587E-04  0.000000E+00  0.00E+00  0.000000E+00  0.00E+00  0.000000E+00  0.00E+00  0.000000E+00  0.00E+00  0.000000E+00  0.00E+00  0.000000E+00  0.00E+00  0.000000E+00  0.00E+00  0.000000E+00  0.00E+00  0.000000E+00  0.00E+00  0.000000E+00  0.00E+00
   2.313E-05  4.627E-04  0.000000E+00  0.00E+00  0.000000E+00  0.00E+00  0.000000E+00  0.00E+00  0.000000E+00  0.00E+00  0.000000E+00  0.00E+00  0.000000E+00  0.00E+00  0.000000E+00  0.00E+00  0.000000E+00  0.00E+00  0.000000E+00  0.00E+00  0.000000E+00  0.00E+00
   2.333E-05  4.667E-04  0.000000E+00  0.00E+00  0.000000E+00  0.00E+00  0.000000E+00  0.00E+00  0.000000E+00  0.00E+00  0.000000E+00  0.00E+00  0.000000E+00  0.00E+00  0.000000E+00  0.00E+00  0.000000E+00  0.00E+00  0.000000E+00  0.00E+00  0.000000E+00  0.00E+00
   2.353E-05  4.707E-04  0.000000E+00  0.00E+00  0.000000E+00  0.00E+00  0.000000E+00  0.00E+00  0.000000E+00  0.00E+00  0.000000E+00  0.00E+00  0.000000E+00  0.00E+00  0.000000E+00  0.00E+00  0.000000E+00  0.00E+00  0.000000E+00  0.00E+00  0.000000E+00  0.00E+00
   2.373E-05  4.746E-04  0.000000E+00  0.00E+00  0.000000E+00  0.00E+00  0.000000E+00  0.00E+00  0.000000E+00  0.00E+00  0.000000E+00  0.00E+00  0.000000E+00  0.00E+00  0.000000E+00  0.00E+00  0.000000E+00  0.00E+00  0.000000E+00  0.00E+00  0.000000E+00  0.00E+00
   2.393E-05  4.786E-04  0.000000E+00  0.00E+00  0.000000E+00  0.00E+00  0.000000E+00  0.00E+00  0.000000E+00  0.00E+00  0.000000E+00  0.00E+00  0.000000E+00  0.00E+00  0.000000E+00  0.00E+00  0.000000E+00  0.00E+00  0.000000E+00  0.00E+00  0.000000E+00  0.00E+00
   2.413E-05  4.826E-04  0.000000E+00  0.00E+00  0.000000E+00  0.00E+00  0.000000E+00  0.00E+00  0.000000E+00  0.00E+00  0.000000E+00  0.00E+00  0.000000E+00  0.00E+00  0.000000E+00  0.00E+00  0.000000E+00  0.00E+00  0.000000E+00  0.00E+00  0.000000E+00  0.00E+00
   2.433E-05  4.866E-04  0.000000E+00  0.00E+00  0.000000E+00  0.00E+00  0.000000E+00  0.00E+00  0.000000E+00  0.00E+00  0.000000E+00  0.00E+00  0.000000E+00  0.00E+00  0.000000E+00  0.00E+00  0.000000E+00  0.00E+00  0.000000E+00  0.00E+00  0.000000E+00  0.00E+00
   2.453E-05  4.906E-04  0.000000E+00  0.00E+00  0.000000E+00  0.00E+00  0.000000E+00  0.00E+00  0.000000E+00  0.00E+00  0.000000E+00  0.00E+00  0.000000E+00  0.00E+00  0.000000E+00  0.00E+00  0.000000E+00  0.00E+00  0.000000E+00  0.00E+00  0.000000E+00  0.00E+00
   2.473E-05  4.946E-04  0.000000E+00  0.00E+00  0.000000E+00  0.00E+00  0.000000E+00  0.00E+00  0.000000E+00  0.00E+00  0.000000E+00  0.00E+00  0.000000E+00  0.00E+00  0.000000E+00  0.00E+00  0.000000E+00  0.00E+00  0.000000E+00  0.00E+00  0.000000E+00  0.00E+00
   2.493E-05  4.986E-04  0.000000E+00  0.00E+00  0.000000E+00  0.00E+00  0.000000E+00  0.00E+00  0.000000E+00  0.00E+00  0.000000E+00  0.00E+00  0.000000E+00  0.00E+00  0.000000E+00  0.00E+00  0.000000E+00  0.00E+00  0.000000E+00  0.00E+00  0.000000E+00  0.00E+00
   2.513E-05  5.026E-04  0.000000E+00  0.00E+00  0.000000E+00  0.00E+00  0.000000E+00  0.00E+00  0.000000E+00  0.00E+00  0.000000E+00  0.00E+00  0.000000E+00  0.00E+00  0.000000E+00  0.00E+00  0.000000E+00  0.00E+00  0.000000E+00  0.00E+00  0.000000E+00  0.00E+00
   2.533E-05  5.066E-04  0.000000E+00  0.00E+00  0.000000E+00  0.00E+00  0.000000E+00  0.00E+00  0.000000E+00  0.00E+00  0.000000E+00  0.00E+00  0.000000E+00  0.00E+00  0.000000E+00  0.00E+00  0.000000E+00  0.00E+00  0.000000E+00  0.00E+00  0.000000E+00  0.00E+00
   2.553E-05  5.105E-04  0.000000E+00  0.00E+00  0.000000E+00  0.00E+00  0.000000E+00  0.00E+00  0.000000E+00  0.00E+00  0.000000E+00  0.00E+00  0.000000E+00  0.00E+00  0.000000E+00  0.00E+00  0.000000E+00  0.00E+00  0.000000E+00  0.00E+00  0.000000E+00  0.00E+00
   2.573E-05  5.145E-04  0.000000E+00  0.00E+00  0.000000E+00  0.00E+00  0.000000E+00  0.00E+00  0.000000E+00  0.00E+00  0.000000E+00  0.00E+00  0.000000E+00  0.00E+00  0.000000E+00  0.00E+00  0.000000E+00  0.00E+00  0.000000E+00  0.00E+00  0.000000E+00  0.00E+00
   2.593E-05  5.185E-04  0.000000E+00  0.00E+00  0.000000E+00  0.00E+00  0.000000E+00  0.00E+00  0.000000E+00  0.00E+00  0.000000E+00  0.00E+00  0.000000E+00  0.00E+00  0.000000E+00  0.00E+00  0.000000E+00  0.00E+00  0.000000E+00  0.00E+00  0.000000E+00  0.00E+00
   2.613E-05  5.225E-04  0.000000E+00  0.00E+00  0.000000E+00  0.00E+00  0.000000E+00  0.00E+00  0.000000E+00  0.00E+00  0.000000E+00  0.00E+00  0.000000E+00  0.00E+00  0.000000E+00  0.00E+00  0.000000E+00  0.00E+00  0.000000E+00  0.00E+00  0.000000E+00  0.00E+00
   2.633E-05  5.265E-04  0.000000E+00  0.00E+00  0.000000E+00  0.00E+00  0.000000E+00  0.00E+00  0.000000E+00  0.00E+00  0.000000E+00  0.00E+00  0.000000E+00  0.00E+00  0.000000E+00  0.00E+00  0.000000E+00  0.00E+00  0.000000E+00  0.00E+00  0.000000E+00  0.00E+00
   2.652E-05  5.305E-04  0.000000E+00  0.00E+00  0.000000E+00  0.00E+00  0.000000E+00  0.00E+00  0.000000E+00  0.00E+00  0.000000E+00  0.00E+00  0.000000E+00  0.00E+00  0.000000E+00  0.00E+00  0.000000E+00  0.00E+00  0.000000E+00  0.00E+00  0.000000E+00  0.00E+00
   2.672E-05  5.345E-04  0.000000E+00  0.00E+00  0.000000E+00  0.00E+00  0.000000E+00  0.00E+00  0.000000E+00  0.00E+00  0.000000E+00  0.00E+00  0.000000E+00  0.00E+00  0.000000E+00  0.00E+00  0.000000E+00  0.00E+00  0.000000E+00  0.00E+00  0.000000E+00  0.00E+00
   2.692E-05  5.385E-04  0.000000E+00  0.00E+00  0.000000E+00  0.00E+00  0.000000E+00  0.00E+00  0.000000E+00  0.00E+00  0.000000E+00  0.00E+00  0.000000E+00  0.00E+00  0.000000E+00  0.00E+00  0.000000E+00  0.00E+00  0.000000E+00  0.00E+00  0.000000E+00  0.00E+00
   2.712E-05  5.425E-04  0.000000E+00  0.00E+00  0.000000E+00  0.00E+00  0.000000E+00  0.00E+00  0.000000E+00  0.00E+00  0.000000E+00  0.00E+00  0.000000E+00  0.00E+00  0.000000E+00  0.00E+00  0.000000E+00  0.00E+00  0.000000E+00  0.00E+00  0.000000E+00  0.00E+00
   2.732E-05  5.464E-04  0.000000E+00  0.00E+00  0.000000E+00  0.00E+00  0.000000E+00  0.00E+00  0.000000E+00  0.00E+00  0.000000E+00  0.00E+00  0.000000E+00  0.00E+00  0.000000E+00  0.00E+00  0.000000E+00  0.00E+00  0.000000E+00  0.00E+00  0.000000E+00  0.00E+00
   2.752E-05  5.504E-04  0.000000E+00  0.00E+00  0.000000E+00  0.00E+00  0.000000E+00  0.00E+00  0.000000E+00  0.00E+00  0.000000E+00  0.00E+00  0.000000E+00  0.00E+00  0.000000E+00  0.00E+00  0.000000E+00  0.00E+00  0.000000E+00  0.00E+00  0.000000E+00  0.00E+00
   2.772E-05  5.544E-04  0.000000E+00  0.00E+00  0.000000E+00  0.00E+00  0.000000E+00  0.00E+00  0.000000E+00  0.00E+00  0.000000E+00  0.00E+00  0.000000E+00  0.00E+00  0.000000E+00  0.00E+00  0.000000E+00  0.00E+00  0.000000E+00  0.00E+00  0.000000E+00  0.00E+00
   2.792E-05  5.584E-04  0.000000E+00  0.00E+00  0.000000E+00  0.00E+00  0.000000E+00  0.00E+00  0.000000E+00  0.00E+00  0.000000E+00  0.00E+00  0.000000E+00  0.00E+00  0.000000E+00  0.00E+00  0.000000E+00  0.00E+00  0.000000E+00  0.00E+00  0.000000E+00  0.00E+00
   2.812E-05  5.624E-04  0.000000E+00  0.00E+00  0.000000E+00  0.00E+00  0.000000E+00  0.00E+00  0.000000E+00  0.00E+00  0.000000E+00  0.00E+00  0.000000E+00  0.00E+00  0.000000E+00  0.00E+00  0.000000E+00  0.00E+00  0.000000E+00  0.00E+00  0.000000E+00  0.00E+00
   2.832E-05  5.664E-04  0.000000E+00  0.00E+00  0.000000E+00  0.00E+00  0.000000E+00  0.00E+00  0.000000E+00  0.00E+00  0.000000E+00  0.00E+00  0.000000E+00  0.00E+00  0.000000E+00  0.00E+00  0.000000E+00  0.00E+00  0.000000E+00  0.00E+00  0.000000E+00  0.00E+00
   2.852E-05  5.704E-04  0.000000E+00  0.00E+00  0.000000E+00  0.00E+00  0.000000E+00  0.00E+00  0.000000E+00  0.00E+00  0.000000E+00  0.00E+00  0.000000E+00  0.00E+00  0.000000E+00  0.00E+00  0.000000E+00  0.00E+00  0.000000E+00  0.00E+00  0.000000E+00  0.00E+00
   2.872E-05  5.744E-04  0.000000E+00  0.00E+00  0.000000E+00  0.00E+00  0.000000E+00  0.00E+00  0.000000E+00  0.00E+00  0.000000E+00  0.00E+00  0.000000E+00  0.00E+00  0.000000E+00  0.00E+00  0.000000E+00  0.00E+00  0.000000E+00  0.00E+00  0.000000E+00  0.00E+00
   2.892E-05  5.784E-04  0.000000E+00  0.00E+00  0.000000E+00  0.00E+00  0.000000E+00  0.00E+00  0.000000E+00  0.00E+00  0.000000E+00  0.00E+00  0.000000E+00  0.00E+00  0.000000E+00  0.00E+00  0.000000E+00  0.00E+00  0.000000E+00  0.00E+00  0.000000E+00  0.00E+00
   2.912E-05  5.823E-04  0.000000E+00  0.00E+00  0.000000E+00  0.00E+00  0.000000E+00  0.00E+00  0.000000E+00  0.00E+00  0.000000E+00  0.00E+00  0.000000E+00  0.00E+00  0.000000E+00  0.00E+00  0.000000E+00  0.00E+00  0.000000E+00  0.00E+00  0.000000E+00  0.00E+00
   2.932E-05  5.863E-04  0.000000E+00  0.00E+00  0.000000E+00  0.00E+00  0.000000E+00  0.00E+00  0.000000E+00  0.00E+00  0.000000E+00  0.00E+00  0.000000E+00  0.00E+00  0.000000E+00  0.00E+00  0.000000E+00  0.00E+00  0.000000E+00  0.00E+00  0.000000E+00  0.00E+00
   2.952E-05  5.903E-04  0.000000E+00  0.00E+00  0.000000E+00  0.00E+00  0.000000E+00  0.00E+00  0.000000E+00  0.00E+00  0.000000E+00  0.00E+00  0.000000E+00  0.00E+00  0.000000E+00  0.00E+00  0.000000E+00  0.00E+00  0.000000E+00  0.00E+00  0.000000E+00  0.00E+00
   2.972E-05  5.943E-04  0.000000E+00  0.00E+00  0.000000E+00  0.00E+00  0.000000E+00  0.00E+00  0.000000E+00  0.00E+00  0.000000E+00  0.00E+00  0.000000E+00  0.00E+00  0.000000E+00  0.00E+00  0.000000E+00  0.00E+00  0.000000E+00  0.00E+00  0.000000E+00  0.00E+00
   2.991E-05  5.983E-04  0.000000E+00  0.00E+00  0.000000E+00  0.00E+00  0.000000E+00  0.00E+00  0.000000E+00  0.00E+00  0.000000E+00  0.00E+00  0.000000E+00  0.00E+00  0.000000E+00  0.00E+00  0.000000E+00  0.00E+00  0.000000E+00  0.00E+00  0.000000E+00  0.00E+00
   3.011E-05  6.023E-04  0.000000E+00  0.00E+00  0.000000E+00  0.00E+00  0.000000E+00  0.00E+00  0.000000E+00  0.00E+00  0.000000E+00  0.00E+00  0.000000E+00  0.00E+00  0.000000E+00  0.00E+00  0.000000E+00  0.00E+00  0.000000E+00  0.00E+00  0.000000E+00  0.00E+00
   3.031E-05  6.063E-04  0.000000E+00  0.00E+00  0.000000E+00  0.00E+00  0.000000E+00  0.00E+00  0.000000E+00  0.00E+00  0.000000E+00  0.00E+00  0.000000E+00  0.00E+00  0.000000E+00  0.00E+00  0.000000E+00  0.00E+00  0.000000E+00  0.00E+00  0.000000E+00  0.00E+00
   3.051E-05  6.103E-04  0.000000E+00  0.00E+00  0.000000E+00  0.00E+00  0.000000E+00  0.00E+00  0.000000E+00  0.00E+00  0.000000E+00  0.00E+00  0.000000E+00  0.00E+00  0.000000E+00  0.00E+00  0.000000E+00  0.00E+00  0.000000E+00  0.00E+00  0.000000E+00  0.00E+00
   3.071E-05  6.143E-04  0.000000E+00  0.00E+00  0.000000E+00  0.00E+00  0.000000E+00  0.00E+00  0.000000E+00  0.00E+00  0.000000E+00  0.00E+00  0.000000E+00  0.00E+00  0.000000E+00  0.00E+00  0.000000E+00  0.00E+00  0.000000E+00  0.00E+00  0.000000E+00  0.00E+00
   3.091E-05  6.182E-04  0.000000E+00  0.00E+00  0.000000E+00  0.00E+00  0.000000E+00  0.00E+00  0.000000E+00  0.00E+00  0.000000E+00  0.00E+00  0.000000E+00  0.00E+00  0.000000E+00  0.00E+00  0.000000E+00  0.00E+00  0.000000E+00  0.00E+00  0.000000E+00  0.00E+00
   3.111E-05  6.222E-04  0.000000E+00  0.00E+00  0.000000E+00  0.00E+00  0.000000E+00  0.00E+00  0.000000E+00  0.00E+00  0.000000E+00  0.00E+00  0.000000E+00  0.00E+00  0.000000E+00  0.00E+00  0.000000E+00  0.00E+00  0.000000E+00  0.00E+00  0.000000E+00  0.00E+00
   3.131E-05  6.262E-04  0.000000E+00  0.00E+00  0.000000E+00  0.00E+00  0.000000E+00  0.00E+00  0.000000E+00  0.00E+00  0.000000E+00  0.00E+00  0.000000E+00  0.00E+00  0.000000E+00  0.00E+00  0.000000E+00  0.00E+00  0.000000E+00  0.00E+00  0.000000E+00  0.00E+00
   3.151E-05  6.302E-04  0.000000E+00  0.00E+00  0.000000E+00  0.00E+00  0.000000E+00  0.00E+00  0.000000E+00  0.00E+00  0.000000E+00  0.00E+00  0.000000E+00  0.00E+00  0.000000E+00  0.00E+00  0.000000E+00  0.00E+00  0.000000E+00  0.00E+00  0.000000E+00  0.00E+00
   3.171E-05  6.342E-04  0.000000E+00  0.00E+00  0.000000E+00  0.00E+00  0.000000E+00  0.00E+00  0.000000E+00  0.00E+00  0.000000E+00  0.00E+00  0.000000E+00  0.00E+00  0.000000E+00  0.00E+00  0.000000E+00  0.00E+00  0.000000E+00  0.00E+00  0.000000E+00  0.00E+00
   3.191E-05  6.382E-04  0.000000E+00  0.00E+00  0.000000E+00  0.00E+00  0.000000E+00  0.00E+00  0.000000E+00  0.00E+00  0.000000E+00  0.00E+00  0.000000E+00  0.00E+00  0.000000E+00  0.00E+00  0.000000E+00  0.00E+00  0.000000E+00  0.00E+00  0.000000E+00  0.00E+00
   3.211E-05  6.422E-04  0.000000E+00  0.00E+00  0.000000E+00  0.00E+00  0.000000E+00  0.00E+00  0.000000E+00  0.00E+00  0.000000E+00  0.00E+00  0.000000E+00  0.00E+00  0.000000E+00  0.00E+00  0.000000E+00  0.00E+00  0.000000E+00  0.00E+00  0.000000E+00  0.00E+00
   3.231E-05  6.462E-04  0.000000E+00  0.00E+00  0.000000E+00  0.00E+00  0.000000E+00  0.00E+00  0.000000E+00  0.00E+00  0.000000E+00  0.00E+00  0.000000E+00  0.00E+00  0.000000E+00  0.00E+00  0.000000E+00  0.00E+00  0.000000E+00  0.00E+00  0.000000E+00  0.00E+00
   3.251E-05  6.501E-04  0.000000E+00  0.00E+00  0.000000E+00  0.00E+00  0.000000E+00  0.00E+00  0.000000E+00  0.00E+00  0.000000E+00  0.00E+00  0.000000E+00  0.00E+00  0.000000E+00  0.00E+00  0.000000E+00  0.00E+00  0.000000E+00  0.00E+00  0.000000E+00  0.00E+00
   3.271E-05  6.541E-04  0.000000E+00  0.00E+00  0.000000E+00  0.00E+00  0.000000E+00  0.00E+00  0.000000E+00  0.00E+00  0.000000E+00  0.00E+00  0.000000E+00  0.00E+00  0.000000E+00  0.00E+00  0.000000E+00  0.00E+00  0.000000E+00  0.00E+00  0.000000E+00  0.00E+00
   3.291E-05  6.581E-04  0.000000E+00  0.00E+00  0.000000E+00  0.00E+00  0.000000E+00  0.00E+00  0.000000E+00  0.00E+00  0.000000E+00  0.00E+00  0.000000E+00  0.00E+00  0.000000E+00  0.00E+00  0.000000E+00  0.00E+00  0.000000E+00  0.00E+00  0.000000E+00  0.00E+00
   3.311E-05  6.621E-04  0.000000E+00  0.00E+00  0.000000E+00  0.00E+00  0.000000E+00  0.00E+00  0.000000E+00  0.00E+00  0.000000E+00  0.00E+00  0.000000E+00  0.00E+00  0.000000E+00  0.00E+00  0.000000E+00  0.00E+00  0.000000E+00  0.00E+00  0.000000E+00  0.00E+00
   3.331E-05  6.661E-04  0.000000E+00  0.00E+00  0.000000E+00  0.00E+00  0.000000E+00  0.00E+00  0.000000E+00  0.00E+00  0.000000E+00  0.00E+00  0.000000E+00  0.00E+00  0.000000E+00  0.00E+00  0.000000E+00  0.00E+00  0.000000E+00  0.00E+00  0.000000E+00  0.00E+00
   3.350E-05  6.701E-04  0.000000E+00  0.00E+00  0.000000E+00  0.00E+00  0.000000E+00  0.00E+00  0.000000E+00  0.00E+00  0.000000E+00  0.00E+00  0.000000E+00  0.00E+00  0.000000E+00  0.00E+00  0.000000E+00  0.00E+00  0.000000E+00  0.00E+00  0.000000E+00  0.00E+00
   3.370E-05  6.741E-04  0.000000E+00  0.00E+00  0.000000E+00  0.00E+00  0.000000E+00  0.00E+00  0.000000E+00  0.00E+00  0.000000E+00  0.00E+00  0.000000E+00  0.00E+00  0.000000E+00  0.00E+00  0.000000E+00  0.00E+00  0.000000E+00  0.00E+00  0.000000E+00  0.00E+00
   3.390E-05  6.781E-04  0.000000E+00  0.00E+00  0.000000E+00  0.00E+00  0.000000E+00  0.00E+00  0.000000E+00  0.00E+00  0.000000E+00  0.00E+00  0.000000E+00  0.00E+00  0.000000E+00  0.00E+00  0.000000E+00  0.00E+00  0.000000E+00  0.00E+00  0.000000E+00  0.00E+00
   3.410E-05  6.821E-04  0.000000E+00  0.00E+00  0.000000E+00  0.00E+00  0.000000E+00  0.00E+00  0.000000E+00  0.00E+00  0.000000E+00  0.00E+00  0.000000E+00  0.00E+00  0.000000E+00  0.00E+00  0.000000E+00  0.00E+00  0.000000E+00  0.00E+00  0.000000E+00  0.00E+00
   3.430E-05  6.860E-04  0.000000E+00  0.00E+00  0.000000E+00  0.00E+00  0.000000E+00  0.00E+00  0.000000E+00  0.00E+00  0.000000E+00  0.00E+00  0.000000E+00  0.00E+00  0.000000E+00  0.00E+00  0.000000E+00  0.00E+00  0.000000E+00  0.00E+00  0.000000E+00  0.00E+00
   3.450E-05  6.900E-04  0.000000E+00  0.00E+00  0.000000E+00  0.00E+00  0.000000E+00  0.00E+00  0.000000E+00  0.00E+00  0.000000E+00  0.00E+00  0.000000E+00  0.00E+00  0.000000E+00  0.00E+00  0.000000E+00  0.00E+00  0.000000E+00  0.00E+00  0.000000E+00  0.00E+00
   3.470E-05  6.940E-04  0.000000E+00  0.00E+00  0.000000E+00  0.00E+00  0.000000E+00  0.00E+00  0.000000E+00  0.00E+00  0.000000E+00  0.00E+00  0.000000E+00  0.00E+00  0.000000E+00  0.00E+00  0.000000E+00  0.00E+00  0.000000E+00  0.00E+00  0.000000E+00  0.00E+00
   3.490E-05  6.980E-04  0.000000E+00  0.00E+00  0.000000E+00  0.00E+00  0.000000E+00  0.00E+00  0.000000E+00  0.00E+00  0.000000E+00  0.00E+00  0.000000E+00  0.00E+00  0.000000E+00  0.00E+00  0.000000E+00  0.00E+00  0.000000E+00  0.00E+00  0.000000E+00  0.00E+00
   3.510E-05  7.020E-04  0.000000E+00  0.00E+00  0.000000E+00  0.00E+00  0.000000E+00  0.00E+00  0.000000E+00  0.00E+00  0.000000E+00  0.00E+00  0.000000E+00  0.00E+00  0.000000E+00  0.00E+00  0.000000E+00  0.00E+00  0.000000E+00  0.00E+00  0.000000E+00  0.00E+00
   3.530E-05  7.060E-04  0.000000E+00  0.00E+00  0.000000E+00  0.00E+00  0.000000E+00  0.00E+00  0.000000E+00  0.00E+00  0.000000E+00  0.00E+00  0.000000E+00  0.00E+00  0.000000E+00  0.00E+00  0.000000E+00  0.00E+00  0.000000E+00  0.00E+00  0.000000E+00  0.00E+00
   3.550E-05  7.100E-04  0.000000E+00  0.00E+00  0.000000E+00  0.00E+00  0.000000E+00  0.00E+00  0.000000E+00  0.00E+00  0.000000E+00  0.00E+00  0.000000E+00  0.00E+00  0.000000E+00  0.00E+00  0.000000E+00  0.00E+00  0.000000E+00  0.00E+00  0.000000E+00  0.00E+00
   3.570E-05  7.140E-04  0.000000E+00  0.00E+00  0.000000E+00  0.00E+00  0.000000E+00  0.00E+00  0.000000E+00  0.00E+00  0.000000E+00  0.00E+00  0.000000E+00  0.00E+00  0.000000E+00  0.00E+00  0.000000E+00  0.00E+00  0.000000E+00  0.00E+00  0.000000E+00  0.00E+00
   3.590E-05  7.180E-04  0.000000E+00  0.00E+00  0.000000E+00  0.00E+00  0.000000E+00  0.00E+00  0.000000E+00  0.00E+00  0.000000E+00  0.00E+00  0.000000E+00  0.00E+00  0.000000E+00  0.00E+00  0.000000E+00  0.00E+00  0.000000E+00  0.00E+00  0.000000E+00  0.00E+00
   3.610E-05  7.219E-04  0.000000E+00  0.00E+00  0.000000E+00  0.00E+00  0.000000E+00  0.00E+00  0.000000E+00  0.00E+00  0.000000E+00  0.00E+00  0.000000E+00  0.00E+00  0.000000E+00  0.00E+00  0.000000E+00  0.00E+00  0.000000E+00  0.00E+00  0.000000E+00  0.00E+00
   3.630E-05  7.259E-04  0.000000E+00  0.00E+00  0.000000E+00  0.00E+00  0.000000E+00  0.00E+00  0.000000E+00  0.00E+00  0.000000E+00  0.00E+00  0.000000E+00  0.00E+00  0.000000E+00  0.00E+00  0.000000E+00  0.00E+00  0.000000E+00  0.00E+00  0.000000E+00  0.00E+00
   3.650E-05  7.299E-04  0.000000E+00  0.00E+00  0.000000E+00  0.00E+00  0.000000E+00  0.00E+00  0.000000E+00  0.00E+00  0.000000E+00  0.00E+00  0.000000E+00  0.00E+00  0.000000E+00  0.00E+00  0.000000E+00  0.00E+00  0.000000E+00  0.00E+00  0.000000E+00  0.00E+00
   3.670E-05  7.339E-04  0.000000E+00  0.00E+00  0.000000E+00  0.00E+00  0.000000E+00  0.00E+00  0.000000E+00  0.00E+00  0.000000E+00  0.00E+00  0.000000E+00  0.00E+00  0.000000E+00  0.00E+00  0.000000E+00  0.00E+00  0.000000E+00  0.00E+00  0.000000E+00  0.00E+00
   3.689E-05  7.379E-04  0.000000E+00  0.00E+00  0.000000E+00  0.00E+00  0.000000E+00  0.00E+00  0.000000E+00  0.00E+00  0.000000E+00  0.00E+00  0.000000E+00  0.00E+00  0.000000E+00  0.00E+00  0.000000E+00  0.00E+00  0.000000E+00  0.00E+00  0.000000E+00  0.00E+00
   3.709E-05  7.419E-04  0.000000E+00  0.00E+00  0.000000E+00  0.00E+00  0.000000E+00  0.00E+00  0.000000E+00  0.00E+00  0.000000E+00  0.00E+00  0.000000E+00  0.00E+00  0.000000E+00  0.00E+00  0.000000E+00  0.00E+00  0.000000E+00  0.00E+00  0.000000E+00  0.00E+00
   3.729E-05  7.459E-04  0.000000E+00  0.00E+00  0.000000E+00  0.00E+00  0.000000E+00  0.00E+00  0.000000E+00  0.00E+00  0.000000E+00  0.00E+00  0.000000E+00  0.00E+00  0.000000E+00  0.00E+00  0.000000E+00  0.00E+00  0.000000E+00  0.00E+00  0.000000E+00  0.00E+00
   3.749E-05  7.499E-04  0.000000E+00  0.00E+00  0.000000E+00  0.00E+00  0.000000E+00  0.00E+00  0.000000E+00  0.00E+00  0.000000E+00  0.00E+00  0.000000E+00  0.00E+00  0.000000E+00  0.00E+00  0.000000E+00  0.00E+00  0.000000E+00  0.00E+00  0.000000E+00  0.00E+00
   3.769E-05  7.539E-04  0.000000E+00  0.00E+00  0.000000E+00  0.00E+00  0.000000E+00  0.00E+00  0.000000E+00  0.00E+00  0.000000E+00  0.00E+00  0.000000E+00  0.00E+00  0.000000E+00  0.00E+00  0.000000E+00  0.00E+00  0.000000E+00  0.00E+00  0.000000E+00  0.00E+00
   3.789E-05  7.578E-04  0.000000E+00  0.00E+00  0.000000E+00  0.00E+00  0.000000E+00  0.00E+00  0.000000E+00  0.00E+00  0.000000E+00  0.00E+00  0.000000E+00  0.00E+00  0.000000E+00  0.00E+00  0.000000E+00  0.00E+00  0.000000E+00  0.00E+00  0.000000E+00  0.00E+00
   3.809E-05  7.618E-04  0.000000E+00  0.00E+00  0.000000E+00  0.00E+00  0.000000E+00  0.00E+00  0.000000E+00  0.00E+00  0.000000E+00  0.00E+00  0.000000E+00  0.00E+00  0.000000E+00  0.00E+00  0.000000E+00  0.00E+00  0.000000E+00  0.00E+00  0.000000E+00  0.00E+00
   3.829E-05  7.658E-04  0.000000E+00  0.00E+00  0.000000E+00  0.00E+00  0.000000E+00  0.00E+00  0.000000E+00  0.00E+00  0.000000E+00  0.00E+00  0.000000E+00  0.00E+00  0.000000E+00  0.00E+00  0.000000E+00  0.00E+00  0.000000E+00  0.00E+00  0.000000E+00  0.00E+00
   3.849E-05  7.698E-04  0.000000E+00  0.00E+00  0.000000E+00  0.00E+00  0.000000E+00  0.00E+00  0.000000E+00  0.00E+00  0.000000E+00  0.00E+00  0.000000E+00  0.00E+00  0.000000E+00  0.00E+00  0.000000E+00  0.00E+00  0.000000E+00  0.00E+00  0.000000E+00  0.00E+00
   3.869E-05  7.738E-04  0.000000E+00  0.00E+00  0.000000E+00  0.00E+00  0.000000E+00  0.00E+00  0.000000E+00  0.00E+00  0.000000E+00  0.00E+00  0.000000E+00  0.00E+00  0.000000E+00  0.00E+00  0.000000E+00  0.00E+00  0.000000E+00  0.00E+00  0.000000E+00  0.00E+00
   3.889E-05  7.778E-04  0.000000E+00  0.00E+00  0.000000E+00  0.00E+00  0.000000E+00  0.00E+00  0.000000E+00  0.00E+00  0.000000E+00  0.00E+00  0.000000E+00  0.00E+00  0.000000E+00  0.00E+00  0.000000E+00  0.00E+00  0.000000E+00  0.00E+00  0.000000E+00  0.00E+00
   3.909E-05  7.818E-04  0.000000E+00  0.00E+00  0.000000E+00  0.00E+00  0.000000E+00  0.00E+00  0.000000E+00  0.00E+00  0.000000E+00  0.00E+00  0.000000E+00  0.00E+00  0.000000E+00  0.00E+00  0.000000E+00  0.00E+00  0.000000E+00  0.00E+00  0.000000E+00  0.00E+00
   3.929E-05  7.858E-04  0.000000E+00  0.00E+00  0.000000E+00  0.00E+00  0.000000E+00  0.00E+00  0.000000E+00  0.00E+00  0.000000E+00  0.00E+00  0.000000E+00  0.00E+00  0.000000E+00  0.00E+00  0.000000E+00  0.00E+00  0.000000E+00  0.00E+00  0.000000E+00  0.00E+00
   3.949E-05  7.898E-04  0.000000E+00  0.00E+00  0.000000E+00  0.00E+00  0.000000E+00  0.00E+00  0.000000E+00  0.00E+00  0.000000E+00  0.00E+00  0.000000E+00  0.00E+00  0.000000E+00  0.00E+00  0.000000E+00  0.00E+00  0.000000E+00  0.00E+00  0.000000E+00  0.00E+00
   3.969E-05  7.937E-04  0.000000E+00  0.00E+00  0.000000E+00  0.00E+00  0.000000E+00  0.00E+00  0.000000E+00  0.00E+00  0.000000E+00  0.00E+00  0.000000E+00  0.00E+00  0.000000E+00  0.00E+00  0.000000E+00  0.00E+00  0.000000E+00  0.00E+00  0.000000E+00  0.00E+00
   3.989E-05  7.977E-04  0.000000E+00  0.00E+00  0.000000E+00  0.00E+00  0.000000E+00  0.00E+00  0.000000E+00  0.00E+00  0.000000E+00  0.00E+00  0.000000E+00  0.00E+00  0.000000E+00  0.00E+00  0.000000E+00  0.00E+00  0.000000E+00  0.00E+00  0.000000E+00  0.00E+00
   4.009E-05  8.017E-04  0.000000E+00  0.00E+00  0.000000E+00  0.00E+00  0.000000E+00  0.00E+00  0.000000E+00  0.00E+00  0.000000E+00  0.00E+00  0.000000E+00  0.00E+00  0.000000E+00  0.00E+00  0.000000E+00  0.00E+00  0.000000E+00  0.00E+00  0.000000E+00  0.00E+00
   4.029E-05  8.057E-04  0.000000E+00  0.00E+00  0.000000E+00  0.00E+00  0.000000E+00  0.00E+00  0.000000E+00  0.00E+00  0.000000E+00  0.00E+00  0.000000E+00  0.00E+00  0.000000E+00  0.00E+00  0.000000E+00  0.00E+00  0.000000E+00  0.00E+00  0.000000E+00  0.00E+00
   4.048E-05  8.097E-04  0.000000E+00  0.00E+00  0.000000E+00  0.00E+00  0.000000E+00  0.00E+00  0.000000E+00  0.00E+00  0.000000E+00  0.00E+00  0.000000E+00  0.00E+00  0.000000E+00  0.00E+00  0.000000E+00  0.00E+00  0.000000E+00  0.00E+00  0.000000E+00  0.00E+00
   4.068E-05  8.137E-04  0.000000E+00  0.00E+00  0.000000E+00  0.00E+00  0.000000E+00  0.00E+00  0.000000E+00  0.00E+00  0.000000E+00  0.00E+00  0.000000E+00  0.00E+00  0.000000E+00  0.00E+00  0.000000E+00  0.00E+00  0.000000E+00  0.00E+00  0.000000E+00  0.00E+00
   4.088E-05  8.177E-04  0.000000E+00  0.00E+00  0.000000E+00  0.00E+00  0.000000E+00  0.00E+00  0.000000E+00  0.00E+00  0.000000E+00  0.00E+00  0.000000E+00  0.00E+00  0.000000E+00  0.00E+00  0.000000E+00  0.00E+00  0.000000E+00  0.00E+00  0.000000E+00  0.00E+00
   4.108E-05  8.217E-04  0.000000E+00  0.00E+00  0.000000E+00  0.00E+00  0.000000E+00  0.00E+00  0.000000E+00  0.00E+00  0.000000E+00  0.00E+00  0.000000E+00  0.00E+00  0.000000E+00  0.00E+00  0.000000E+00  0.00E+00  0.000000E+00  0.00E+00  0.000000E+00  0.00E+00
   4.128E-05  8.256E-04  0.000000E+00  0.00E+00  0.000000E+00  0.00E+00  0.000000E+00  0.00E+00  0.000000E+00  0.00E+00  0.000000E+00  0.00E+00  0.000000E+00  0.00E+00  0.000000E+00  0.00E+00  0.000000E+00  0.00E+00  0.000000E+00  0.00E+00  0.000000E+00  0.00E+00
   4.148E-05  8.296E-04  0.000000E+00  0.00E+00  0.000000E+00  0.00E+00  0.000000E+00  0.00E+00  0.000000E+00  0.00E+00  0.000000E+00  0.00E+00  0.000000E+00  0.00E+00  0.000000E+00  0.00E+00  0.000000E+00  0.00E+00  0.000000E+00  0.00E+00  0.000000E+00  0.00E+00
   4.168E-05  8.336E-04  0.000000E+00  0.00E+00  0.000000E+00  0.00E+00  0.000000E+00  0.00E+00  0.000000E+00  0.00E+00  0.000000E+00  0.00E+00  0.000000E+00  0.00E+00  0.000000E+00  0.00E+00  0.000000E+00  0.00E+00  0.000000E+00  0.00E+00  0.000000E+00  0.00E+00
   4.188E-05  8.376E-04  0.000000E+00  0.00E+00  0.000000E+00  0.00E+00  0.000000E+00  0.00E+00  0.000000E+00  0.00E+00  0.000000E+00  0.00E+00  0.000000E+00  0.00E+00  0.000000E+00  0.00E+00  0.000000E+00  0.00E+00  0.000000E+00  0.00E+00  0.000000E+00  0.00E+00
   4.208E-05  8.416E-04  0.000000E+00  0.00E+00  0.000000E+00  0.00E+00  0.000000E+00  0.00E+00  0.000000E+00  0.00E+00  0.000000E+00  0.00E+00  0.000000E+00  0.00E+00  0.000000E+00  0.00E+00  0.000000E+00  0.00E+00  0.000000E+00  0.00E+00  0.000000E+00  0.00E+00
   4.228E-05  8.456E-04  0.000000E+00  0.00E+00  0.000000E+00  0.00E+00  0.000000E+00  0.00E+00  0.000000E+00  0.00E+00  0.000000E+00  0.00E+00  0.000000E+00  0.00E+00  0.000000E+00  0.00E+00  0.000000E+00  0.00E+00  0.000000E+00  0.00E+00  0.000000E+00  0.00E+00
   4.248E-05  8.496E-04  0.000000E+00  0.00E+00  0.000000E+00  0.00E+00  0.000000E+00  0.00E+00  0.000000E+00  0.00E+00  0.000000E+00  0.00E+00  0.000000E+00  0.00E+00  0.000000E+00  0.00E+00  0.000000E+00  0.00E+00  0.000000E+00  0.00E+00  0.000000E+00  0.00E+00
   4.268E-05  8.536E-04  0.000000E+00  0.00E+00  0.000000E+00  0.00E+00  0.000000E+00  0.00E+00  0.000000E+00  0.00E+00  0.000000E+00  0.00E+00  0.000000E+00  0.00E+00  0.000000E+00  0.00E+00  0.000000E+00  0.00E+00  0.000000E+00  0.00E+00  0.000000E+00  0.00E+00
   4.288E-05  8.576E-04  0.000000E+00  0.00E+00  0.000000E+00  0.00E+00  0.000000E+00  0.00E+00  0.000000E+00  0.00E+00  0.000000E+00  0.00E+00  0.000000E+00  0.00E+00  0.000000E+00  0.00E+00  0.000000E+00  0.00E+00  0.000000E+00  0.00E+00  0.000000E+00  0.00E+00
   4.308E-05  8.615E-04  0.000000E+00  0.00E+00  0.000000E+00  0.00E+00  0.000000E+00  0.00E+00  0.000000E+00  0.00E+00  0.000000E+00  0.00E+00  0.000000E+00  0.00E+00  0.000000E+00  0.00E+00  0.000000E+00  0.00E+00  0.000000E+00  0.00E+00  0.000000E+00  0.00E+00
   4.328E-05  8.655E-04  0.000000E+00  0.00E+00  0.000000E+00  0.00E+00  0.000000E+00  0.00E+00  0.000000E+00  0.00E+00  0.000000E+00  0.00E+00  0.000000E+00  0.00E+00  0.000000E+00  0.00E+00  0.000000E+00  0.00E+00  0.000000E+00  0.00E+00  0.000000E+00  0.00E+00
   4.348E-05  8.695E-04  0.000000E+00  0.00E+00  0.000000E+00  0.00E+00  0.000000E+00  0.00E+00  0.000000E+00  0.00E+00  0.000000E+00  0.00E+00  0.000000E+00  0.00E+00  0.000000E+00  0.00E+00  0.000000E+00  0.00E+00  0.000000E+00  0.00E+00  0.000000E+00  0.00E+00
   4.368E-05  8.735E-04  0.000000E+00  0.00E+00  0.000000E+00  0.00E+00  0.000000E+00  0.00E+00  0.000000E+00  0.00E+00  0.000000E+00  0.00E+00  0.000000E+00  0.00E+00  0.000000E+00  0.00E+00  0.000000E+00  0.00E+00  0.000000E+00  0.00E+00  0.000000E+00  0.00E+00
   4.388E-05  8.775E-04  0.000000E+00  0.00E+00  0.000000E+00  0.00E+00  0.000000E+00  0.00E+00  0.000000E+00  0.00E+00  0.000000E+00  0.00E+00  0.000000E+00  0.00E+00  0.000000E+00  0.00E+00  0.000000E+00  0.00E+00  0.000000E+00  0.00E+00  0.000000E+00  0.00E+00
   4.407E-05  8.815E-04  0.000000E+00  0.00E+00  0.000000E+00  0.00E+00  0.000000E+00  0.00E+00  0.000000E+00  0.00E+00  0.000000E+00  0.00E+00  0.000000E+00  0.00E+00  0.000000E+00  0.00E+00  0.000000E+00  0.00E+00  0.000000E+00  0.00E+00  0.000000E+00  0.00E+00
   4.427E-05  8.855E-04  0.000000E+00  0.00E+00  0.000000E+00  0.00E+00  0.000000E+00  0.00E+00  0.000000E+00  0.00E+00  0.000000E+00  0.00E+00  0.000000E+00  0.00E+00  0.000000E+00  0.00E+00  0.000000E+00  0.00E+00  0.000000E+00  0.00E+00  0.000000E+00  0.00E+00
   4.447E-05  8.895E-04  0.000000E+00  0.00E+00  0.000000E+00  0.00E+00  0.000000E+00  0.00E+00  0.000000E+00  0.00E+00  0.000000E+00  0.00E+00  0.000000E+00  0.00E+00  0.000000E+00  0.00E+00  0.000000E+00  0.00E+00  0.000000E+00  0.00E+00  0.000000E+00  0.00E+00
   4.467E-05  8.935E-04  0.000000E+00  0.00E+00  0.000000E+00  0.00E+00  0.000000E+00  0.00E+00  0.000000E+00  0.00E+00  0.000000E+00  0.00E+00  0.000000E+00  0.00E+00  0.000000E+00  0.00E+00  0.000000E+00  0.00E+00  0.000000E+00  0.00E+00  0.000000E+00  0.00E+00
   4.487E-05  8.974E-04  0.000000E+00  0.00E+00  0.000000E+00  0.00E+00  0.000000E+00  0.00E+00  0.000000E+00  0.00E+00  0.000000E+00  0.00E+00  0.000000E+00  0.00E+00  0.000000E+00  0.00E+00  0.000000E+00  0.00E+00  0.000000E+00  0.00E+00  0.000000E+00  0.00E+00
   4.507E-05  9.014E-04  0.000000E+00  0.00E+00  0.000000E+00  0.00E+00  0.000000E+00  0.00E+00  0.000000E+00  0.00E+00  0.000000E+00  0.00E+00  0.000000E+00  0.00E+00  0.000000E+00  0.00E+00  0.000000E+00  0.00E+00  0.000000E+00  0.00E+00  0.000000E+00  0.00E+00
   4.527E-05  9.054E-04  0.000000E+00  0.00E+00  0.000000E+00  0.00E+00  0.000000E+00  0.00E+00  0.000000E+00  0.00E+00  0.000000E+00  0.00E+00  0.000000E+00  0.00E+00  0.000000E+00  0.00E+00  0.000000E+00  0.00E+00  0.000000E+00  0.00E+00  0.000000E+00  0.00E+00
   4.547E-05  9.094E-04  0.000000E+00  0.00E+00  0.000000E+00  0.00E+00  0.000000E+00  0.00E+00  0.000000E+00  0.00E+00  0.000000E+00  0.00E+00  0.000000E+00  0.00E+00  0.000000E+00  0.00E+00  0.000000E+00  0.00E+00  0.000000E+00  0.00E+00  0.000000E+00  0.00E+00
   4.567E-05  9.134E-04  0.000000E+00  0.00E+00  0.000000E+00  0.00E+00  0.000000E+00  0.00E+00  0.000000E+00  0.00E+00  0.000000E+00  0.00E+00  0.000000E+00  0.00E+00  0.000000E+00  0.00E+00  0.000000E+00  0.00E+00  0.000000E+00  0.00E+00  0.000000E+00  0.00E+00
   4.587E-05  9.174E-04  0.000000E+00  0.00E+00  0.000000E+00  0.00E+00  0.000000E+00  0.00E+00  0.000000E+00  0.00E+00  0.000000E+00  0.00E+00  0.000000E+00  0.00E+00  0.000000E+00  0.00E+00  0.000000E+00  0.00E+00  0.000000E+00  0.00E+00  0.000000E+00  0.00E+00
   4.607E-05  9.214E-04  0.000000E+00  0.00E+00  0.000000E+00  0.00E+00  0.000000E+00  0.00E+00  0.000000E+00  0.00E+00  0.000000E+00  0.00E+00  0.000000E+00  0.00E+00  0.000000E+00  0.00E+00  0.000000E+00  0.00E+00  0.000000E+00  0.00E+00  0.000000E+00  0.00E+00
   4.627E-05  9.254E-04  0.000000E+00  0.00E+00  0.000000E+00  0.00E+00  0.000000E+00  0.00E+00  0.000000E+00  0.00E+00  0.000000E+00  0.00E+00  0.000000E+00  0.00E+00  0.000000E+00  0.00E+00  0.000000E+00  0.00E+00  0.000000E+00  0.00E+00  0.000000E+00  0.00E+00
   4.647E-05  9.294E-04  0.000000E+00  0.00E+00  0.000000E+00  0.00E+00  0.000000E+00  0.00E+00  0.000000E+00  0.00E+00  0.000000E+00  0.00E+00  0.000000E+00  0.00E+00  0.000000E+00  0.00E+00  0.000000E+00  0.00E+00  0.000000E+00  0.00E+00  0.000000E+00  0.00E+00
   4.667E-05  9.333E-04  0.000000E+00  0.00E+00  0.000000E+00  0.00E+00  0.000000E+00  0.00E+00  0.000000E+00  0.00E+00  0.000000E+00  0.00E+00  0.000000E+00  0.00E+00  0.000000E+00  0.00E+00  0.000000E+00  0.00E+00  0.000000E+00  0.00E+00  0.000000E+00  0.00E+00
   4.687E-05  9.373E-04  0.000000E+00  0.00E+00  0.000000E+00  0.00E+00  0.000000E+00  0.00E+00  0.000000E+00  0.00E+00  0.000000E+00  0.00E+00  0.000000E+00  0.00E+00  0.000000E+00  0.00E+00  0.000000E+00  0.00E+00  0.000000E+00  0.00E+00  0.000000E+00  0.00E+00
   4.707E-05  9.413E-04  0.000000E+00  0.00E+00  0.000000E+00  0.00E+00  0.000000E+00  0.00E+00  0.000000E+00  0.00E+00  0.000000E+00  0.00E+00  0.000000E+00  0.00E+00  0.000000E+00  0.00E+00  0.000000E+00  0.00E+00  0.000000E+00  0.00E+00  0.000000E+00  0.00E+00
   4.727E-05  9.453E-04  0.000000E+00  0.00E+00  0.000000E+00  0.00E+00  0.000000E+00  0.00E+00  0.000000E+00  0.00E+00  0.000000E+00  0.00E+00  0.000000E+00  0.00E+00  0.000000E+00  0.00E+00  0.000000E+00  0.00E+00  0.000000E+00  0.00E+00  0.000000E+00  0.00E+00
   4.746E-05  9.493E-04  0.000000E+00  0.00E+00  0.000000E+00  0.00E+00  0.000000E+00  0.00E+00  0.000000E+00  0.00E+00  0.000000E+00  0.00E+00  0.000000E+00  0.00E+00  0.000000E+00  0.00E+00  0.000000E+00  0.00E+00  0.000000E+00  0.00E+00  0.000000E+00  0.00E+00
   4.766E-05  9.533E-04  0.000000E+00  0.00E+00  0.000000E+00  0.00E+00  0.000000E+00  0.00E+00  0.000000E+00  0.00E+00  0.000000E+00  0.00E+00  0.000000E+00  0.00E+00  0.000000E+00  0.00E+00  0.000000E+00  0.00E+00  0.000000E+00  0.00E+00  0.000000E+00  0.00E+00
   4.786E-05  9.573E-04  0.000000E+00  0.00E+00  0.000000E+00  0.00E+00  0.000000E+00  0.00E+00  0.000000E+00  0.00E+00  0.000000E+00  0.00E+00  0.000000E+00  0.00E+00  0.000000E+00  0.00E+00  0.000000E+00  0.00E+00  0.000000E+00  0.00E+00  0.000000E+00  0.00E+00
   4.806E-05  9.613E-04  0.000000E+00  0.00E+00  0.000000E+00  0.00E+00  0.000000E+00  0.00E+00  0.000000E+00  0.00E+00  0.000000E+00  0.00E+00  0.000000E+00  0.00E+00  0.000000E+00  0.00E+00  0.000000E+00  0.00E+00  0.000000E+00  0.00E+00  0.000000E+00  0.00E+00
   4.826E-05  9.653E-04  0.000000E+00  0.00E+00  0.000000E+00  0.00E+00  0.000000E+00  0.00E+00  0.000000E+00  0.00E+00  0.000000E+00  0.00E+00  0.000000E+00  0.00E+00  0.000000E+00  0.00E+00  0.000000E+00  0.00E+00  0.000000E+00  0.00E+00  0.000000E+00  0.00E+00
   4.846E-05  9.692E-04  0.000000E+00  0.00E+00  0.000000E+00  0.00E+00  0.000000E+00  0.00E+00  0.000000E+00  0.00E+00  0.000000E+00  0.00E+00  0.000000E+00  0.00E+00  0.000000E+00  0.00E+00  0.000000E+00  0.00E+00  0.000000E+00  0.00E+00  0.000000E+00  0.00E+00
   4.866E-05  9.732E-04  0.000000E+00  0.00E+00  0.000000E+00  0.00E+00  0.000000E+00  0.00E+00  0.000000E+00  0.00E+00  0.000000E+00  0.00E+00  0.000000E+00  0.00E+00  0.000000E+00  0.00E+00  0.000000E+00  0.00E+00  0.000000E+00  0.00E+00  0.000000E+00  0.00E+00
   4.886E-05  9.772E-04  0.000000E+00  0.00E+00  0.000000E+00  0.00E+00  0.000000E+00  0.00E+00  0.000000E+00  0.00E+00  0.000000E+00  0.00E+00  0.000000E+00  0.00E+00  0.000000E+00  0.00E+00  0.000000E+00  0.00E+00  0.000000E+00  0.00E+00  0.000000E+00  0.00E+00
   4.906E-05  9.812E-04  0.000000E+00  0.00E+00  0.000000E+00  0.00E+00  0.000000E+00  0.00E+00  0.000000E+00  0.00E+00  0.000000E+00  0.00E+00  0.000000E+00  0.00E+00  0.000000E+00  0.00E+00  0.000000E+00  0.00E+00  0.000000E+00  0.00E+00  0.000000E+00  0.00E+00
   4.926E-05  9.852E-04  0.000000E+00  0.00E+00  0.000000E+00  0.00E+00  0.000000E+00  0.00E+00  0.000000E+00  0.00E+00  0.000000E+00  0.00E+00  0.000000E+00  0.00E+00  0.000000E+00  0.00E+00  0.000000E+00  0.00E+00  0.000000E+00  0.00E+00  0.000000E+00  0.00E+00
   4.946E-05  9.892E-04  0.000000E+00  0.00E+00  0.000000E+00  0.00E+00  0.000000E+00  0.00E+00  0.000000E+00  0.00E+00  0.000000E+00  0.00E+00  0.000000E+00  0.00E+00  0.000000E+00  0.00E+00  0.000000E+00  0.00E+00  0.000000E+00  0.00E+00  0.000000E+00  0.00E+00
