 #  Results from PENEPMA. Phi rho z distribution.
 #
 #  Z = 14, S1 =  1, S2 =  4
 #
 #  Angular intervals : theta_1 = 4.000000E+01,  theta_2 = 6.000000E+01
 #                        phi_1 = 0.000000E+00,    phi_2 = 3.600000E+02
 #
 # Intensities of characteristic lines. All in 1/(cm*sr*electron).
 #    P = primary photons (from electron interactions);
 #    C = flourescence from characteristic x rays;
 #    B = flourescence from bremsstrahlung quanta;
 #   TF = C+B, total fluorescence;
 #    T = P+C+B, total intensity;
 #    E = emitted; G = generated;
 #  unc = statistical uncertainty (3 sigma).
 #
 # D (cm)     DF (cm)    PE            unc       PG            unc       CE            unc       CG            unc       BE            unc       BG            unc       TFE           unc       TFG           unc       TE            unc       TG            unc
   0.000E+00  0.000E+00  0.000000E+00  0.00E+00  0.000000E+00  0.00E+00  0.000000E+00  0.00E+00  0.000000E+00  0.00E+00  0.000000E+00  0.00E+00  0.000000E+00  0.00E+00  0.000000E+00  0.00E+00  0.000000E+00  0.00E+00  0.000000E+00  0.00E+00  0.000000E+00  0.00E+00
   1.994E-07  3.989E-06  0.000000E+00  0.00E+00  0.000000E+00  0.00E+00  0.000000E+00  0.00E+00  0.000000E+00  0.00E+00  0.000000E+00  0.00E+00  0.000000E+00  0.00E+00  0.000000E+00  0.00E+00  0.000000E+00  0.00E+00  0.000000E+00  0.00E+00  0.000000E+00  0.00E+00
   3.989E-07  7.977E-06  1.085548E-01  2.17E+00  1.748869E-01  5.03E-02  0.000000E+00  0.00E+00  0.000000E+00  0.00E+00  6.139659E-04  1.10E-04  7.365628E-04  4.39E-05  6.139659E-04  1.10E-04  7.365628E-04  4.39E-05  0.000000E+00  0.00E+00  0.000000E+00  0.00E+00
   5.983E-07  1.197E-05  1.568014E-01  2.61E+00  2.037673E-01  5.42E-02  0.000000E+00  0.00E+00  0.000000E+00  0.00E+00  1.068413E-03  1.44E-04  1.397605E-03  6.02E-05  1.068413E-03  1.44E-04  1.397605E-03  6.02E-05  0.000000E+00  0.00E+00  0.000000E+00  0.00E+00
   7.977E-07  1.595E-05  4.824658E-02  1.45E+00  9.305907E-02  3.67E-02  0.000000E+00  0.00E+00  0.000000E+00  0.00E+00  9.573552E-04  1.37E-04  1.241030E-03  5.68E-05  9.573552E-04  1.37E-04  1.241030E-03  5.68E-05  0.000000E+00  0.00E+00  0.000000E+00  0.00E+00
   9.972E-07  1.994E-05  1.206164E-02  7.24E-01  3.369380E-02  2.21E-02  0.000000E+00  0.00E+00  0.000000E+00  0.00E+00  8.218936E-04  1.27E-04  1.126384E-03  5.42E-05  8.218936E-04  1.27E-04  1.126384E-03  5.42E-05  0.000000E+00  0.00E+00  0.000000E+00  0.00E+00
   1.197E-06  2.393E-05  0.000000E+00  0.00E+00  1.444020E-02  1.44E-02  0.000000E+00  0.00E+00  0.000000E+00  0.00E+00  7.525323E-04  1.21E-04  1.021487E-03  5.17E-05  7.525323E-04  1.21E-04  1.021487E-03  5.17E-05  0.000000E+00  0.00E+00  0.000000E+00  0.00E+00
   1.396E-06  2.792E-05  1.206164E-02  7.24E-01  8.022333E-03  1.08E-02  0.000000E+00  0.00E+00  0.000000E+00  0.00E+00  7.272612E-04  1.19E-04  9.598698E-04  5.01E-05  7.272612E-04  1.19E-04  9.598698E-04  5.01E-05  0.000000E+00  0.00E+00  0.000000E+00  0.00E+00
   1.595E-06  3.191E-05  0.000000E+00  0.00E+00  0.000000E+00  0.00E+00  0.000000E+00  0.00E+00  0.000000E+00  0.00E+00  6.780891E-04  1.15E-04  8.872731E-04  4.82E-05  6.780891E-04  1.15E-04  8.872731E-04  4.82E-05  0.000000E+00  0.00E+00  0.000000E+00  0.00E+00
   1.795E-06  3.590E-05  0.000000E+00  0.00E+00  0.000000E+00  0.00E+00  0.000000E+00  0.00E+00  0.000000E+00  0.00E+00  6.483431E-04  1.13E-04  8.164183E-04  4.63E-05  6.483431E-04  1.13E-04  8.164183E-04  4.63E-05  0.000000E+00  0.00E+00  0.000000E+00  0.00E+00
   1.994E-06  3.989E-05  0.000000E+00  0.00E+00  0.000000E+00  0.00E+00  0.000000E+00  0.00E+00  0.000000E+00  0.00E+00  5.366784E-04  1.03E-04  7.559598E-04  4.45E-05  5.366784E-04  1.03E-04  7.559598E-04  4.45E-05  0.000000E+00  0.00E+00  0.000000E+00  0.00E+00
   2.194E-06  4.388E-05  0.000000E+00  0.00E+00  0.000000E+00  0.00E+00  0.000000E+00  0.00E+00  0.000000E+00  0.00E+00  5.299660E-04  1.02E-04  7.376705E-04  4.40E-05  5.299660E-04  1.02E-04  7.376705E-04  4.40E-05  0.000000E+00  0.00E+00  0.000000E+00  0.00E+00
   2.393E-06  4.786E-05  0.000000E+00  0.00E+00  0.000000E+00  0.00E+00  0.000000E+00  0.00E+00  0.000000E+00  0.00E+00  4.539444E-04  9.48E-05  6.969548E-04  4.27E-05  4.539444E-04  9.48E-05  6.969548E-04  4.27E-05  0.000000E+00  0.00E+00  0.000000E+00  0.00E+00
   2.593E-06  5.185E-05  0.000000E+00  0.00E+00  0.000000E+00  0.00E+00  0.000000E+00  0.00E+00  0.000000E+00  0.00E+00  4.985373E-04  9.90E-05  6.631263E-04  4.17E-05  4.985373E-04  9.90E-05  6.631263E-04  4.17E-05  0.000000E+00  0.00E+00  0.000000E+00  0.00E+00
   2.792E-06  5.584E-05  0.000000E+00  0.00E+00  0.000000E+00  0.00E+00  0.000000E+00  0.00E+00  0.000000E+00  0.00E+00  4.502847E-04  9.46E-05  6.247802E-04  4.05E-05  4.502847E-04  9.46E-05  6.247802E-04  4.05E-05  0.000000E+00  0.00E+00  0.000000E+00  0.00E+00
   2.991E-06  5.983E-05  0.000000E+00  0.00E+00  0.000000E+00  0.00E+00  0.000000E+00  0.00E+00  0.000000E+00  0.00E+00  3.995342E-04  8.90E-05  5.729853E-04  3.87E-05  3.995342E-04  8.90E-05  5.729853E-04  3.87E-05  0.000000E+00  0.00E+00  0.000000E+00  0.00E+00
   3.191E-06  6.382E-05  0.000000E+00  0.00E+00  0.000000E+00  0.00E+00  0.000000E+00  0.00E+00  0.000000E+00  0.00E+00  3.890059E-04  8.75E-05  5.799001E-04  3.91E-05  3.890059E-04  8.75E-05  5.799001E-04  3.91E-05  0.000000E+00  0.00E+00  0.000000E+00  0.00E+00
   3.390E-06  6.781E-05  0.000000E+00  0.00E+00  0.000000E+00  0.00E+00  0.000000E+00  0.00E+00  0.000000E+00  0.00E+00  3.412560E-04  8.17E-05  5.454902E-04  3.79E-05  3.412560E-04  8.17E-05  5.454902E-04  3.79E-05  0.000000E+00  0.00E+00  0.000000E+00  0.00E+00
   3.590E-06  7.180E-05  0.000000E+00  0.00E+00  0.000000E+00  0.00E+00  0.000000E+00  0.00E+00  0.000000E+00  0.00E+00  3.518364E-04  8.35E-05  5.043916E-04  3.64E-05  3.518364E-04  8.35E-05  5.043916E-04  3.64E-05  0.000000E+00  0.00E+00  0.000000E+00  0.00E+00
   3.789E-06  7.578E-05  0.000000E+00  0.00E+00  0.000000E+00  0.00E+00  0.000000E+00  0.00E+00  0.000000E+00  0.00E+00  3.444650E-04  8.29E-05  4.908897E-04  3.59E-05  3.444650E-04  8.29E-05  4.908897E-04  3.59E-05  0.000000E+00  0.00E+00  0.000000E+00  0.00E+00
   3.989E-06  7.977E-05  0.000000E+00  0.00E+00  0.000000E+00  0.00E+00  0.000000E+00  0.00E+00  0.000000E+00  0.00E+00  3.629716E-04  8.47E-05  4.723489E-04  3.52E-05  3.629716E-04  8.47E-05  4.723489E-04  3.52E-05  0.000000E+00  0.00E+00  0.000000E+00  0.00E+00
   4.188E-06  8.376E-05  0.000000E+00  0.00E+00  0.000000E+00  0.00E+00  0.000000E+00  0.00E+00  0.000000E+00  0.00E+00  2.974262E-04  7.68E-05  4.532935E-04  3.45E-05  2.974262E-04  7.68E-05  4.532935E-04  3.45E-05  0.000000E+00  0.00E+00  0.000000E+00  0.00E+00
   4.388E-06  8.775E-05  0.000000E+00  0.00E+00  0.000000E+00  0.00E+00  0.000000E+00  0.00E+00  0.000000E+00  0.00E+00  2.921881E-04  7.60E-05  4.314648E-04  3.37E-05  2.921881E-04  7.60E-05  4.314648E-04  3.37E-05  0.000000E+00  0.00E+00  0.000000E+00  0.00E+00
   4.587E-06  9.174E-05  0.000000E+00  0.00E+00  0.000000E+00  0.00E+00  0.000000E+00  0.00E+00  0.000000E+00  0.00E+00  2.876611E-04  7.52E-05  4.298821E-04  3.36E-05  2.876611E-04  7.52E-05  4.298821E-04  3.36E-05  0.000000E+00  0.00E+00  0.000000E+00  0.00E+00
   4.786E-06  9.573E-05  0.000000E+00  0.00E+00  0.000000E+00  0.00E+00  0.000000E+00  0.00E+00  0.000000E+00  0.00E+00  3.093246E-04  7.82E-05  4.267235E-04  3.35E-05  3.093246E-04  7.82E-05  4.267235E-04  3.35E-05  0.000000E+00  0.00E+00  0.000000E+00  0.00E+00
   4.986E-06  9.972E-05  0.000000E+00  0.00E+00  0.000000E+00  0.00E+00  0.000000E+00  0.00E+00  0.000000E+00  0.00E+00  2.706287E-04  7.34E-05  3.807128E-04  3.16E-05  2.706287E-04  7.34E-05  3.807128E-04  3.16E-05  0.000000E+00  0.00E+00  0.000000E+00  0.00E+00
   5.185E-06  1.037E-04  0.000000E+00  0.00E+00  0.000000E+00  0.00E+00  0.000000E+00  0.00E+00  0.000000E+00  0.00E+00  2.184039E-04  6.58E-05  3.465267E-04  3.02E-05  2.184039E-04  6.58E-05  3.465267E-04  3.02E-05  0.000000E+00  0.00E+00  0.000000E+00  0.00E+00
   5.385E-06  1.077E-04  0.000000E+00  0.00E+00  0.000000E+00  0.00E+00  0.000000E+00  0.00E+00  0.000000E+00  0.00E+00  2.698656E-04  7.32E-05  3.824456E-04  3.17E-05  2.698656E-04  7.32E-05  3.824456E-04  3.17E-05  0.000000E+00  0.00E+00  0.000000E+00  0.00E+00
   5.584E-06  1.117E-04  0.000000E+00  0.00E+00  0.000000E+00  0.00E+00  0.000000E+00  0.00E+00  0.000000E+00  0.00E+00  2.161665E-04  6.54E-05  3.510327E-04  3.04E-05  2.161665E-04  6.54E-05  3.510327E-04  3.04E-05  0.000000E+00  0.00E+00  0.000000E+00  0.00E+00
   5.784E-06  1.157E-04  0.000000E+00  0.00E+00  0.000000E+00  0.00E+00  0.000000E+00  0.00E+00  0.000000E+00  0.00E+00  2.586782E-04  7.17E-05  3.493346E-04  3.03E-05  2.586782E-04  7.17E-05  3.493346E-04  3.03E-05  0.000000E+00  0.00E+00  0.000000E+00  0.00E+00
   5.983E-06  1.197E-04  0.000000E+00  0.00E+00  0.000000E+00  0.00E+00  0.000000E+00  0.00E+00  0.000000E+00  0.00E+00  2.132179E-04  6.51E-05  3.117314E-04  2.86E-05  2.132179E-04  6.51E-05  3.117314E-04  2.86E-05  0.000000E+00  0.00E+00  0.000000E+00  0.00E+00
   6.182E-06  1.236E-04  0.000000E+00  0.00E+00  0.000000E+00  0.00E+00  0.000000E+00  0.00E+00  0.000000E+00  0.00E+00  2.265906E-04  6.69E-05  3.207481E-04  2.90E-05  2.265906E-04  6.69E-05  3.207481E-04  2.90E-05  0.000000E+00  0.00E+00  0.000000E+00  0.00E+00
   6.382E-06  1.276E-04  0.000000E+00  0.00E+00  0.000000E+00  0.00E+00  0.000000E+00  0.00E+00  0.000000E+00  0.00E+00  1.960293E-04  6.23E-05  3.193406E-04  2.89E-05  1.960293E-04  6.23E-05  3.193406E-04  2.89E-05  0.000000E+00  0.00E+00  0.000000E+00  0.00E+00
   6.581E-06  1.316E-04  0.000000E+00  0.00E+00  0.000000E+00  0.00E+00  0.000000E+00  0.00E+00  0.000000E+00  0.00E+00  1.714172E-04  5.81E-05  2.915202E-04  2.77E-05  1.714172E-04  5.81E-05  2.915202E-04  2.77E-05  0.000000E+00  0.00E+00  0.000000E+00  0.00E+00
   6.781E-06  1.356E-04  0.000000E+00  0.00E+00  0.000000E+00  0.00E+00  0.000000E+00  0.00E+00  0.000000E+00  0.00E+00  1.989258E-04  6.23E-05  2.844716E-04  2.74E-05  1.989258E-04  6.23E-05  2.844716E-04  2.74E-05  0.000000E+00  0.00E+00  0.000000E+00  0.00E+00
   6.980E-06  1.396E-04  0.000000E+00  0.00E+00  0.000000E+00  0.00E+00  0.000000E+00  0.00E+00  0.000000E+00  0.00E+00  1.475162E-04  5.37E-05  2.857221E-04  2.74E-05  1.475162E-04  5.37E-05  2.857221E-04  2.74E-05  0.000000E+00  0.00E+00  0.000000E+00  0.00E+00
   7.180E-06  1.436E-04  0.000000E+00  0.00E+00  0.000000E+00  0.00E+00  0.000000E+00  0.00E+00  0.000000E+00  0.00E+00  1.937918E-04  6.19E-05  2.816914E-04  2.73E-05  1.937918E-04  6.19E-05  2.816914E-04  2.73E-05  0.000000E+00  0.00E+00  0.000000E+00  0.00E+00
   7.379E-06  1.476E-04  0.000000E+00  0.00E+00  0.000000E+00  0.00E+00  0.000000E+00  0.00E+00  0.000000E+00  0.00E+00  1.758921E-04  5.89E-05  2.774230E-04  2.70E-05  1.758921E-04  5.89E-05  2.774230E-04  2.70E-05  0.000000E+00  0.00E+00  0.000000E+00  0.00E+00
   7.578E-06  1.516E-04  0.000000E+00  0.00E+00  0.000000E+00  0.00E+00  0.000000E+00  0.00E+00  0.000000E+00  0.00E+00  1.840788E-04  6.02E-05  2.446973E-04  2.54E-05  1.840788E-04  6.02E-05  2.446973E-04  2.54E-05  0.000000E+00  0.00E+00  0.000000E+00  0.00E+00
   7.778E-06  1.556E-04  0.000000E+00  0.00E+00  0.000000E+00  0.00E+00  0.000000E+00  0.00E+00  0.000000E+00  0.00E+00  1.490947E-04  5.44E-05  2.433245E-04  2.53E-05  1.490947E-04  5.44E-05  2.433245E-04  2.53E-05  0.000000E+00  0.00E+00  0.000000E+00  0.00E+00
   7.977E-06  1.595E-04  0.000000E+00  0.00E+00  0.000000E+00  0.00E+00  0.000000E+00  0.00E+00  0.000000E+00  0.00E+00  1.751290E-04  5.87E-05  2.630490E-04  2.63E-05  1.751290E-04  5.87E-05  2.630490E-04  2.63E-05  0.000000E+00  0.00E+00  0.000000E+00  0.00E+00
   8.177E-06  1.635E-04  0.000000E+00  0.00E+00  0.000000E+00  0.00E+00  0.000000E+00  0.00E+00  0.000000E+00  0.00E+00  1.594667E-04  5.59E-05  2.441367E-04  2.54E-05  1.594667E-04  5.59E-05  2.441367E-04  2.54E-05  0.000000E+00  0.00E+00  0.000000E+00  0.00E+00
   8.376E-06  1.675E-04  0.000000E+00  0.00E+00  0.000000E+00  0.00E+00  0.000000E+00  0.00E+00  0.000000E+00  0.00E+00  1.438566E-04  5.33E-05  2.291397E-04  2.46E-05  1.438566E-04  5.33E-05  2.291397E-04  2.46E-05  0.000000E+00  0.00E+00  0.000000E+00  0.00E+00
   8.576E-06  1.715E-04  0.000000E+00  0.00E+00  0.000000E+00  0.00E+00  0.000000E+00  0.00E+00  0.000000E+00  0.00E+00  1.796039E-04  5.95E-05  2.337265E-04  2.48E-05  1.796039E-04  5.95E-05  2.337265E-04  2.48E-05  0.000000E+00  0.00E+00  0.000000E+00  0.00E+00
   8.775E-06  1.755E-04  0.000000E+00  0.00E+00  0.000000E+00  0.00E+00  0.000000E+00  0.00E+00  0.000000E+00  0.00E+00  1.459899E-04  5.32E-05  2.187503E-04  2.41E-05  1.459899E-04  5.32E-05  2.187503E-04  2.41E-05  0.000000E+00  0.00E+00  0.000000E+00  0.00E+00
   8.974E-06  1.795E-04  0.000000E+00  0.00E+00  0.000000E+00  0.00E+00  0.000000E+00  0.00E+00  0.000000E+00  0.00E+00  1.550439E-04  5.54E-05  2.039633E-04  2.32E-05  1.550439E-04  5.54E-05  2.039633E-04  2.32E-05  0.000000E+00  0.00E+00  0.000000E+00  0.00E+00
   9.174E-06  1.835E-04  0.000000E+00  0.00E+00  0.000000E+00  0.00E+00  0.000000E+00  0.00E+00  0.000000E+00  0.00E+00  1.282464E-04  5.06E-05  2.026435E-04  2.31E-05  1.282464E-04  5.06E-05  2.026435E-04  2.31E-05  0.000000E+00  0.00E+00  0.000000E+00  0.00E+00
   9.373E-06  1.875E-04  0.000000E+00  0.00E+00  0.000000E+00  0.00E+00  0.000000E+00  0.00E+00  0.000000E+00  0.00E+00  1.297207E-04  5.08E-05  2.031442E-04  2.31E-05  1.297207E-04  5.08E-05  2.031442E-04  2.31E-05  0.000000E+00  0.00E+00  0.000000E+00  0.00E+00
   9.573E-06  1.915E-04  0.000000E+00  0.00E+00  0.000000E+00  0.00E+00  0.000000E+00  0.00E+00  0.000000E+00  0.00E+00  1.363810E-04  5.18E-05  1.958396E-04  2.27E-05  1.363810E-04  5.18E-05  1.958396E-04  2.27E-05  0.000000E+00  0.00E+00  0.000000E+00  0.00E+00
   9.772E-06  1.954E-04  0.000000E+00  0.00E+00  0.000000E+00  0.00E+00  0.000000E+00  0.00E+00  0.000000E+00  0.00E+00  1.252458E-04  4.99E-05  1.884933E-04  2.23E-05  1.252458E-04  4.99E-05  1.884933E-04  2.23E-05  0.000000E+00  0.00E+00  0.000000E+00  0.00E+00
   9.972E-06  1.994E-04  0.000000E+00  0.00E+00  0.000000E+00  0.00E+00  0.000000E+00  0.00E+00  0.000000E+00  0.00E+00  8.349719E-05  4.08E-05  1.744378E-04  2.15E-05  8.349719E-05  4.08E-05  1.744378E-04  2.15E-05  1.147175E-03  6.68E-04  2.259856E-01  2.55E-01
   1.017E-05  2.034E-04  0.000000E+00  0.00E+00  0.000000E+00  0.00E+00  0.000000E+00  0.00E+00  0.000000E+00  0.00E+00  1.080572E-04  4.61E-05  1.802612E-04  2.18E-05  1.080572E-04  4.61E-05  1.802612E-04  2.18E-05  4.839709E-01  1.02E+00  2.903960E-01  2.89E-01
   1.037E-05  2.074E-04  0.000000E+00  0.00E+00  0.000000E+00  0.00E+00  0.000000E+00  0.00E+00  0.000000E+00  0.00E+00  1.468572E-04  5.40E-05  1.820747E-04  2.20E-05  1.468572E-04  5.40E-05  1.820747E-04  2.20E-05  1.236673E-03  6.94E-04  3.866559E-01  3.33E-01
   1.057E-05  2.114E-04  0.000000E+00  0.00E+00  0.000000E+00  0.00E+00  0.000000E+00  0.00E+00  0.000000E+00  0.00E+00  1.230083E-04  4.95E-05  1.693780E-04  2.12E-05  1.230083E-04  4.95E-05  1.693780E-04  2.12E-05  2.426038E-01  7.24E-01  2.581142E-01  2.72E-01
   1.077E-05  2.154E-04  0.000000E+00  0.00E+00  0.000000E+00  0.00E+00  0.000000E+00  0.00E+00  0.000000E+00  0.00E+00  8.502356E-05  4.14E-05  1.607536E-04  2.06E-05  8.502356E-05  4.14E-05  1.607536E-04  2.06E-05  8.929013E-04  5.79E-04  3.864117E-01  3.33E-01
   1.097E-05  2.194E-04  0.000000E+00  0.00E+00  0.000000E+00  0.00E+00  0.000000E+00  0.00E+00  0.000000E+00  0.00E+00  1.028712E-04  4.52E-05  1.709746E-04  2.13E-05  1.028712E-04  4.52E-05  1.709746E-04  2.13E-05  4.832712E-01  1.02E+00  3.223664E-01  3.04E-01
   1.117E-05  2.234E-04  0.000000E+00  0.00E+00  0.000000E+00  0.00E+00  0.000000E+00  0.00E+00  0.000000E+00  0.00E+00  8.049655E-05  3.99E-05  1.581626E-04  2.04E-05  8.049655E-05  3.99E-05  1.581626E-04  2.04E-05  2.421563E-01  7.24E-01  4.828009E-01  3.73E-01
   1.137E-05  2.274E-04  0.000000E+00  0.00E+00  0.000000E+00  0.00E+00  0.000000E+00  0.00E+00  0.000000E+00  0.00E+00  8.797212E-05  4.18E-05  1.545033E-04  2.02E-05  8.797212E-05  4.18E-05  1.545033E-04  2.02E-05  4.842242E-01  1.02E+00  4.828924E-01  3.73E-01
   1.157E-05  2.313E-04  0.000000E+00  0.00E+00  0.000000E+00  0.00E+00  0.000000E+00  0.00E+00  0.000000E+00  0.00E+00  7.525844E-05  3.84E-05  1.546925E-04  2.02E-05  7.525844E-05  3.84E-05  1.546925E-04  2.02E-05  2.424106E-01  7.24E-01  4.507553E-01  3.60E-01
   1.177E-05  2.353E-04  0.000000E+00  0.00E+00  0.000000E+00  0.00E+00  0.000000E+00  0.00E+00  0.000000E+00  0.00E+00  7.602162E-05  3.87E-05  1.457635E-04  1.96E-05  7.602162E-05  3.87E-05  1.457635E-04  1.96E-05  1.461461E-03  7.65E-04  2.260901E-01  2.55E-01
   1.197E-05  2.393E-04  0.000000E+00  0.00E+00  0.000000E+00  0.00E+00  0.000000E+00  0.00E+00  0.000000E+00  0.00E+00  7.831117E-05  3.97E-05  1.408999E-04  1.93E-05  7.831117E-05  3.97E-05  1.408999E-04  1.93E-05  2.422763E-01  7.24E-01  4.184419E-01  3.47E-01
   1.217E-05  2.433E-04  0.000000E+00  0.00E+00  0.000000E+00  0.00E+00  0.000000E+00  0.00E+00  0.000000E+00  0.00E+00  8.726102E-05  4.19E-05  1.419151E-04  1.94E-05  8.726102E-05  4.19E-05  1.419151E-04  1.94E-05  4.839262E-01  1.02E+00  2.903661E-01  2.89E-01
   1.236E-05  2.473E-04  0.000000E+00  0.00E+00  0.000000E+00  0.00E+00  0.000000E+00  0.00E+00  0.000000E+00  0.00E+00  8.873530E-05  4.22E-05  1.393310E-04  1.92E-05  8.873530E-05  4.22E-05  1.393310E-04  1.92E-05  1.028191E-03  6.34E-04  2.582585E-01  2.72E-01
   1.256E-05  2.513E-04  0.000000E+00  0.00E+00  0.000000E+00  0.00E+00  0.000000E+00  0.00E+00  0.000000E+00  0.00E+00  8.349719E-05  4.08E-05  1.526229E-04  2.01E-05  8.349719E-05  4.08E-05  1.526229E-04  2.01E-05  8.634157E-04  5.72E-04  1.941973E-01  2.36E-01
   1.276E-05  2.553E-04  0.000000E+00  0.00E+00  0.000000E+00  0.00E+00  0.000000E+00  0.00E+00  0.000000E+00  0.00E+00  7.007242E-05  3.73E-05  1.264105E-04  1.82E-05  7.007242E-05  3.73E-05  1.264105E-04  1.82E-05  8.644575E-04  5.83E-04  3.223162E-01  3.04E-01
   1.296E-05  2.593E-04  0.000000E+00  0.00E+00  0.000000E+00  0.00E+00  0.000000E+00  0.00E+00  0.000000E+00  0.00E+00  6.188576E-05  3.52E-05  1.234550E-04  1.80E-05  6.188576E-05  3.52E-05  1.234550E-04  1.80E-05  2.422011E-01  7.24E-01  1.619334E-01  2.15E-01
   1.316E-05  2.633E-04  0.000000E+00  0.00E+00  0.000000E+00  0.00E+00  0.000000E+00  0.00E+00  0.000000E+00  0.00E+00  5.293591E-05  3.25E-05  1.330807E-04  1.88E-05  5.293591E-05  3.25E-05  1.330807E-04  1.88E-05  7.250248E-01  1.25E+00  3.222949E-01  3.04E-01
   1.336E-05  2.672E-04  0.000000E+00  0.00E+00  0.000000E+00  0.00E+00  0.000000E+00  0.00E+00  0.000000E+00  0.00E+00  6.859814E-05  3.70E-05  1.226705E-04  1.80E-05  6.859814E-05  3.70E-05  1.226705E-04  1.80E-05  7.250238E-01  1.25E+00  2.261415E-01  2.55E-01
   1.356E-05  2.712E-04  0.000000E+00  0.00E+00  0.000000E+00  0.00E+00  0.000000E+00  0.00E+00  0.000000E+00  0.00E+00  6.783496E-05  3.67E-05  1.146345E-04  1.74E-05  6.783496E-05  3.67E-05  1.146345E-04  1.74E-05  1.131911E-03  6.60E-04  1.939355E-01  2.36E-01
   1.376E-05  2.752E-04  0.000000E+00  0.00E+00  0.000000E+00  0.00E+00  0.000000E+00  0.00E+00  0.000000E+00  0.00E+00  5.593655E-05  3.36E-05  1.219807E-04  1.80E-05  5.593655E-05  3.36E-05  1.219807E-04  1.80E-05  6.264894E-04  5.02E-04  2.582293E-01  2.72E-01
   1.396E-05  2.792E-04  0.000000E+00  0.00E+00  0.000000E+00  0.00E+00  0.000000E+00  0.00E+00  0.000000E+00  0.00E+00  7.230988E-05  3.79E-05  1.201810E-04  1.78E-05  7.230988E-05  3.79E-05  1.201810E-04  1.78E-05  9.834415E-04  6.20E-04  1.940366E-01  2.36E-01
   1.416E-05  2.832E-04  0.000000E+00  0.00E+00  0.000000E+00  0.00E+00  0.000000E+00  0.00E+00  0.000000E+00  0.00E+00  5.741083E-05  3.39E-05  1.124634E-04  1.73E-05  5.741083E-05  3.39E-05  1.124634E-04  1.73E-05  1.176660E-03  6.74E-04  9.766129E-02  1.67E-01
   1.436E-05  2.872E-04  0.000000E+00  0.00E+00  0.000000E+00  0.00E+00  0.000000E+00  0.00E+00  0.000000E+00  0.00E+00  5.964829E-05  3.45E-05  1.154259E-04  1.75E-05  5.964829E-05  3.45E-05  1.154259E-04  1.75E-05  2.423058E-01  7.24E-01  2.901456E-01  2.89E-01
   1.456E-05  2.912E-04  0.000000E+00  0.00E+00  0.000000E+00  0.00E+00  0.000000E+00  0.00E+00  0.000000E+00  0.00E+00  4.698670E-05  3.08E-05  1.164133E-04  1.75E-05  4.698670E-05  3.08E-05  1.164133E-04  1.75E-05  1.117689E-03  6.62E-04  6.547685E-02  1.36E-01
   1.476E-05  2.952E-04  0.000000E+00  0.00E+00  0.000000E+00  0.00E+00  0.000000E+00  0.00E+00  0.000000E+00  0.00E+00  6.336003E-05  3.54E-05  1.073898E-04  1.68E-05  6.336003E-05  3.54E-05  1.073898E-04  1.68E-05  1.118731E-03  6.71E-04  1.296482E-01  1.93E-01
   1.496E-05  2.991E-04  0.000000E+00  0.00E+00  0.000000E+00  0.00E+00  0.000000E+00  0.00E+00  0.000000E+00  0.00E+00  7.159879E-05  3.80E-05  1.050157E-04  1.67E-05  7.159879E-05  3.80E-05  1.050157E-04  1.67E-05  1.027149E-03  6.24E-04  6.541705E-02  1.36E-01
   1.516E-05  3.031E-04  0.000000E+00  0.00E+00  0.000000E+00  0.00E+00  0.000000E+00  0.00E+00  0.000000E+00  0.00E+00  5.964829E-05  3.45E-05  1.063077E-04  1.68E-05  5.964829E-05  3.45E-05  1.063077E-04  1.68E-05  2.420973E-01  7.24E-01  1.616951E-01  2.15E-01
   1.536E-05  3.071E-04  0.000000E+00  0.00E+00  0.000000E+00  0.00E+00  0.000000E+00  0.00E+00  0.000000E+00  0.00E+00  4.693461E-05  3.02E-05  9.401712E-05  1.58E-05  4.693461E-05  3.02E-05  9.401712E-05  1.58E-05  7.302098E-04  5.35E-04  1.617229E-01  2.15E-01
   1.556E-05  3.111E-04  0.000000E+00  0.00E+00  0.000000E+00  0.00E+00  0.000000E+00  0.00E+00  0.000000E+00  0.00E+00  4.993526E-05  3.14E-05  9.589751E-05  1.59E-05  4.993526E-05  3.14E-05  9.589751E-05  1.59E-05  2.423811E-01  7.24E-01  1.616834E-01  2.15E-01
   1.576E-05  3.151E-04  0.000000E+00  0.00E+00  0.000000E+00  0.00E+00  0.000000E+00  0.00E+00  0.000000E+00  0.00E+00  3.727367E-05  2.72E-05  9.171680E-05  1.55E-05  3.727367E-05  2.72E-05  9.171680E-05  1.55E-05  1.490947E-03  7.70E-04  1.296957E-01  1.93E-01
   1.595E-05  3.191E-04  0.000000E+00  0.00E+00  0.000000E+00  0.00E+00  0.000000E+00  0.00E+00  0.000000E+00  0.00E+00  3.951113E-05  2.80E-05  9.422016E-05  1.58E-05  3.951113E-05  2.80E-05  9.422016E-05  1.58E-05  1.057676E-03  6.40E-04  9.760799E-02  1.67E-01
   1.615E-05  3.231E-04  0.000000E+00  0.00E+00  0.000000E+00  0.00E+00  0.000000E+00  0.00E+00  0.000000E+00  0.00E+00  4.546034E-05  2.99E-05  8.962644E-05  1.53E-05  4.546034E-05  2.99E-05  8.962644E-05  1.53E-05  1.013969E-03  6.36E-04  9.755469E-02  1.67E-01
   1.635E-05  3.271E-04  0.000000E+00  0.00E+00  0.000000E+00  0.00E+00  0.000000E+00  0.00E+00  0.000000E+00  0.00E+00  3.279875E-05  2.55E-05  8.735384E-05  1.52E-05  3.279875E-05  2.55E-05  8.735384E-05  1.52E-05  7.902227E-04  5.61E-04  6.538636E-02  1.36E-01
   1.655E-05  3.311E-04  0.000000E+00  0.00E+00  0.000000E+00  0.00E+00  0.000000E+00  0.00E+00  0.000000E+00  0.00E+00  4.398606E-05  2.96E-05  9.400327E-05  1.57E-05  4.398606E-05  2.96E-05  9.400327E-05  1.57E-05  4.835987E-01  1.02E+00  2.580587E-01  2.72E-01
   1.675E-05  3.350E-04  0.000000E+00  0.00E+00  0.000000E+00  0.00E+00  0.000000E+00  0.00E+00  0.000000E+00  0.00E+00  6.783496E-05  3.67E-05  9.055399E-05  1.55E-05  6.783496E-05  3.67E-05  9.055399E-05  1.55E-05  8.197082E-04  5.67E-04  9.761002E-02  1.67E-01
   1.695E-05  3.390E-04  0.000000E+00  0.00E+00  0.000000E+00  0.00E+00  0.000000E+00  0.00E+00  0.000000E+00  0.00E+00  5.593655E-05  3.36E-05  8.983641E-05  1.54E-05  5.593655E-05  3.36E-05  8.983641E-05  1.54E-05  8.786794E-04  5.81E-04  9.743536E-02  1.67E-01
   1.715E-05  3.430E-04  0.000000E+00  0.00E+00  0.000000E+00  0.00E+00  0.000000E+00  0.00E+00  0.000000E+00  0.00E+00  4.840889E-05  3.06E-05  8.300473E-05  1.48E-05  4.840889E-05  3.06E-05  8.300473E-05  1.48E-05  8.644575E-04  5.83E-04  1.191589E-03  2.50E-04
   1.735E-05  3.470E-04  0.000000E+00  0.00E+00  0.000000E+00  0.00E+00  0.000000E+00  0.00E+00  0.000000E+00  0.00E+00  4.027432E-05  2.85E-05  8.618410E-05  1.51E-05  4.027432E-05  2.85E-05  8.618410E-05  1.51E-05  9.234286E-04  5.96E-04  9.747311E-02  1.67E-01
   1.755E-05  3.510E-04  0.000000E+00  0.00E+00  0.000000E+00  0.00E+00  0.000000E+00  0.00E+00  0.000000E+00  0.00E+00  4.169651E-05  2.83E-05  8.399222E-05  1.49E-05  4.169651E-05  2.83E-05  8.399222E-05  1.49E-05  8.491938E-04  5.74E-04  9.762977E-02  1.67E-01
   1.775E-05  3.550E-04  0.000000E+00  0.00E+00  0.000000E+00  0.00E+00  0.000000E+00  0.00E+00  0.000000E+00  0.00E+00  3.350984E-05  2.54E-05  7.904092E-05  1.45E-05  3.350984E-05  2.54E-05  7.904092E-05  1.45E-05  1.042413E-03  6.32E-04  2.257333E-01  2.55E-01
   1.795E-05  3.590E-04  0.000000E+00  0.00E+00  0.000000E+00  0.00E+00  0.000000E+00  0.00E+00  0.000000E+00  0.00E+00  3.727367E-05  2.72E-05  8.012993E-05  1.46E-05  3.727367E-05  2.72E-05  8.012993E-05  1.46E-05  1.057676E-03  6.40E-04  3.327875E-02  9.63E-02
   1.815E-05  3.630E-04  0.000000E+00  0.00E+00  0.000000E+00  0.00E+00  0.000000E+00  0.00E+00  0.000000E+00  0.00E+00  2.684955E-05  2.33E-05  7.814110E-05  1.44E-05  2.684955E-05  2.33E-05  7.814110E-05  1.44E-05  2.420078E-01  7.24E-01  1.296278E-01  1.93E-01
   1.835E-05  3.670E-04  0.000000E+00  0.00E+00  0.000000E+00  0.00E+00  0.000000E+00  0.00E+00  0.000000E+00  0.00E+00  2.013716E-05  2.01E-05  6.902295E-05  1.35E-05  2.013716E-05  2.01E-05  6.902295E-05  1.35E-05  7.596953E-04  5.42E-04  3.327280E-02  9.63E-02
   1.855E-05  3.709E-04  0.000000E+00  0.00E+00  0.000000E+00  0.00E+00  0.000000E+00  0.00E+00  0.000000E+00  0.00E+00  4.917208E-05  3.10E-05  7.308828E-05  1.39E-05  4.917208E-05  3.10E-05  7.308828E-05  1.39E-05  1.042413E-03  6.32E-04  9.756037E-02  1.67E-01
   1.875E-05  3.749E-04  0.000000E+00  0.00E+00  0.000000E+00  0.00E+00  0.000000E+00  0.00E+00  0.000000E+00  0.00E+00  4.993526E-05  3.14E-05  7.805344E-05  1.44E-05  4.993526E-05  3.14E-05  7.805344E-05  1.44E-05  1.012927E-03  6.26E-04  1.295683E-01  1.93E-01
   1.895E-05  3.789E-04  0.000000E+00  0.00E+00  0.000000E+00  0.00E+00  0.000000E+00  0.00E+00  0.000000E+00  0.00E+00  3.132447E-05  2.51E-05  7.069336E-05  1.36E-05  3.132447E-05  2.51E-05  7.069336E-05  1.36E-05  1.117689E-03  6.62E-04  1.231089E-03  2.53E-04
   1.915E-05  3.829E-04  0.000000E+00  0.00E+00  0.000000E+00  0.00E+00  0.000000E+00  0.00E+00  0.000000E+00  0.00E+00  4.174860E-05  2.88E-05  6.654730E-05  1.33E-05  4.174860E-05  2.88E-05  6.654730E-05  1.33E-05  2.420526E-01  7.24E-01  3.326902E-02  9.63E-02
   1.934E-05  3.869E-04  0.000000E+00  0.00E+00  0.000000E+00  0.00E+00  0.000000E+00  0.00E+00  0.000000E+00  0.00E+00  2.461208E-05  2.23E-05  6.860994E-05  1.34E-05  2.461208E-05  2.23E-05  6.860994E-05  1.34E-05  9.244704E-04  6.07E-04  1.616499E-01  2.15E-01
   1.954E-05  3.909E-04  0.000000E+00  0.00E+00  0.000000E+00  0.00E+00  0.000000E+00  0.00E+00  0.000000E+00  0.00E+00  3.132447E-05  2.51E-05  6.823157E-05  1.34E-05  3.132447E-05  2.51E-05  6.823157E-05  1.34E-05  8.197082E-04  5.67E-04  9.756660E-02  1.67E-01
   1.974E-05  3.949E-04  0.000000E+00  0.00E+00  0.000000E+00  0.00E+00  0.000000E+00  0.00E+00  0.000000E+00  0.00E+00  3.279875E-05  2.55E-05  7.319673E-05  1.39E-05  3.279875E-05  2.55E-05  7.319673E-05  1.39E-05  1.445156E-03  7.50E-04  3.329647E-02  9.63E-02
   1.994E-05  3.989E-04  0.000000E+00  0.00E+00  0.000000E+00  0.00E+00  0.000000E+00  0.00E+00  0.000000E+00  0.00E+00  3.803686E-05  2.77E-05  6.635812E-05  1.33E-05  3.803686E-05  2.77E-05  6.635812E-05  1.33E-05  1.118731E-03  6.71E-04  3.331055E-02  9.63E-02
   2.014E-05  4.029E-04  0.000000E+00  0.00E+00  0.000000E+00  0.00E+00  0.000000E+00  0.00E+00  0.000000E+00  0.00E+00  3.279875E-05  2.55E-05  6.406472E-05  1.30E-05  3.279875E-05  2.55E-05  6.406472E-05  1.30E-05  1.103467E-03  6.64E-04  9.987969E-04  2.27E-04
   2.034E-05  4.068E-04  0.000000E+00  0.00E+00  0.000000E+00  0.00E+00  0.000000E+00  0.00E+00  0.000000E+00  0.00E+00  3.427303E-05  2.59E-05  7.090333E-05  1.37E-05  3.427303E-05  2.59E-05  7.090333E-05  1.37E-05  9.081649E-04  5.88E-04  6.545332E-02  1.36E-01
   2.054E-05  4.108E-04  0.000000E+00  0.00E+00  0.000000E+00  0.00E+00  0.000000E+00  0.00E+00  0.000000E+00  0.00E+00  2.832382E-05  2.37E-05  7.228305E-05  1.38E-05  2.832382E-05  2.37E-05  7.228305E-05  1.38E-05  7.454734E-04  5.44E-04  9.741603E-02  1.67E-01
   2.074E-05  4.148E-04  0.000000E+00  0.00E+00  0.000000E+00  0.00E+00  0.000000E+00  0.00E+00  0.000000E+00  0.00E+00  3.727367E-05  2.72E-05  6.098688E-05  1.27E-05  3.727367E-05  2.72E-05  6.098688E-05  1.27E-05  5.959620E-04  4.82E-04  3.315984E-02  9.63E-02
   2.094E-05  4.188E-04  0.000000E+00  0.00E+00  0.000000E+00  0.00E+00  0.000000E+00  0.00E+00  0.000000E+00  0.00E+00  4.027432E-05  2.85E-05  6.526218E-05  1.32E-05  4.027432E-05  2.85E-05  6.526218E-05  1.32E-05  9.234286E-04  5.96E-04  3.332218E-02  9.63E-02
   2.114E-05  4.228E-04  0.000000E+00  0.00E+00  0.000000E+00  0.00E+00  0.000000E+00  0.00E+00  0.000000E+00  0.00E+00  2.979810E-05  2.41E-05  6.117606E-05  1.27E-05  2.979810E-05  2.41E-05  6.117606E-05  1.27E-05  1.116647E-03  6.52E-04  3.316362E-02  9.63E-02
   2.134E-05  4.268E-04  0.000000E+00  0.00E+00  0.000000E+00  0.00E+00  0.000000E+00  0.00E+00  0.000000E+00  0.00E+00  3.132447E-05  2.51E-05  5.791597E-05  1.24E-05  3.132447E-05  2.51E-05  5.791597E-05  1.24E-05  9.092067E-04  5.98E-04  1.213231E-03  2.52E-04
   2.154E-05  4.308E-04  0.000000E+00  0.00E+00  0.000000E+00  0.00E+00  0.000000E+00  0.00E+00  0.000000E+00  0.00E+00  3.579939E-05  2.68E-05  5.812594E-05  1.24E-05  3.579939E-05  2.68E-05  5.812594E-05  1.24E-05  8.044446E-04  5.58E-04  1.161549E-03  2.46E-04
   2.174E-05  4.348E-04  0.000000E+00  0.00E+00  0.000000E+00  0.00E+00  0.000000E+00  0.00E+00  0.000000E+00  0.00E+00  1.789970E-05  1.90E-05  6.069618E-05  1.27E-05  1.789970E-05  1.90E-05  6.069618E-05  1.27E-05  6.712386E-04  5.20E-04  3.324521E-02  9.63E-02
   2.194E-05  4.388E-04  0.000000E+00  0.00E+00  0.000000E+00  0.00E+00  0.000000E+00  0.00E+00  0.000000E+00  0.00E+00  2.461208E-05  2.23E-05  5.245707E-05  1.18E-05  2.461208E-05  2.23E-05  5.245707E-05  1.18E-05  8.197082E-04  5.67E-04  3.315375E-02  9.63E-02
   2.214E-05  4.427E-04  0.000000E+00  0.00E+00  0.000000E+00  0.00E+00  0.000000E+00  0.00E+00  0.000000E+00  0.00E+00  2.384890E-05  2.17E-05  6.129144E-05  1.27E-05  2.384890E-05  2.17E-05  6.129144E-05  1.27E-05  6.264894E-04  5.02E-04  9.731063E-02  1.67E-01
   2.234E-05  4.467E-04  0.000000E+00  0.00E+00  0.000000E+00  0.00E+00  0.000000E+00  0.00E+00  0.000000E+00  0.00E+00  2.908701E-05  2.42E-05  4.908852E-05  1.14E-05  2.908701E-05  2.42E-05  4.908852E-05  1.14E-05  2.423506E-01  7.24E-01  6.537404E-02  1.36E-01
   2.254E-05  4.507E-04  0.000000E+00  0.00E+00  0.000000E+00  0.00E+00  0.000000E+00  0.00E+00  0.000000E+00  0.00E+00  2.908701E-05  2.42E-05  5.296467E-05  1.19E-05  2.908701E-05  2.42E-05  5.296467E-05  1.19E-05  8.786794E-04  5.81E-04  9.729873E-02  1.67E-01
   2.274E-05  4.547E-04  0.000000E+00  0.00E+00  0.000000E+00  0.00E+00  0.000000E+00  0.00E+00  0.000000E+00  0.00E+00  2.237462E-05  2.12E-05  5.562257E-05  1.21E-05  2.237462E-05  2.12E-05  5.562257E-05  1.21E-05  6.559750E-04  5.10E-04  1.124080E-03  2.42E-04
   2.293E-05  4.587E-04  0.000000E+00  0.00E+00  0.000000E+00  0.00E+00  0.000000E+00  0.00E+00  0.000000E+00  0.00E+00  3.579939E-05  2.68E-05  6.536370E-05  1.32E-05  3.579939E-05  2.68E-05  6.536370E-05  1.32E-05  5.664765E-04  4.73E-04  3.319759E-02  9.63E-02
   2.313E-05  4.627E-04  0.000000E+00  0.00E+00  0.000000E+00  0.00E+00  0.000000E+00  0.00E+00  0.000000E+00  0.00E+00  2.384890E-05  2.17E-05  4.908852E-05  1.14E-05  2.384890E-05  2.17E-05  4.908852E-05  1.14E-05  6.254476E-04  4.90E-04  9.833851E-04  2.27E-04
   2.333E-05  4.667E-04  0.000000E+00  0.00E+00  0.000000E+00  0.00E+00  0.000000E+00  0.00E+00  0.000000E+00  0.00E+00  2.013716E-05  2.01E-05  4.839867E-05  1.13E-05  2.013716E-05  2.01E-05  4.839867E-05  1.13E-05  5.664765E-04  4.73E-04  1.024915E-03  2.31E-04
   2.353E-05  4.707E-04  0.000000E+00  0.00E+00  0.000000E+00  0.00E+00  0.000000E+00  0.00E+00  0.000000E+00  0.00E+00  8.186665E-06  1.24E-05  4.334585E-05  1.07E-05  8.186665E-06  1.24E-05  4.334585E-05  1.07E-05  1.088204E-03  6.56E-04  3.323330E-02  9.63E-02
   2.373E-05  4.746E-04  0.000000E+00  0.00E+00  0.000000E+00  0.00E+00  0.000000E+00  0.00E+00  0.000000E+00  0.00E+00  2.237462E-05  2.12E-05  4.809411E-05  1.13E-05  2.237462E-05  2.12E-05  4.809411E-05  1.13E-05  5.959620E-04  4.82E-04  1.258960E-03  2.57E-04
   2.393E-05  4.786E-04  0.000000E+00  0.00E+00  0.000000E+00  0.00E+00  0.000000E+00  0.00E+00  0.000000E+00  0.00E+00  1.413587E-05  1.63E-05  4.939308E-05  1.15E-05  1.413587E-05  1.63E-05  4.939308E-05  1.15E-05  9.244704E-04  6.07E-04  1.066999E-03  2.37E-04
   2.413E-05  4.826E-04  0.000000E+00  0.00E+00  0.000000E+00  0.00E+00  0.000000E+00  0.00E+00  0.000000E+00  0.00E+00  2.084825E-05  2.00E-05  4.918311E-05  1.14E-05  2.084825E-05  2.00E-05  4.918311E-05  1.14E-05  6.996824E-04  5.15E-04  3.316607E-02  9.63E-02
   2.433E-05  4.866E-04  0.000000E+00  0.00E+00  0.000000E+00  0.00E+00  0.000000E+00  0.00E+00  0.000000E+00  0.00E+00  1.266159E-05  1.56E-05  3.937511E-05  1.02E-05  1.266159E-05  1.56E-05  3.937511E-05  1.02E-05  6.549332E-04  4.98E-04  8.859738E-04  2.14E-04
   2.453E-05  4.906E-04  0.000000E+00  0.00E+00  0.000000E+00  0.00E+00  0.000000E+00  0.00E+00  0.000000E+00  0.00E+00  2.908701E-05  2.42E-05  4.542234E-05  1.10E-05  2.908701E-05  2.42E-05  4.542234E-05  1.10E-05  7.596953E-04  5.42E-04  3.323141E-02  9.63E-02
   2.473E-05  4.946E-04  0.000000E+00  0.00E+00  0.000000E+00  0.00E+00  0.000000E+00  0.00E+00  0.000000E+00  0.00E+00  2.384890E-05  2.17E-05  4.591609E-05  1.10E-05  2.384890E-05  2.17E-05  4.591609E-05  1.10E-05  8.797212E-04  5.92E-04  9.518686E-04  2.24E-04
   2.493E-05  4.986E-04  0.000000E+00  0.00E+00  0.000000E+00  0.00E+00  0.000000E+00  0.00E+00  0.000000E+00  0.00E+00  4.251178E-05  2.93E-05  4.958920E-05  1.15E-05  4.251178E-05  2.93E-05  4.958920E-05  1.15E-05  1.028191E-03  6.34E-04  6.535401E-02  1.36E-01
   2.513E-05  5.026E-04  0.000000E+00  0.00E+00  0.000000E+00  0.00E+00  0.000000E+00  0.00E+00  0.000000E+00  0.00E+00  2.461208E-05  2.23E-05  5.166569E-05  1.17E-05  2.461208E-05  2.23E-05  5.166569E-05  1.17E-05  1.058718E-03  6.50E-04  1.140184E-03  2.45E-04
   2.533E-05  5.066E-04  0.000000E+00  0.00E+00  0.000000E+00  0.00E+00  0.000000E+00  0.00E+00  0.000000E+00  0.00E+00  1.042413E-05  1.41E-05  4.640983E-05  1.11E-05  1.042413E-05  1.41E-05  4.640983E-05  1.11E-05  9.539560E-04  6.13E-04  3.309275E-02  9.63E-02
   2.553E-05  5.105E-04  0.000000E+00  0.00E+00  0.000000E+00  0.00E+00  0.000000E+00  0.00E+00  0.000000E+00  0.00E+00  1.118731E-05  1.50E-05  3.590504E-05  9.77E-06  1.118731E-05  1.50E-05  3.590504E-05  9.77E-06  8.797212E-04  5.92E-04  6.522564E-02  1.36E-01
   2.573E-05  5.145E-04  0.000000E+00  0.00E+00  0.000000E+00  0.00E+00  0.000000E+00  0.00E+00  0.000000E+00  0.00E+00  1.566223E-05  1.78E-05  4.452945E-05  1.09E-05  1.566223E-05  1.78E-05  4.452945E-05  1.09E-05  8.786794E-04  5.81E-04  9.710641E-04  2.24E-04
   2.593E-05  5.185E-04  0.000000E+00  0.00E+00  0.000000E+00  0.00E+00  0.000000E+00  0.00E+00  0.000000E+00  0.00E+00  2.832382E-05  2.37E-05  3.937511E-05  1.02E-05  2.832382E-05  2.37E-05  3.937511E-05  1.02E-05  4.769780E-04  4.34E-04  1.050895E-03  2.35E-04
   2.613E-05  5.225E-04  0.000000E+00  0.00E+00  0.000000E+00  0.00E+00  0.000000E+00  0.00E+00  0.000000E+00  0.00E+00  2.013716E-05  2.01E-05  3.739321E-05  9.97E-06  2.013716E-05  2.01E-05  3.739321E-05  9.97E-06  7.607371E-04  5.54E-04  1.086333E-03  2.38E-04
   2.633E-05  5.265E-04  0.000000E+00  0.00E+00  0.000000E+00  0.00E+00  0.000000E+00  0.00E+00  0.000000E+00  0.00E+00  1.342477E-05  1.64E-05  3.966581E-05  1.02E-05  1.342477E-05  1.64E-05  3.966581E-05  1.02E-05  6.244058E-04  4.77E-04  9.515915E-04  2.23E-04
   2.652E-05  5.305E-04  0.000000E+00  0.00E+00  0.000000E+00  0.00E+00  0.000000E+00  0.00E+00  0.000000E+00  0.00E+00  1.266159E-05  1.56E-05  4.393418E-05  1.08E-05  1.266159E-05  1.56E-05  4.393418E-05  1.08E-05  6.854605E-04  5.18E-04  9.239973E-04  2.20E-04
   2.672E-05  5.345E-04  0.000000E+00  0.00E+00  0.000000E+00  0.00E+00  0.000000E+00  0.00E+00  0.000000E+00  0.00E+00  2.608636E-05  2.27E-05  3.788002E-05  1.00E-05  2.608636E-05  2.27E-05  3.788002E-05  1.00E-05  8.197082E-04  5.67E-04  9.376558E-04  2.21E-04
   2.692E-05  5.385E-04  0.000000E+00  0.00E+00  0.000000E+00  0.00E+00  0.000000E+00  0.00E+00  0.000000E+00  0.00E+00  2.384890E-05  2.17E-05  4.066023E-05  1.04E-05  2.384890E-05  2.17E-05  4.066023E-05  1.04E-05  4.769780E-04  4.34E-04  9.893378E-04  2.28E-04
   2.712E-05  5.425E-04  0.000000E+00  0.00E+00  0.000000E+00  0.00E+00  0.000000E+00  0.00E+00  0.000000E+00  0.00E+00  1.042413E-05  1.41E-05  4.314281E-05  1.07E-05  1.042413E-05  1.41E-05  4.314281E-05  1.07E-05  6.559750E-04  5.10E-04  1.036543E-03  2.32E-04
   2.732E-05  5.464E-04  0.000000E+00  0.00E+00  0.000000E+00  0.00E+00  0.000000E+00  0.00E+00  0.000000E+00  0.00E+00  1.266159E-05  1.56E-05  3.639879E-05  9.83E-06  1.266159E-05  1.56E-05  3.639879E-05  9.83E-06  5.664765E-04  4.73E-04  3.299695E-02  9.63E-02
   2.752E-05  5.504E-04  0.000000E+00  0.00E+00  0.000000E+00  0.00E+00  0.000000E+00  0.00E+00  0.000000E+00  0.00E+00  1.266159E-05  1.56E-05  3.431536E-05  9.54E-06  1.266159E-05  1.56E-05  3.431536E-05  9.54E-06  6.254476E-04  4.90E-04  3.311614E-02  9.63E-02
   2.772E-05  5.544E-04  0.000000E+00  0.00E+00  0.000000E+00  0.00E+00  0.000000E+00  0.00E+00  0.000000E+00  0.00E+00  1.566223E-05  1.78E-05  2.847117E-05  8.72E-06  1.566223E-05  1.78E-05  2.847117E-05  8.72E-06  6.407113E-04  5.00E-04  1.058323E-03  2.34E-04
   2.792E-05  5.584E-04  0.000000E+00  0.00E+00  0.000000E+00  0.00E+00  0.000000E+00  0.00E+00  0.000000E+00  0.00E+00  1.566223E-05  1.78E-05  3.293565E-05  9.38E-06  1.566223E-05  1.78E-05  3.293565E-05  9.38E-06  2.419478E-01  7.24E-01  3.304429E-02  9.63E-02
   2.812E-05  5.624E-04  0.000000E+00  0.00E+00  0.000000E+00  0.00E+00  0.000000E+00  0.00E+00  0.000000E+00  0.00E+00  1.342477E-05  1.64E-05  3.381469E-05  9.45E-06  1.342477E-05  1.64E-05  3.381469E-05  9.45E-06  6.264894E-04  5.02E-04  1.149505E-03  2.44E-04
   2.832E-05  5.664E-04  0.000000E+00  0.00E+00  0.000000E+00  0.00E+00  0.000000E+00  0.00E+00  0.000000E+00  0.00E+00  2.384890E-05  2.17E-05  4.006497E-05  1.03E-05  2.384890E-05  2.17E-05  4.006497E-05  1.03E-05  8.197082E-04  5.67E-04  9.735102E-04  2.26E-04
   2.852E-05  5.704E-04  0.000000E+00  0.00E+00  0.000000E+00  0.00E+00  0.000000E+00  0.00E+00  0.000000E+00  0.00E+00  1.118731E-05  1.50E-05  3.539744E-05  9.65E-06  1.118731E-05  1.50E-05  3.539744E-05  9.65E-06  7.444316E-04  5.33E-04  9.515915E-04  2.23E-04
   2.872E-05  5.744E-04  0.000000E+00  0.00E+00  0.000000E+00  0.00E+00  0.000000E+00  0.00E+00  0.000000E+00  0.00E+00  1.266159E-05  1.56E-05  3.777850E-05  9.98E-06  1.266159E-05  1.56E-05  3.777850E-05  9.98E-06  6.407113E-04  5.00E-04  9.732331E-04  2.25E-04
   2.892E-05  5.784E-04  0.000000E+00  0.00E+00  0.000000E+00  0.00E+00  0.000000E+00  0.00E+00  0.000000E+00  0.00E+00  1.118731E-05  1.50E-05  3.451840E-05  9.59E-06  1.118731E-05  1.50E-05  3.451840E-05  9.59E-06  7.159879E-04  5.37E-04  8.982949E-04  2.17E-04
   2.912E-05  5.823E-04  0.000000E+00  0.00E+00  0.000000E+00  0.00E+00  0.000000E+00  0.00E+00  0.000000E+00  0.00E+00  1.042413E-05  1.41E-05  3.957122E-05  1.02E-05  1.042413E-05  1.41E-05  3.957122E-05  1.02E-05  9.539560E-04  6.13E-04  3.304485E-02  9.63E-02
   2.932E-05  5.863E-04  0.000000E+00  0.00E+00  0.000000E+00  0.00E+00  0.000000E+00  0.00E+00  0.000000E+00  0.00E+00  4.474924E-06  9.49E-06  2.926254E-05  8.83E-06  4.474924E-06  9.49E-06  2.926254E-05  8.83E-06  8.349719E-04  5.76E-04  1.044665E-03  2.33E-04
   2.952E-05  5.903E-04  0.000000E+00  0.00E+00  0.000000E+00  0.00E+00  0.000000E+00  0.00E+00  0.000000E+00  0.00E+00  8.949848E-06  1.34E-05  3.510674E-05  9.64E-06  8.949848E-06  1.34E-05  3.510674E-05  9.64E-06  1.012927E-03  6.26E-04  1.037097E-03  2.34E-04
   2.972E-05  5.943E-04  0.000000E+00  0.00E+00  0.000000E+00  0.00E+00  0.000000E+00  0.00E+00  0.000000E+00  0.00E+00  1.342477E-05  1.64E-05  2.608318E-05  8.32E-06  1.342477E-05  1.64E-05  2.608318E-05  8.32E-06  5.512128E-04  4.62E-04  3.289995E-02  9.63E-02
   2.991E-05  5.983E-04  0.000000E+00  0.00E+00  0.000000E+00  0.00E+00  0.000000E+00  0.00E+00  0.000000E+00  0.00E+00  1.789970E-05  1.90E-05  3.094682E-05  9.07E-06  1.789970E-05  1.90E-05  3.094682E-05  9.07E-06  9.092067E-04  5.98E-04  1.051033E-03  2.35E-04
   3.011E-05  6.023E-04  0.000000E+00  0.00E+00  0.000000E+00  0.00E+00  0.000000E+00  0.00E+00  0.000000E+00  0.00E+00  1.118731E-05  1.50E-05  2.974936E-05  8.87E-06  1.118731E-05  1.50E-05  2.974936E-05  8.87E-06  1.043454E-03  6.42E-04  9.436084E-04  2.22E-04
   3.031E-05  6.063E-04  0.000000E+00  0.00E+00  0.000000E+00  0.00E+00  0.000000E+00  0.00E+00  0.000000E+00  0.00E+00  8.949848E-06  1.34E-05  2.677997E-05  8.44E-06  8.949848E-06  1.34E-05  2.677997E-05  8.44E-06  7.302098E-04  5.35E-04  1.066722E-03  2.36E-04
   3.051E-05  6.103E-04  0.000000E+00  0.00E+00  0.000000E+00  0.00E+00  0.000000E+00  0.00E+00  0.000000E+00  0.00E+00  8.949848E-06  1.34E-05  3.114293E-05  9.09E-06  8.949848E-06  1.34E-05  3.114293E-05  9.09E-06  5.512128E-04  4.62E-04  8.878657E-04  2.14E-04
   3.071E-05  6.143E-04  0.000000E+00  0.00E+00  0.000000E+00  0.00E+00  0.000000E+00  0.00E+00  0.000000E+00  0.00E+00  1.342477E-05  1.64E-05  3.015544E-05  8.97E-06  1.342477E-05  1.64E-05  3.015544E-05  8.97E-06  4.911999E-04  4.31E-04  9.633582E-04  2.24E-04
   3.091E-05  6.182E-04  0.000000E+00  0.00E+00  0.000000E+00  0.00E+00  0.000000E+00  0.00E+00  0.000000E+00  0.00E+00  1.118731E-05  1.50E-05  3.104141E-05  9.07E-06  1.118731E-05  1.50E-05  3.104141E-05  9.07E-06  9.539560E-04  6.13E-04  9.434699E-04  2.21E-04
   3.111E-05  6.222E-04  0.000000E+00  0.00E+00  0.000000E+00  0.00E+00  0.000000E+00  0.00E+00  0.000000E+00  0.00E+00  6.712386E-06  1.16E-05  2.598166E-05  8.29E-06  6.712386E-06  1.16E-05  2.598166E-05  8.29E-06  6.701968E-04  5.08E-04  3.294974E-02  9.63E-02
   3.131E-05  6.262E-04  0.000000E+00  0.00E+00  0.000000E+00  0.00E+00  0.000000E+00  0.00E+00  0.000000E+00  0.00E+00  8.949848E-06  1.34E-05  2.727371E-05  8.51E-06  8.949848E-06  1.34E-05  2.727371E-05  8.51E-06  6.407113E-04  5.00E-04  8.785451E-04  2.15E-04
   3.151E-05  6.302E-04  0.000000E+00  0.00E+00  0.000000E+00  0.00E+00  0.000000E+00  0.00E+00  0.000000E+00  0.00E+00  8.949848E-06  1.34E-05  2.460195E-05  8.11E-06  8.949848E-06  1.34E-05  2.460195E-05  8.11E-06  5.369909E-04  4.65E-04  8.842206E-04  2.15E-04
   3.171E-05  6.342E-04  0.000000E+00  0.00E+00  0.000000E+00  0.00E+00  0.000000E+00  0.00E+00  0.000000E+00  0.00E+00  1.342477E-05  1.64E-05  2.726678E-05  8.47E-06  1.342477E-05  1.64E-05  2.726678E-05  8.47E-06  4.027432E-04  4.03E-04  3.305851E-02  9.63E-02
   3.191E-05  6.382E-04  0.000000E+00  0.00E+00  0.000000E+00  0.00E+00  0.000000E+00  0.00E+00  0.000000E+00  0.00E+00  2.237462E-06  6.71E-06  2.499417E-05  8.15E-06  2.237462E-06  6.71E-06  2.499417E-05  8.15E-06  4.769780E-04  4.34E-04  8.800212E-04  2.14E-04
   3.211E-05  6.422E-04  0.000000E+00  0.00E+00  0.000000E+00  0.00E+00  0.000000E+00  0.00E+00  0.000000E+00  0.00E+00  5.949202E-06  1.05E-05  2.876187E-05  8.74E-06  5.949202E-06  1.05E-05  2.876187E-05  8.74E-06  1.326172E-03  7.20E-04  1.086333E-03  2.38E-04
   3.231E-05  6.462E-04  0.000000E+00  0.00E+00  0.000000E+00  0.00E+00  0.000000E+00  0.00E+00  0.000000E+00  0.00E+00  6.712386E-06  1.16E-05  2.598859E-05  8.32E-06  6.712386E-06  1.16E-05  2.598859E-05  8.32E-06  5.512128E-04  4.62E-04  9.279195E-04  2.21E-04
   3.251E-05  6.501E-04  0.000000E+00  0.00E+00  0.000000E+00  0.00E+00  0.000000E+00  0.00E+00  0.000000E+00  0.00E+00  8.949848E-06  1.34E-05  2.588707E-05  8.29E-06  8.949848E-06  1.34E-05  2.588707E-05  8.29E-06  8.054864E-04  5.70E-04  8.846363E-04  2.17E-04
   3.271E-05  6.541E-04  0.000000E+00  0.00E+00  0.000000E+00  0.00E+00  0.000000E+00  0.00E+00  0.000000E+00  0.00E+00  8.949848E-06  1.34E-05  2.201785E-05  7.64E-06  8.949848E-06  1.34E-05  2.201785E-05  7.64E-06  7.607371E-04  5.54E-04  7.616612E-04  2.01E-04
   3.291E-05  6.581E-04  0.000000E+00  0.00E+00  0.000000E+00  0.00E+00  0.000000E+00  0.00E+00  0.000000E+00  0.00E+00  2.237462E-06  6.71E-06  2.370212E-05  7.92E-06  2.237462E-06  6.71E-06  2.370212E-05  7.92E-06  8.197082E-04  5.67E-04  9.633582E-04  2.24E-04
   3.311E-05  6.621E-04  0.000000E+00  0.00E+00  0.000000E+00  0.00E+00  0.000000E+00  0.00E+00  0.000000E+00  0.00E+00  8.186665E-06  1.24E-05  2.519029E-05  8.17E-06  8.186665E-06  1.24E-05  2.519029E-05  8.17E-06  7.149461E-04  5.25E-04  8.029140E-04  2.05E-04
   3.331E-05  6.661E-04  0.000000E+00  0.00E+00  0.000000E+00  0.00E+00  0.000000E+00  0.00E+00  0.000000E+00  0.00E+00  1.042413E-05  1.41E-05  3.044614E-05  8.98E-06  1.042413E-05  1.41E-05  3.044614E-05  8.98E-06  5.959620E-04  4.82E-04  8.704235E-04  2.14E-04
   3.350E-05  6.701E-04  0.000000E+00  0.00E+00  0.000000E+00  0.00E+00  0.000000E+00  0.00E+00  0.000000E+00  0.00E+00  1.342477E-05  1.64E-05  2.420280E-05  8.03E-06  1.342477E-05  1.64E-05  2.420280E-05  8.03E-06  8.491938E-04  5.74E-04  9.038318E-04  2.17E-04
   3.370E-05  6.741E-04  0.000000E+00  0.00E+00  0.000000E+00  0.00E+00  0.000000E+00  0.00E+00  0.000000E+00  0.00E+00  4.474924E-06  9.49E-06  2.508877E-05  8.14E-06  4.474924E-06  9.49E-06  2.508877E-05  8.14E-06  5.217272E-04  4.54E-04  9.517301E-04  2.23E-04
   3.390E-05  6.781E-04  0.000000E+00  0.00E+00  0.000000E+00  0.00E+00  0.000000E+00  0.00E+00  0.000000E+00  0.00E+00  8.949848E-06  1.34E-05  2.578555E-05  8.27E-06  8.949848E-06  1.34E-05  2.578555E-05  8.27E-06  7.444316E-04  5.33E-04  9.713412E-04  2.25E-04
   3.410E-05  6.821E-04  0.000000E+00  0.00E+00  0.000000E+00  0.00E+00  0.000000E+00  0.00E+00  0.000000E+00  0.00E+00  1.118731E-05  1.50E-05  2.489265E-05  8.12E-06  1.118731E-05  1.50E-05  2.489265E-05  8.12E-06  7.596953E-04  5.42E-04  9.736488E-04  2.26E-04
   3.430E-05  6.860E-04  0.000000E+00  0.00E+00  0.000000E+00  0.00E+00  0.000000E+00  0.00E+00  0.000000E+00  0.00E+00  1.118731E-05  1.50E-05  2.499417E-05  8.15E-06  1.118731E-05  1.50E-05  2.499417E-05  8.15E-06  5.206854E-04  4.40E-04  8.682545E-04  2.13E-04
   3.450E-05  6.900E-04  0.000000E+00  0.00E+00  0.000000E+00  0.00E+00  0.000000E+00  0.00E+00  0.000000E+00  0.00E+00  3.711740E-06  8.04E-06  2.696915E-05  8.43E-06  3.711740E-06  8.04E-06  2.696915E-05  8.43E-06  6.112257E-04  4.92E-04  8.211877E-04  2.09E-04
   3.470E-05  6.940E-04  0.000000E+00  0.00E+00  0.000000E+00  0.00E+00  0.000000E+00  0.00E+00  0.000000E+00  0.00E+00  4.474924E-06  9.49E-06  1.983291E-05  7.24E-06  4.474924E-06  9.49E-06  1.983291E-05  7.24E-06  8.197082E-04  5.67E-04  8.585182E-04  2.12E-04
   3.490E-05  6.980E-04  0.000000E+00  0.00E+00  0.000000E+00  0.00E+00  0.000000E+00  0.00E+00  0.000000E+00  0.00E+00  1.342477E-05  1.64E-05  2.420280E-05  8.03E-06  1.342477E-05  1.64E-05  2.420280E-05  8.03E-06  6.407113E-04  5.00E-04  9.161528E-04  2.20E-04
   3.510E-05  7.020E-04  0.000000E+00  0.00E+00  0.000000E+00  0.00E+00  0.000000E+00  0.00E+00  0.000000E+00  0.00E+00  8.186665E-06  1.24E-05  1.923764E-05  7.13E-06  8.186665E-06  1.24E-05  1.923764E-05  7.13E-06  4.922417E-04  4.45E-04  8.802983E-04  2.15E-04
   3.530E-05  7.060E-04  0.000000E+00  0.00E+00  0.000000E+00  0.00E+00  0.000000E+00  0.00E+00  0.000000E+00  0.00E+00  8.186665E-06  1.24E-05  2.003595E-05  7.30E-06  8.186665E-06  1.24E-05  2.003595E-05  7.30E-06  6.712386E-04  5.20E-04  8.387684E-04  2.10E-04
   3.550E-05  7.100E-04  0.000000E+00  0.00E+00  0.000000E+00  0.00E+00  0.000000E+00  0.00E+00  0.000000E+00  0.00E+00  1.342477E-05  1.64E-05  2.381057E-05  7.99E-06  1.342477E-05  1.64E-05  2.381057E-05  7.99E-06  4.322287E-04  4.12E-04  7.674753E-04  2.01E-04
   3.570E-05  7.140E-04  0.000000E+00  0.00E+00  0.000000E+00  0.00E+00  0.000000E+00  0.00E+00  0.000000E+00  0.00E+00  6.712386E-06  1.16E-05  2.122648E-05  7.52E-06  6.712386E-06  1.16E-05  2.122648E-05  7.52E-06  4.474924E-04  4.25E-04  8.169883E-04  2.07E-04
   3.590E-05  7.180E-04  0.000000E+00  0.00E+00  0.000000E+00  0.00E+00  0.000000E+00  0.00E+00  0.000000E+00  0.00E+00  6.712386E-06  1.16E-05  1.794559E-05  6.87E-06  6.712386E-06  1.16E-05  1.794559E-05  6.87E-06  7.302098E-04  5.35E-04  8.108970E-04  2.06E-04
   3.610E-05  7.219E-04  0.000000E+00  0.00E+00  0.000000E+00  0.00E+00  0.000000E+00  0.00E+00  0.000000E+00  0.00E+00  2.237462E-06  6.71E-06  1.914305E-05  7.14E-06  2.237462E-06  6.71E-06  1.914305E-05  7.14E-06  7.902227E-04  5.61E-04  8.287550E-04  2.08E-04
   3.630E-05  7.259E-04  0.000000E+00  0.00E+00  0.000000E+00  0.00E+00  0.000000E+00  0.00E+00  0.000000E+00  0.00E+00  1.118731E-05  1.50E-05  2.301227E-05  7.83E-06  1.118731E-05  1.50E-05  2.301227E-05  7.83E-06  4.769780E-04  4.34E-04  7.952081E-04  2.05E-04
   3.650E-05  7.299E-04  0.000000E+00  0.00E+00  0.000000E+00  0.00E+00  0.000000E+00  0.00E+00  0.000000E+00  0.00E+00  2.237462E-06  6.71E-06  2.192326E-05  7.65E-06  2.237462E-06  6.71E-06  2.192326E-05  7.65E-06  8.786794E-04  5.81E-04  8.467515E-04  2.11E-04
   3.670E-05  7.339E-04  0.000000E+00  0.00E+00  0.000000E+00  0.00E+00  0.000000E+00  0.00E+00  0.000000E+00  0.00E+00  1.118731E-05  1.50E-05  2.122648E-05  7.52E-06  1.118731E-05  1.50E-05  2.122648E-05  7.52E-06  8.339301E-04  5.65E-04  8.784065E-04  2.15E-04
   3.689E-05  7.379E-04  0.000000E+00  0.00E+00  0.000000E+00  0.00E+00  0.000000E+00  0.00E+00  0.000000E+00  0.00E+00  4.474924E-06  9.49E-06  2.161870E-05  7.56E-06  4.474924E-06  9.49E-06  2.161870E-05  7.56E-06  7.454734E-04  5.44E-04  7.295904E-04  1.95E-04
   3.709E-05  7.419E-04  0.000000E+00  0.00E+00  0.000000E+00  0.00E+00  0.000000E+00  0.00E+00  0.000000E+00  0.00E+00  2.237462E-06  6.71E-06  2.152411E-05  7.57E-06  2.237462E-06  6.71E-06  2.152411E-05  7.57E-06  5.217272E-04  4.54E-04  8.587953E-04  2.13E-04
   3.729E-05  7.459E-04  0.000000E+00  0.00E+00  0.000000E+00  0.00E+00  0.000000E+00  0.00E+00  0.000000E+00  0.00E+00  8.949848E-06  1.34E-05  2.360060E-05  7.89E-06  8.949848E-06  1.34E-05  2.360060E-05  7.89E-06  4.922417E-04  4.45E-04  7.394653E-04  1.96E-04
   3.749E-05  7.499E-04  0.000000E+00  0.00E+00  0.000000E+00  0.00E+00  0.000000E+00  0.00E+00  0.000000E+00  0.00E+00  3.711740E-06  8.04E-06  1.635591E-05  6.54E-06  3.711740E-06  8.04E-06  1.635591E-05  6.54E-06  7.902227E-04  5.61E-04  9.277809E-04  2.20E-04
   3.769E-05  7.539E-04  0.000000E+00  0.00E+00  0.000000E+00  0.00E+00  0.000000E+00  0.00E+00  0.000000E+00  0.00E+00  2.237462E-06  6.71E-06  2.053662E-05  7.42E-06  2.237462E-06  6.71E-06  2.053662E-05  7.42E-06  7.454734E-04  5.44E-04  8.248327E-04  2.08E-04
   3.789E-05  7.578E-04  0.000000E+00  0.00E+00  0.000000E+00  0.00E+00  0.000000E+00  0.00E+00  0.000000E+00  0.00E+00  4.474924E-06  9.49E-06  1.844627E-05  6.99E-06  4.474924E-06  9.49E-06  1.844627E-05  6.99E-06  3.427303E-04  3.66E-04  7.179623E-04  1.95E-04
   3.809E-05  7.618E-04  0.000000E+00  0.00E+00  0.000000E+00  0.00E+00  0.000000E+00  0.00E+00  0.000000E+00  0.00E+00  1.566223E-05  1.78E-05  2.201785E-05  7.64E-06  1.566223E-05  1.78E-05  2.201785E-05  7.64E-06  4.911999E-04  4.31E-04  8.802983E-04  2.15E-04
   3.829E-05  7.658E-04  0.000000E+00  0.00E+00  0.000000E+00  0.00E+00  0.000000E+00  0.00E+00  0.000000E+00  0.00E+00  1.474278E-06  4.42E-06  1.695811E-05  6.70E-06  1.474278E-06  4.42E-06  1.695811E-05  6.70E-06  1.102426E-03  6.54E-04  8.405217E-04  2.09E-04
   3.849E-05  7.698E-04  0.000000E+00  0.00E+00  0.000000E+00  0.00E+00  0.000000E+00  0.00E+00  0.000000E+00  0.00E+00  4.474924E-06  9.49E-06  1.735726E-05  6.79E-06  4.474924E-06  9.49E-06  1.735726E-05  6.79E-06  4.169651E-04  4.00E-04  7.414957E-04  1.97E-04
   3.869E-05  7.738E-04  0.000000E+00  0.00E+00  0.000000E+00  0.00E+00  0.000000E+00  0.00E+00  0.000000E+00  0.00E+00  2.237462E-06  6.71E-06  1.666740E-05  6.68E-06  2.237462E-06  6.71E-06  1.666740E-05  6.68E-06  8.949848E-04  6.00E-04  8.110356E-04  2.07E-04
   3.889E-05  7.778E-04  0.000000E+00  0.00E+00  0.000000E+00  0.00E+00  0.000000E+00  0.00E+00  0.000000E+00  0.00E+00  4.474924E-06  9.49E-06  1.586910E-05  6.49E-06  4.474924E-06  9.49E-06  1.586910E-05  6.49E-06  6.407113E-04  5.00E-04  6.841383E-04  1.90E-04
   3.909E-05  7.818E-04  0.000000E+00  0.00E+00  0.000000E+00  0.00E+00  0.000000E+00  0.00E+00  0.000000E+00  0.00E+00  2.237462E-06  6.71E-06  1.418482E-05  6.15E-06  2.237462E-06  6.71E-06  1.418482E-05  6.15E-06  3.427303E-04  3.66E-04  8.288935E-04  2.09E-04
   3.929E-05  7.858E-04  0.000000E+00  0.00E+00  0.000000E+00  0.00E+00  0.000000E+00  0.00E+00  0.000000E+00  0.00E+00  4.474924E-06  9.49E-06  1.825015E-05  6.97E-06  4.474924E-06  9.49E-06  1.825015E-05  6.97E-06  5.817401E-04  4.84E-04  8.129274E-04  2.06E-04
   3.949E-05  7.898E-04  0.000000E+00  0.00E+00  0.000000E+00  0.00E+00  0.000000E+00  0.00E+00  0.000000E+00  0.00E+00  2.237462E-06  6.71E-06  1.914305E-05  7.14E-06  2.237462E-06  6.71E-06  1.914305E-05  7.14E-06  7.007242E-04  5.27E-04  8.623018E-04  2.12E-04
   3.969E-05  7.937E-04  0.000000E+00  0.00E+00  0.000000E+00  0.00E+00  0.000000E+00  0.00E+00  0.000000E+00  0.00E+00  4.474924E-06  9.49E-06  1.973832E-05  7.25E-06  4.474924E-06  9.49E-06  1.973832E-05  7.25E-06  4.474924E-04  4.25E-04  9.083083E-04  2.19E-04
   3.989E-05  7.977E-04  0.000000E+00  0.00E+00  0.000000E+00  0.00E+00  0.000000E+00  0.00E+00  0.000000E+00  0.00E+00  4.474924E-06  9.49E-06  1.923764E-05  7.13E-06  4.474924E-06  9.49E-06  1.923764E-05  7.13E-06  7.607371E-04  5.54E-04  8.011607E-04  2.05E-04
   4.009E-05  8.017E-04  0.000000E+00  0.00E+00  0.000000E+00  0.00E+00  0.000000E+00  0.00E+00  0.000000E+00  0.00E+00  1.342477E-05  1.64E-05  2.013747E-05  7.33E-06  1.342477E-05  1.64E-05  2.013747E-05  7.33E-06  3.579939E-04  3.80E-04  7.654449E-04  2.01E-04
   4.029E-05  8.057E-04  0.000000E+00  0.00E+00  0.000000E+00  0.00E+00  0.000000E+00  0.00E+00  0.000000E+00  0.00E+00  6.712386E-06  1.16E-05  1.656588E-05  6.65E-06  6.712386E-06  1.16E-05  1.656588E-05  6.65E-06  4.769780E-04  4.34E-04  7.178237E-04  1.94E-04
   4.048E-05  8.097E-04  0.000000E+00  0.00E+00  0.000000E+00  0.00E+00  0.000000E+00  0.00E+00  0.000000E+00  0.00E+00  6.712386E-06  1.16E-05  1.299430E-05  5.88E-06  6.712386E-06  1.16E-05  1.299430E-05  5.88E-06  3.427303E-04  3.66E-04  7.869479E-04  2.02E-04
   4.068E-05  8.137E-04  0.000000E+00  0.00E+00  0.000000E+00  0.00E+00  0.000000E+00  0.00E+00  0.000000E+00  0.00E+00  2.237462E-06  6.71E-06  1.526690E-05  6.32E-06  2.237462E-06  6.71E-06  1.526690E-05  6.32E-06  5.217272E-04  4.54E-04  6.938746E-04  1.90E-04
   4.088E-05  8.177E-04  0.000000E+00  0.00E+00  0.000000E+00  0.00E+00  0.000000E+00  0.00E+00  0.000000E+00  0.00E+00  0.000000E+00  0.00E+00  1.428634E-05  6.19E-06  0.000000E+00  0.00E+00  1.428634E-05  6.19E-06  7.007242E-04  5.27E-04  6.407165E-04  1.84E-04
   4.108E-05  8.217E-04  0.000000E+00  0.00E+00  0.000000E+00  0.00E+00  0.000000E+00  0.00E+00  0.000000E+00  0.00E+00  4.474924E-06  9.49E-06  1.616673E-05  6.55E-06  4.474924E-06  9.49E-06  1.616673E-05  6.55E-06  5.959620E-04  4.82E-04  7.972385E-04  2.05E-04
   4.128E-05  8.256E-04  0.000000E+00  0.00E+00  0.000000E+00  0.00E+00  0.000000E+00  0.00E+00  0.000000E+00  0.00E+00  2.237462E-06  6.71E-06  1.537535E-05  6.40E-06  2.237462E-06  6.71E-06  1.537535E-05  6.40E-06  6.854605E-04  5.18E-04  7.833028E-04  2.03E-04
   4.148E-05  8.296E-04  0.000000E+00  0.00E+00  0.000000E+00  0.00E+00  0.000000E+00  0.00E+00  0.000000E+00  0.00E+00  1.266159E-05  1.56E-05  1.418482E-05  6.15E-06  1.266159E-05  1.56E-05  1.418482E-05  6.15E-06  7.159879E-04  5.37E-04  7.419115E-04  1.99E-04
   4.168E-05  8.336E-04  0.000000E+00  0.00E+00  0.000000E+00  0.00E+00  0.000000E+00  0.00E+00  0.000000E+00  0.00E+00  6.712386E-06  1.16E-05  1.607214E-05  6.56E-06  6.712386E-06  1.16E-05  1.607214E-05  6.56E-06  5.369909E-04  4.65E-04  8.863896E-04  2.16E-04
   4.188E-05  8.376E-04  0.000000E+00  0.00E+00  0.000000E+00  0.00E+00  0.000000E+00  0.00E+00  0.000000E+00  0.00E+00  0.000000E+00  0.00E+00  1.219599E-05  5.67E-06  0.000000E+00  0.00E+00  1.219599E-05  5.67E-06  4.617143E-04  4.22E-04  6.896752E-04  1.89E-04
   4.208E-05  8.416E-04  0.000000E+00  0.00E+00  0.000000E+00  0.00E+00  0.000000E+00  0.00E+00  0.000000E+00  0.00E+00  0.000000E+00  0.00E+00  1.576758E-05  6.46E-06  0.000000E+00  0.00E+00  1.576758E-05  6.46E-06  2.237462E-04  3.00E-04  7.712589E-04  2.01E-04
   4.228E-05  8.456E-04  0.000000E+00  0.00E+00  0.000000E+00  0.00E+00  0.000000E+00  0.00E+00  0.000000E+00  0.00E+00  2.237462E-06  6.71E-06  1.686351E-05  6.71E-06  2.237462E-06  6.71E-06  1.686351E-05  6.71E-06  6.559750E-04  5.10E-04  8.785451E-04  2.15E-04
   4.248E-05  8.496E-04  0.000000E+00  0.00E+00  0.000000E+00  0.00E+00  0.000000E+00  0.00E+00  0.000000E+00  0.00E+00  0.000000E+00  0.00E+00  1.467857E-05  6.24E-06  0.000000E+00  0.00E+00  1.467857E-05  6.24E-06  6.559750E-04  5.10E-04  7.751812E-04  2.01E-04
   4.268E-05  8.536E-04  0.000000E+00  0.00E+00  0.000000E+00  0.00E+00  0.000000E+00  0.00E+00  0.000000E+00  0.00E+00  8.949848E-06  1.34E-05  1.815556E-05  6.97E-06  8.949848E-06  1.34E-05  1.815556E-05  6.97E-06  3.427303E-04  3.66E-04  7.613841E-04  2.00E-04
   4.288E-05  8.576E-04  0.000000E+00  0.00E+00  0.000000E+00  0.00E+00  0.000000E+00  0.00E+00  0.000000E+00  0.00E+00  4.474924E-06  9.49E-06  1.328500E-05  5.90E-06  4.474924E-06  9.49E-06  1.328500E-05  5.90E-06  4.474924E-04  4.25E-04  6.642499E-04  1.87E-04
   4.308E-05  8.615E-04  0.000000E+00  0.00E+00  0.000000E+00  0.00E+00  0.000000E+00  0.00E+00  0.000000E+00  0.00E+00  5.949202E-06  1.05E-05  1.527383E-05  6.37E-06  5.949202E-06  1.05E-05  1.527383E-05  6.37E-06  7.607371E-04  5.54E-04  7.394653E-04  1.96E-04
   4.328E-05  8.655E-04  0.000000E+00  0.00E+00  0.000000E+00  0.00E+00  0.000000E+00  0.00E+00  0.000000E+00  0.00E+00  6.712386E-06  1.16E-05  1.448246E-05  6.21E-06  6.712386E-06  1.16E-05  1.448246E-05  6.21E-06  4.464506E-04  4.09E-04  7.336512E-04  1.96E-04
   4.348E-05  8.695E-04  0.000000E+00  0.00E+00  0.000000E+00  0.00E+00  0.000000E+00  0.00E+00  0.000000E+00  0.00E+00  3.711740E-06  8.04E-06  1.427942E-05  6.14E-06  3.711740E-06  8.04E-06  1.427942E-05  6.14E-06  6.712386E-04  5.20E-04  8.069748E-04  2.06E-04
   4.368E-05  8.735E-04  0.000000E+00  0.00E+00  0.000000E+00  0.00E+00  0.000000E+00  0.00E+00  0.000000E+00  0.00E+00  0.000000E+00  0.00E+00  1.537535E-05  6.40E-06  0.000000E+00  0.00E+00  1.537535E-05  6.40E-06  3.722158E-04  3.77E-04  6.839997E-04  1.89E-04
   4.388E-05  8.775E-04  0.000000E+00  0.00E+00  0.000000E+00  0.00E+00  0.000000E+00  0.00E+00  0.000000E+00  0.00E+00  2.237462E-06  6.71E-06  1.457705E-05  6.21E-06  2.237462E-06  6.71E-06  1.457705E-05  6.21E-06  5.664765E-04  4.73E-04  7.970999E-04  2.05E-04
   4.407E-05  8.815E-04  0.000000E+00  0.00E+00  0.000000E+00  0.00E+00  0.000000E+00  0.00E+00  0.000000E+00  0.00E+00  6.712386E-06  1.16E-05  1.140461E-05  5.49E-06  6.712386E-06  1.16E-05  1.140461E-05  5.49E-06  5.369909E-04  4.65E-04  8.389070E-04  2.10E-04
   4.427E-05  8.855E-04  0.000000E+00  0.00E+00  0.000000E+00  0.00E+00  0.000000E+00  0.00E+00  0.000000E+00  0.00E+00  2.237462E-06  6.71E-06  1.268973E-05  5.77E-06  2.237462E-06  6.71E-06  1.268973E-05  5.77E-06  6.854605E-04  5.18E-04  8.389070E-04  2.10E-04
   4.447E-05  8.895E-04  0.000000E+00  0.00E+00  0.000000E+00  0.00E+00  0.000000E+00  0.00E+00  0.000000E+00  0.00E+00  2.237462E-06  6.71E-06  1.319041E-05  5.91E-06  2.237462E-06  6.71E-06  1.319041E-05  5.91E-06  4.617143E-04  4.22E-04  7.099793E-04  1.94E-04
   4.467E-05  8.935E-04  0.000000E+00  0.00E+00  0.000000E+00  0.00E+00  0.000000E+00  0.00E+00  0.000000E+00  0.00E+00  4.474924E-06  9.49E-06  1.130309E-05  5.45E-06  4.474924E-06  9.49E-06  1.130309E-05  5.45E-06  7.302098E-04  5.35E-04  7.356817E-04  1.97E-04
   4.487E-05  8.974E-04  0.000000E+00  0.00E+00  0.000000E+00  0.00E+00  0.000000E+00  0.00E+00  0.000000E+00  0.00E+00  0.000000E+00  0.00E+00  1.180377E-05  5.61E-06  0.000000E+00  0.00E+00  1.180377E-05  5.61E-06  6.559750E-04  5.10E-04  7.613841E-04  2.00E-04
   4.507E-05  9.014E-04  0.000000E+00  0.00E+00  0.000000E+00  0.00E+00  0.000000E+00  0.00E+00  0.000000E+00  0.00E+00  0.000000E+00  0.00E+00  1.051172E-05  5.27E-06  0.000000E+00  0.00E+00  1.051172E-05  5.27E-06  6.559750E-04  5.10E-04  6.900909E-04  1.91E-04
   4.527E-05  9.054E-04  0.000000E+00  0.00E+00  0.000000E+00  0.00E+00  0.000000E+00  0.00E+00  0.000000E+00  0.00E+00  2.237462E-06  6.71E-06  1.487468E-05  6.27E-06  2.237462E-06  6.71E-06  1.487468E-05  6.27E-06  6.264894E-04  5.02E-04  6.166288E-04  1.80E-04
   4.547E-05  9.094E-04  0.000000E+00  0.00E+00  0.000000E+00  0.00E+00  0.000000E+00  0.00E+00  0.000000E+00  0.00E+00  0.000000E+00  0.00E+00  1.448246E-05  6.21E-06  0.000000E+00  0.00E+00  1.448246E-05  6.21E-06  5.369909E-04  4.65E-04  7.431104E-04  1.96E-04
   4.567E-05  9.134E-04  0.000000E+00  0.00E+00  0.000000E+00  0.00E+00  0.000000E+00  0.00E+00  0.000000E+00  0.00E+00  4.474924E-06  9.49E-06  1.239903E-05  5.75E-06  4.474924E-06  9.49E-06  1.239903E-05  5.75E-06  7.749590E-04  5.51E-04  7.814110E-04  2.03E-04
   4.587E-05  9.174E-04  0.000000E+00  0.00E+00  0.000000E+00  0.00E+00  0.000000E+00  0.00E+00  0.000000E+00  0.00E+00  0.000000E+00  0.00E+00  1.517924E-05  6.38E-06  0.000000E+00  0.00E+00  1.517924E-05  6.38E-06  7.007242E-04  5.27E-04  7.156547E-04  1.93E-04
   4.607E-05  9.214E-04  0.000000E+00  0.00E+00  0.000000E+00  0.00E+00  0.000000E+00  0.00E+00  0.000000E+00  0.00E+00  0.000000E+00  0.00E+00  1.011949E-05  5.21E-06  0.000000E+00  0.00E+00  1.011949E-05  5.21E-06  4.027432E-04  4.03E-04  7.179623E-04  1.95E-04
   4.627E-05  9.254E-04  0.000000E+00  0.00E+00  0.000000E+00  0.00E+00  0.000000E+00  0.00E+00  0.000000E+00  0.00E+00  2.237462E-06  6.71E-06  1.160766E-05  5.58E-06  2.237462E-06  6.71E-06  1.160766E-05  5.58E-06  3.874795E-04  3.90E-04  7.021348E-04  1.93E-04
   4.647E-05  9.294E-04  0.000000E+00  0.00E+00  0.000000E+00  0.00E+00  0.000000E+00  0.00E+00  0.000000E+00  0.00E+00  0.000000E+00  0.00E+00  1.268973E-05  5.77E-06  0.000000E+00  0.00E+00  1.268973E-05  5.77E-06  4.027432E-04  4.03E-04  7.259454E-04  1.96E-04
   4.667E-05  9.333E-04  0.000000E+00  0.00E+00  0.000000E+00  0.00E+00  0.000000E+00  0.00E+00  0.000000E+00  0.00E+00  2.237462E-06  6.71E-06  1.299430E-05  5.88E-06  2.237462E-06  6.71E-06  1.299430E-05  5.88E-06  5.217272E-04  4.54E-04  6.482838E-04  1.84E-04
   4.687E-05  9.373E-04  0.000000E+00  0.00E+00  0.000000E+00  0.00E+00  0.000000E+00  0.00E+00  0.000000E+00  0.00E+00  0.000000E+00  0.00E+00  1.041713E-05  5.28E-06  0.000000E+00  0.00E+00  1.041713E-05  5.28E-06  3.722158E-04  3.77E-04  8.486433E-04  2.11E-04
   4.707E-05  9.413E-04  0.000000E+00  0.00E+00  0.000000E+00  0.00E+00  0.000000E+00  0.00E+00  0.000000E+00  0.00E+00  2.237462E-06  6.71E-06  1.170225E-05  5.57E-06  2.237462E-06  6.71E-06  1.170225E-05  5.57E-06  4.027432E-04  4.03E-04  6.941517E-04  1.92E-04
   4.727E-05  9.453E-04  0.000000E+00  0.00E+00  0.000000E+00  0.00E+00  0.000000E+00  0.00E+00  0.000000E+00  0.00E+00  2.237462E-06  6.71E-06  1.250055E-05  5.79E-06  2.237462E-06  6.71E-06  1.250055E-05  5.79E-06  4.922417E-04  4.45E-04  7.397425E-04  1.98E-04
   4.746E-05  9.493E-04  0.000000E+00  0.00E+00  0.000000E+00  0.00E+00  0.000000E+00  0.00E+00  0.000000E+00  0.00E+00  0.000000E+00  0.00E+00  1.110698E-05  5.42E-06  0.000000E+00  0.00E+00  1.110698E-05  5.42E-06  1.789970E-04  2.68E-04  6.643885E-04  1.87E-04
   4.766E-05  9.533E-04  0.000000E+00  0.00E+00  0.000000E+00  0.00E+00  0.000000E+00  0.00E+00  0.000000E+00  0.00E+00  0.000000E+00  0.00E+00  1.309582E-05  5.92E-06  0.000000E+00  0.00E+00  1.309582E-05  5.92E-06  5.064635E-04  4.43E-04  7.833028E-04  2.03E-04
   4.786E-05  9.573E-04  0.000000E+00  0.00E+00  0.000000E+00  0.00E+00  0.000000E+00  0.00E+00  0.000000E+00  0.00E+00  2.237462E-06  6.71E-06  1.120850E-05  5.46E-06  2.237462E-06  6.71E-06  1.120850E-05  5.46E-06  6.559750E-04  5.10E-04  7.930391E-04  2.04E-04
   4.806E-05  9.613E-04  0.000000E+00  0.00E+00  0.000000E+00  0.00E+00  0.000000E+00  0.00E+00  0.000000E+00  0.00E+00  2.237462E-06  6.71E-06  1.160766E-05  5.58E-06  2.237462E-06  6.71E-06  1.160766E-05  5.58E-06  6.264894E-04  5.02E-04  6.802160E-04  1.89E-04
   4.826E-05  9.653E-04  0.000000E+00  0.00E+00  0.000000E+00  0.00E+00  0.000000E+00  0.00E+00  0.000000E+00  0.00E+00  1.474278E-06  4.42E-06  8.232181E-06  4.68E-06  1.474278E-06  4.42E-06  8.232181E-06  4.68E-06  3.722158E-04  3.77E-04  8.108970E-04  2.06E-04
   4.846E-05  9.692E-04  0.000000E+00  0.00E+00  0.000000E+00  0.00E+00  0.000000E+00  0.00E+00  0.000000E+00  0.00E+00  0.000000E+00  0.00E+00  1.041020E-05  5.23E-06  0.000000E+00  0.00E+00  1.041020E-05  5.23E-06  3.427303E-04  3.66E-04  6.899523E-04  1.90E-04
   4.866E-05  9.732E-04  0.000000E+00  0.00E+00  0.000000E+00  0.00E+00  0.000000E+00  0.00E+00  0.000000E+00  0.00E+00  2.237462E-06  6.71E-06  1.180377E-05  5.61E-06  2.237462E-06  6.71E-06  1.180377E-05  5.61E-06  3.874795E-04  3.90E-04  6.048621E-04  1.79E-04
   4.886E-05  9.772E-04  0.000000E+00  0.00E+00  0.000000E+00  0.00E+00  0.000000E+00  0.00E+00  0.000000E+00  0.00E+00  4.474924E-06  9.49E-06  1.210140E-05  5.68E-06  4.474924E-06  9.49E-06  1.210140E-05  5.68E-06  3.132447E-04  3.55E-04  7.021348E-04  1.93E-04
   4.906E-05  9.812E-04  0.000000E+00  0.00E+00  0.000000E+00  0.00E+00  0.000000E+00  0.00E+00  0.000000E+00  0.00E+00  2.237462E-06  6.71E-06  1.269666E-05  5.82E-06  2.237462E-06  6.71E-06  1.269666E-05  5.82E-06  6.264894E-04  5.02E-04  6.661418E-04  1.87E-04
   4.926E-05  9.852E-04  0.000000E+00  0.00E+00  0.000000E+00  0.00E+00  0.000000E+00  0.00E+00  0.000000E+00  0.00E+00  2.237462E-06  6.71E-06  1.180377E-05  5.61E-06  2.237462E-06  6.71E-06  1.180377E-05  5.61E-06  3.579939E-04  3.80E-04  6.919827E-04  1.90E-04
   4.946E-05  9.892E-04  0.000000E+00  0.00E+00  0.000000E+00  0.00E+00  0.000000E+00  0.00E+00  0.000000E+00  0.00E+00  0.000000E+00  0.00E+00  9.814933E-06  5.07E-06  0.000000E+00  0.00E+00  9.814933E-06  5.07E-06  4.322287E-04  4.12E-04  8.108970E-04  2.06E-04
